	Astro	Endo	L2.3.IT	L4	L5.IT	L5.PT	L6.CT	L6.IT	L6b	Lamp5	Macrophage	NP	Oligo	Pvalb	Sncg	Sst	VLMC	Vip
priorregion1_spot_1	3.146609e-08	1.1521467e-08	4.9276304e-07	0.0949984	4.0443015e-07	0.6196417	1.5998081e-07	2.602424e-07	1.0766502e-07	7.580295e-08	2.7263132e-08	1.9918775e-07	0.28535792	7.406458e-08	2.52258e-08	8.4512834e-08	1.07421634e-07	6.669856e-08
priorregion1_spot_2	2.1965306e-08	0.00081320154	0.03645087	8.744685e-06	0.043333035	0.8367177	0.07133901	9.313661e-06	7.165973e-06	1.9541541e-07	1.782081e-08	5.6053304e-06	2.3083192e-08	3.0827343e-06	1.7784679e-07	0.011311336	9.8790105e-09	3.981497e-07
priorregion1_spot_3	1.2525188e-08	1.602737e-08	0.00016947369	0.008184657	2.2259849e-06	0.89772063	0.08871431	7.4325926e-06	0.0052002287	8.159502e-08	9.239612e-09	4.4045822e-07	8.438258e-09	1.4240699e-07	8.001531e-08	1.5173845e-07	6.9910944e-09	6.2262075e-08
priorregion1_spot_4	0.007999996	2.7406289e-08	0.071450435	0.020571517	2.5172807e-05	0.56264234	0.033120874	1.6746899e-05	1.0897621e-06	3.5433382e-07	6.24154e-08	3.9328334e-06	0.29844126	0.005724364	1.4204483e-07	1.2924494e-06	6.174958e-08	2.7585332e-07
priorregion1_spot_5	4.762818e-09	5.5444205e-09	0.006661911	7.925149e-07	1.3299495e-05	0.73144335	0.05721808	1.1049656e-05	0.0065913536	5.766891e-08	7.910674e-09	1.1770242e-07	0.1897922	0.008267357	4.713799e-08	3.0203043e-07	7.466399e-09	3.7608586e-08
priorregion1_spot_6	0.034262888	1.3085961e-08	0.048943862	1.2669724e-06	2.6086693e-07	0.6336827	0.0002808542	1.1799327e-06	3.7596593e-07	0.005222282	2.7786536e-08	3.9282622e-07	0.21854056	4.4790693e-07	1.3400336e-06	0.05906095	1.7379708e-07	3.0280034e-07
priorregion1_spot_7	3.4154937e-08	2.0499233e-08	8.92971e-07	1.1838496e-06	1.918221e-06	0.50938106	3.793366e-07	7.955964e-07	1.8149284e-07	7.478054e-08	3.659752e-08	2.525698e-07	0.49061266	9.3465616e-08	5.3856187e-08	9.680514e-08	1.3931115e-07	7.722409e-08
priorregion1_spot_8	9.623992e-07	0.0005346973	2.4645387e-06	0.07404741	3.822783e-07	0.24547365	2.4166812e-07	5.6073134e-07	1.4523629e-07	1.2571087e-06	0.0016891236	2.1676499e-06	0.67819333	5.0271137e-05	1.9345514e-07	1.006903e-06	3.8619055e-07	1.8148153e-06
priorregion1_spot_9	1.0238324e-08	1.608531e-08	3.0158506e-06	2.9943425e-07	3.1147314e-07	0.7809491	6.1132715e-07	3.892943e-07	2.3727844e-07	7.9248856e-08	2.0584721e-08	1.7648898e-07	0.21904466	7.13663e-07	5.382961e-08	1.2715938e-07	2.7851193e-08	5.2937377e-08
priorregion1_spot_10	1.0923416e-08	1.7631026e-08	1.0176025e-05	6.8241326e-07	2.3297132e-06	0.68253547	4.446205e-05	0.012788904	0.0032407294	1.050284e-07	5.980231e-08	6.9266594e-07	0.30137593	1.5603304e-07	6.619969e-08	1.284964e-07	6.410662e-08	6.484163e-08
priorregion1_spot_11	9.3994494e-08	1.962411e-08	3.8259824e-07	0.13574038	1.6552441e-07	0.3587338	6.8727064e-07	1.3430208e-07	7.231127e-08	1.6440664e-07	4.8973575e-08	2.0344092e-05	0.50550324	1.1632816e-07	5.0697338e-08	7.0333385e-08	1.05126205e-07	7.4669316e-08
priorregion1_spot_12	6.6839627e-09	1.12761676e-08	6.7756383e-07	3.7464736e-07	2.6040982e-07	0.67388326	3.887766e-06	2.7768922e-06	2.7812143e-07	6.401984e-08	1.889531e-08	2.5293605e-07	0.32610726	2.1445592e-07	5.3121237e-08	3.5194793e-07	5.213017e-08	7.8556944e-08
priorregion1_spot_13	0.031589996	3.9337237e-08	0.06544803	5.173624e-06	4.1372596e-06	0.5530119	0.041550074	0.043992955	0.000917449	4.4664498e-07	2.128206e-05	0.0019648185	0.2244575	2.3365494e-07	2.8317962e-07	0.006037932	1.816018e-07	0.030997427
priorregion1_spot_14	0.03004992	1.501077e-08	0.15772367	2.3927643e-07	5.675114e-07	0.70737386	3.9646858e-07	9.791224e-07	1.3493892e-07	6.049352e-08	1.3527684e-08	2.0449606e-07	0.09893391	8.9979515e-08	8.5664254e-08	0.0033809706	0.002534821	8.36844e-08
priorregion1_spot_15	0.0028083778	2.4145292e-08	1.9383258e-06	5.219456e-06	0.019107843	0.5261864	4.72952e-06	7.021005e-06	6.0236954e-07	1.1753854e-07	1.2672383e-07	0.005553569	0.4463232	2.946286e-07	1.2298769e-07	1.8997622e-07	1.3428176e-07	1.3105927e-07
priorregion1_spot_16	0.086114556	2.8233815e-08	0.21136601	0.10243781	2.0998566e-07	0.17443717	0.095699385	1.924863e-06	0.0070610605	1.3151191e-07	0.0042549316	8.379308e-07	0.07619378	0.03494344	7.125347e-08	1.3041323e-07	2.6265442e-07	0.2074883
priorregion1_spot_17	2.6336817e-08	1.6708592e-08	2.6242145e-07	3.4512945e-07	6.2320305e-06	0.4560632	7.035541e-07	4.1488013e-07	3.021348e-07	1.280216e-07	0.0003620505	1.2213147e-06	0.5435626	1.4513048e-06	6.363188e-08	3.0311483e-07	5.985635e-07	1.03387e-07
priorregion1_spot_18	0.088021144	3.9167226e-08	0.02715884	1.5917954e-06	1.6706863e-06	0.7498733	0.0033538563	0.042445738	0.008210527	3.3042787e-07	3.7596777e-08	1.272008e-06	0.024255378	2.830112e-06	4.6125777e-07	0.028819786	5.1754192e-08	0.027853053
priorregion1_spot_19	1.2479188e-08	1.431771e-08	4.96262e-07	1.099472e-07	2.941317e-07	0.6667179	1.0467588e-06	5.1358035e-07	1.393445e-07	6.1835536e-08	1.1374569e-07	1.0244255e-07	0.33327872	8.952221e-08	4.7884296e-08	1.2357148e-07	2.1535179e-07	4.669439e-08
priorregion1_spot_20	0.10779996	4.948684e-08	0.079025984	3.5784618e-07	1.0317417e-06	0.5649645	0.0019857085	0.016232597	1.2122705e-07	1.2998342e-07	0.015322208	0.042087235	0.067153476	0.055480026	5.687213e-08	1.18922465e-07	5.4776663e-08	0.04994635
priorregion1_spot_21	6.318002e-09	6.9859976e-09	3.849327e-05	1.13039005e-05	0.007942337	0.719079	0.0016100227	6.055026e-05	4.4268836e-07	1.2592112e-07	1.6657417e-08	5.9565116e-07	0.2684142	0.0028424507	1.7689241e-07	1.1212725e-07	5.3867556e-08	8.257618e-08
priorregion1_spot_22	1.4993158e-07	3.516471e-08	4.538792e-06	0.015071946	2.436884e-06	0.52083105	6.83688e-07	1.7039622e-06	3.4610267e-07	5.1423757e-07	7.955992e-08	2.254116e-06	0.4379928	0.004755525	1.4808018e-07	0.021335522	1.9888665e-07	1.6834632e-07
priorregion1_spot_23	1.7252063e-08	1.7663847e-08	9.648977e-06	1.0812955e-06	2.61604e-06	0.9999689	2.9669811e-06	1.2882649e-05	4.4134538e-07	1.17129375e-07	2.0460112e-08	4.8168545e-07	1.6491684e-08	2.1311816e-07	1.5140297e-07	3.3744286e-07	9.048017e-09	7.20425e-08
priorregion1_spot_24	9.29033e-07	3.6597715e-08	0.0058484566	7.733848e-06	0.002150377	0.5646626	0.009609053	4.36483e-06	1.0300718e-06	1.0448673e-07	0.0007126806	5.1538445e-05	0.41695032	2.1208771e-07	1.0289068e-07	2.504777e-07	8.263126e-08	2.2797026e-07
priorregion1_spot_25	5.11759e-08	5.751509e-08	0.080603294	0.013820891	4.1718736e-06	0.4903187	7.2418293e-06	0.0043950467	9.518176e-07	2.5982501e-07	0.0010460264	3.5130174e-07	0.38865402	9.815053e-07	0.0211474	1.9654014e-07	8.4631104e-08	3.3549193e-07
priorregion1_spot_26	5.2256923e-06	1.2017466e-08	1.4699721e-06	0.04898938	0.010902185	0.3981406	0.044496402	5.1882665e-07	1.3652956e-07	7.2402786e-06	2.9803587e-08	3.2416906e-07	0.49745598	6.812062e-08	8.1712855e-08	1.3871475e-07	4.8785292e-08	1.1593057e-07
priorregion1_spot_27	4.9113634e-08	7.204323e-08	0.08104251	1.0296469e-05	0.027523667	0.589202	0.010573535	0.086864635	3.0718131e-06	2.8281494e-07	4.686341e-08	5.25365e-05	0.17262791	0.014089817	2.5275554e-07	0.012368013	0.0056408895	3.9812375e-07
priorregion1_spot_28	0.0102550145	4.5157798e-08	0.014133587	0.019875946	1.3900632e-06	0.40159923	4.8168107e-07	7.1004195e-07	4.5448292e-07	4.387006e-07	2.3529157e-07	3.6652986e-07	0.55413043	3.2402707e-07	2.3528102e-07	3.1479144e-07	3.7368042e-07	4.872161e-07
priorregion1_spot_29	1.8530345e-06	4.9025005e-08	0.10987508	5.9958566e-06	0.008778769	0.5875181	0.05205164	3.395465e-05	0.02315703	1.299753e-07	4.0924363e-08	1.9375839e-06	0.21857469	2.0166044e-07	1.5213523e-07	1.7059341e-07	1.3322679e-07	1.3192015e-07
priorregion1_spot_30	4.4515804e-08	0.00044157662	1.3341053e-06	0.023777666	6.534947e-06	0.5639052	2.406672e-06	1.1544621e-06	2.7005282e-07	1.0541735e-07	5.243489e-08	8.855544e-07	0.41186222	1.5881281e-07	7.483586e-08	1.3481039e-07	1.2522058e-07	1.0298207e-07
priorregion1_spot_31	0.04389092	5.616629e-08	0.076450884	0.0013716415	7.600956e-07	0.26856977	0.019200869	5.459162e-07	2.6052598e-07	0.0032038246	9.598389e-08	5.4121205e-07	0.5225237	3.7902848e-07	0.00010184667	0.053775206	6.6850844e-06	0.010901951
priorregion1_spot_32	1.9680343e-08	0.00027081848	0.047067605	1.1586225e-05	0.061251793	0.6691624	0.027377658	0.03714452	1.1749064e-06	9.762982e-08	4.4260954e-08	3.5143296e-06	0.15342627	0.004280822	1.3237882e-07	1.3450682e-06	4.2554518e-08	9.153987e-08
priorregion1_spot_33	2.5773355e-09	5.960462e-09	1.9787401e-05	0.12681602	1.1018317e-06	0.87315977	1.1425299e-06	1.0009666e-06	8.4373816e-08	8.887163e-08	4.4940256e-09	2.7458867e-07	4.3727866e-09	5.551661e-07	3.355993e-08	8.556384e-08	2.741587e-09	3.6233295e-08
priorregion1_spot_34	1.5221994e-08	0.00033371523	1.8066362e-07	1.6363038e-07	8.45511e-07	0.2990931	6.957668e-07	3.874633e-07	0.0052560186	1.3494612e-07	9.132758e-05	0.00010695394	0.6951106	5.3271497e-06	4.901239e-08	2.3216023e-07	2.480729e-07	7.926738e-08
priorregion1_spot_35	1.0121233e-08	1.18554295e-08	5.648864e-07	1.0717509e-07	0.026206275	0.38945174	2.3439513e-06	0.043967534	5.2035756e-07	6.2115866e-08	1.9075427e-08	1.2340166e-07	0.5403704	4.439043e-08	3.4056907e-08	6.9480365e-08	4.412381e-08	4.239006e-08
priorregion1_spot_36	0.15739341	7.794003e-08	0.13575587	8.2672386e-07	2.1059602e-06	0.33688954	0.054671563	0.085552104	6.4271666e-07	1.8535294e-06	0.0023258664	0.01565386	0.03358913	0.039766077	0.005566463	0.058839764	0.009973327	0.06401769
priorregion1_spot_37	0.00040591604	3.428122e-08	0.051980644	0.012315053	5.5338783e-06	0.85016483	0.051737756	1.1057509e-05	0.029079713	9.879434e-08	3.5128863e-08	5.784e-06	1.4087621e-08	0.0042925472	1.3245077e-07	3.9807335e-07	1.0802903e-08	5.192087e-07
priorregion1_spot_38	1.3859786e-08	1.5233352e-08	9.3170565e-06	9.999186e-07	1.4995934e-06	0.63433796	2.7334563e-06	0.010434568	8.08362e-07	9.579497e-08	2.073389e-08	3.3602916e-07	0.35521114	1.2989425e-07	6.53217e-08	1.760274e-07	3.518194e-08	8.1293585e-08
priorregion1_spot_39	0.0053610634	3.290316e-08	0.00624739	0.06746926	2.0309164e-06	0.44541115	7.836319e-07	6.866466e-07	2.32842e-07	4.41016e-07	6.9279984e-08	1.2389543e-06	0.4657152	0.009781779	2.5261167e-07	5.557324e-07	7.0794777e-06	7.222474e-07
priorregion1_spot_40	0.11548969	8.009749e-08	2.9548235e-07	0.0690649	5.377883e-07	0.07883938	0.044340577	3.1821128e-07	2.1826762e-07	1.7734324e-07	1.3222454e-07	0.003966987	0.43739545	0.056138024	1.5720546e-07	4.788676e-07	3.770255e-07	0.19476217
priorregion1_spot_41	2.5671104e-08	1.8718591e-08	2.6500706e-07	9.034213e-08	2.9556307e-07	0.54489154	2.5912146e-07	1.2181393e-07	0.0044055213	5.2852663e-08	4.1851102e-08	2.864842e-07	0.4404123	0.010288565	5.373471e-08	1.944081e-07	1.6670654e-07	9.614811e-08
priorregion1_spot_42	9.198572e-08	9.994528e-08	1.1886683e-06	0.048532445	3.4608152e-06	0.28951347	8.3890325e-07	7.486299e-07	5.473566e-07	1.6049073e-06	1.0686017e-06	0.03267629	0.6292659	4.167312e-07	2.506218e-07	9.5203086e-07	2.4965667e-07	3.8769596e-07
priorregion1_spot_43	0.015286062	2.1872703e-08	0.08010958	1.3625266e-05	0.038541857	0.5808679	6.7909896e-06	0.0011140378	1.3022382e-06	0.0020000574	5.3269915e-08	0.0022109712	0.21564265	1.7564915e-06	4.7682957e-07	0.017371882	0.012876832	0.033954162
priorregion1_spot_44	3.822208e-08	0.0004818322	2.9066072e-07	1.4933934e-07	4.3382673e-07	0.38455498	0.037839573	1.2097034e-06	3.34755e-07	7.8569194e-08	3.6672837e-08	3.3377862e-07	0.5771199	1.995465e-07	5.7296244e-08	1.6739405e-07	1.5727268e-07	7.623734e-08
priorregion1_spot_45	1.7562168e-07	3.722839e-08	2.916226e-06	0.08584969	2.9074442e-06	0.5797424	2.8985298e-06	1.2302473e-06	1.2795695e-06	1.4171131e-07	4.311537e-08	0.0101551395	0.32423982	1.4043164e-07	6.2127924e-08	7.074093e-07	3.68903e-07	1.100436e-07
priorregion1_spot_46	0.020681903	1.5838811e-08	3.534492e-07	3.4389788e-07	9.274736e-07	0.3035895	4.9354156e-07	8.225143e-07	1.2420586e-06	4.5541063e-07	1.6018869e-07	2.1586188e-06	0.6168661	2.4374162e-06	1.4447212e-07	0.058843568	9.022236e-06	2.5725006e-07
priorregion1_spot_47	0.011171021	1.977967e-08	5.7628463e-06	5.9412805e-06	6.220022e-07	0.78006136	0.0076607894	1.041517e-06	2.9648095e-07	2.4481332e-07	8.594801e-08	0.02752209	0.17356756	3.0408182e-07	1.4080007e-07	1.0017626e-06	3.420802e-08	1.6636528e-06
priorregion1_spot_48	1.0214306e-07	0.00047884948	0.023598619	0.026560275	3.5518685e-06	0.42336217	6.4081046e-06	8.509799e-06	9.110623e-07	4.9527284e-07	4.2725624e-08	3.85011e-06	0.5259744	2.5604507e-07	1.6352328e-07	9.506805e-07	2.2755064e-07	1.7675377e-07
priorregion1_spot_49	3.9460923e-05	4.0666176e-08	0.016193433	1.7919692e-06	1.999707e-06	0.21749392	2.6214834e-06	0.045236807	4.4492998e-07	3.636601e-07	1.9250894e-07	1.4037167e-06	0.7088541	0.011694204	1.5070983e-06	1.1554154e-06	0.00047628226	2.427629e-07
priorregion1_spot_50	5.2441487e-09	1.2333213e-08	0.061419204	0.00022359498	1.3351163e-05	0.80473447	0.04533803	3.2810135e-06	1.1724653e-06	8.796906e-08	1.1090713e-08	0.021940967	7.563248e-09	0.030233582	8.864294e-08	0.03609204	5.1096363e-09	1.4180493e-07
priorregion1_spot_51	1.1352004e-08	1.541644e-08	1.5769e-05	0.049547296	0.07347019	0.6634148	0.0050711017	0.00017066655	8.3262756e-07	1.8987193e-07	1.981768e-08	1.8976947e-06	0.20829512	7.813439e-06	1.08323896e-07	4.0168543e-06	4.3745935e-08	1.1123681e-07
priorregion1_spot_52	1.6079746e-08	2.0896087e-08	1.5231794e-05	4.1871422e-07	1.4762381e-06	0.65779793	6.3930014e-07	0.0038297821	2.0339829e-07	4.324074e-08	2.668963e-08	6.6394415e-07	0.33835298	6.625823e-08	3.0252245e-08	7.921466e-08	2.7353707e-07	4.9489607e-08
priorregion1_spot_53	0.04034109	2.8872984e-08	0.04401518	0.03657311	6.803161e-07	0.44779903	1.7546096e-06	1.5588304e-06	2.3406449e-07	9.605147e-07	1.03515966e-07	1.413273e-06	0.39209482	0.009324552	2.591129e-07	0.029593673	2.4653409e-07	0.00025128358
priorregion1_spot_54	8.092659e-09	1.034741e-08	0.0789044	3.8611617e-07	4.0096497e-06	0.58792514	0.059262928	4.355812e-06	2.1754487e-07	6.259768e-08	1.2811801e-08	0.053329438	0.2205689	9.606228e-08	4.109898e-08	1.308831e-07	6.6093484e-08	4.2972065e-08
priorregion1_spot_55	1.1807902e-08	1.329733e-08	1.3303847e-06	1.1685161e-06	2.1936028e-06	0.51425886	6.11445e-07	4.6793764e-07	1.4713443e-07	9.705682e-08	2.4522315e-08	4.9009186e-06	0.48572394	2.3273651e-07	6.914893e-08	5.7078623e-06	1.8400522e-07	7.971427e-08
priorregion1_spot_56	3.7924014e-08	8.699741e-09	4.2907974e-05	1.9869701e-06	1.9609568e-05	0.92509025	1.4857499e-06	4.7259957e-07	1.27766e-07	7.572615e-08	6.246966e-09	3.4858553e-07	6.4970367e-09	0.07484234	6.061204e-08	1.8496017e-07	6.162374e-09	7.691036e-08
priorregion1_spot_57	0.014304341	0.0010704775	2.5402753e-06	0.004750631	2.1361895e-07	0.6856483	2.1060298e-07	1.6901718e-07	1.1453847e-07	1.2311463e-07	3.721064e-08	9.630079e-08	0.29422233	5.858059e-08	1.05130425e-07	1.0546371e-07	5.7969544e-08	6.220279e-08
priorregion1_spot_58	7.451287e-09	1.1227621e-08	1.8777054e-07	0.036455244	1.3957866e-06	0.4054881	1.3989332e-07	1.2772398e-07	1.04719e-07	1.03558115e-07	1.9203252e-08	3.557375e-07	0.5580535	1.7594965e-07	5.15869e-08	2.2912694e-07	2.1710944e-08	1.17388964e-07
priorregion1_spot_59	1.4971393e-08	1.7433528e-08	7.845935e-06	7.297474e-07	1.0440324e-06	0.3781113	1.2718528e-05	9.022025e-06	4.3961936e-07	7.715289e-08	2.9844664e-08	3.7694832e-07	0.62185585	1.8845387e-07	5.763673e-08	1.2220177e-07	6.595971e-08	4.944163e-08
priorregion1_spot_60	8.859825e-09	1.1187247e-08	4.2349915e-05	4.9430525e-07	0.009152313	0.71654826	7.827896e-06	0.05950503	0.014171292	2.6359148e-08	9.079573e-08	1.3906192e-07	0.18758331	3.2626847e-08	2.551848e-08	4.6657895e-08	0.012988749	2.6086212e-08
priorregion1_spot_61	0.061012562	4.342786e-08	0.0256725	2.2765583e-07	8.314601e-07	0.28859836	0.0058464124	0.00060353044	4.470525e-06	3.237446e-07	1.2982106e-07	1.9641237e-07	0.54488766	4.4983162e-07	0.016367743	0.03941395	2.4519818e-07	0.017590467
priorregion1_spot_62	6.346458e-08	0.00023673745	0.028308418	5.969867e-06	6.12936e-06	0.6805049	0.004979327	0.0033615383	1.3689425e-06	4.1881e-07	4.982591e-08	1.4522808e-06	0.28259125	1.4948623e-06	1.6197609e-07	4.776474e-07	7.954986e-08	1.7010277e-07
priorregion1_spot_63	2.215589e-08	2.0719781e-08	0.0705066	2.0738842e-06	9.4987575e-07	0.38542965	9.392483e-07	1.4416494e-06	3.0035199e-07	2.0644593e-07	7.01003e-08	4.8389614e-07	0.53865385	3.5802967e-07	1.3795973e-07	2.3316949e-07	7.254352e-08	0.0054026362
priorregion1_spot_64	2.4593659e-08	0.00024437075	0.06207918	2.0805646e-06	1.4777328e-06	0.59710675	3.076172e-06	3.937002e-06	5.9334997e-07	1.5352327e-07	3.7210842e-08	2.8896577e-07	0.33702156	1.6144557e-07	8.760071e-08	1.4865768e-07	7.4521196e-08	0.0035360327
priorregion1_spot_65	1.1119851e-08	0.0002369546	1.0891873e-06	5.927145e-07	1.4893002e-06	0.53241235	0.013839917	1.2371097e-06	1.8355384e-07	3.6639943e-08	2.3321219e-08	2.5310297e-07	0.45350564	4.879744e-08	2.3316014e-08	4.4532573e-08	5.4886236e-08	3.2814444e-08
priorregion1_spot_66	0.015432811	2.316606e-08	1.699567e-06	5.68795e-06	8.909591e-06	0.57025635	6.2588657e-07	1.1092337e-06	5.7557327e-07	0.0026542908	5.4031293e-08	5.55828e-07	0.4116343	6.940331e-07	2.985109e-07	1.0788951e-06	7.8750185e-07	2.0755249e-07
priorregion1_spot_67	0.017141892	2.2612458e-07	0.01875129	1.1916702e-06	2.3745033e-06	0.5557603	6.7537185e-06	1.0611672e-05	2.3794313e-05	5.5723535e-07	8.845537e-08	1.1296258e-06	0.35257134	1.4118622e-06	2.6357924e-07	0.053734563	0.0019918995	4.0481322e-07
priorregion1_spot_68	6.038989e-08	0.0003262015	5.6134195e-07	4.6997593e-07	3.3038477e-06	0.5824923	0.034459714	0.011517143	3.865485e-07	1.9676673e-07	2.9552849e-08	2.1729572e-07	0.3711989	1.8881404e-07	3.7192123e-08	1.2616557e-07	8.4281e-08	4.6884956e-08
priorregion1_spot_69	2.3827734e-08	3.211713e-08	3.168626e-05	6.12069e-07	3.1270697e-06	0.4529184	4.0153336e-06	0.05692197	5.097069e-07	2.369057e-07	6.475861e-08	2.9832566e-07	0.49011743	8.633382e-07	1.3775387e-07	2.3510337e-07	2.3501214e-07	1.229473e-07
priorregion1_spot_70	0.04476797	1.5850333e-08	1.5265272e-06	0.022414766	2.1600936e-06	0.79884225	0.05427051	3.5091905e-06	3.1959644e-07	1.2817473e-07	1.9853047e-08	0.003260088	0.005463788	1.875721e-06	2.3178084e-06	2.6646637e-07	1.1655285e-08	0.07096854
priorregion1_spot_71	7.993079e-09	1.037227e-08	1.4642756e-06	2.1174137e-07	2.482658e-06	0.32036006	6.1898857e-07	4.6314985e-06	0.0068232464	6.97991e-08	5.702699e-08	1.5243305e-06	0.672805	2.2381086e-07	4.165695e-08	2.1811287e-07	1.4510589e-07	3.835395e-08
priorregion1_spot_72	0.0034307688	0.0019231744	5.2899827e-06	0.049712844	9.784918e-07	0.49759114	2.85225e-06	9.284036e-07	2.1886598e-07	1.8168872e-07	6.398859e-08	7.2073e-07	0.44732857	1.652753e-06	1.0583443e-07	2.961647e-07	1.5942041e-07	2.3677538e-07
priorregion1_spot_73	0.003976564	8.308054e-09	9.881514e-07	9.5563155e-06	2.1331432e-07	0.6507966	0.035394404	5.6870954e-07	7.7282515e-08	0.02997267	2.0866613e-08	1.17756855e-07	0.25321093	0.026636507	1.291738e-07	4.000855e-07	1.1014543e-07	2.1206974e-07
priorregion1_spot_74	7.317883e-08	3.167003e-08	8.479681e-06	3.3878594e-06	3.8383864e-06	0.5478873	5.3481585e-06	0.053838205	1.0151898e-06	1.9747691e-07	3.734373e-08	7.8691124e-07	0.39463705	1.2471446e-06	0.0036116908	6.79229e-07	2.9391038e-07	2.6935226e-07
priorregion1_spot_75	0.08568722	3.5426744e-08	1.6718392e-05	0.16884844	3.5542273e-06	0.5663498	3.3728627e-06	2.4469346e-06	3.1852383e-07	3.6561616e-07	0.0054769493	0.03244954	0.012623162	0.06728791	1.4921528e-07	1.0664296e-06	4.8493863e-08	0.061248947
priorregion1_spot_76	0.0012547518	1.6733377e-08	0.05743059	1.1091715e-05	1.8778151e-06	0.65096235	0.024974532	8.053066e-06	6.7698545e-07	7.86142e-08	1.2726095e-08	4.5010978e-07	0.26535517	8.327305e-08	8.8411305e-08	1.2287293e-07	5.559689e-08	8.120926e-08
priorregion1_spot_77	0.024743231	1.2850056e-08	0.07230751	0.19236603	4.5325422e-07	0.6844146	2.1369706e-06	3.1293598e-06	1.9969853e-07	1.1147329e-07	0.00047651655	2.3623053e-07	0.0018080244	0.004909762	8.135633e-08	0.0025231987	9.259356e-09	0.016444823
priorregion1_spot_78	1.3598785e-07	0.00044368135	1.2244029e-06	3.6884926e-06	1.6615685e-06	0.59331113	3.8371136e-06	1.427199e-06	2.9916578e-07	1.1557833e-07	2.8271725e-08	6.6915095e-07	0.4062314	2.7532886e-07	6.748062e-08	1.2559194e-07	1.0920611e-07	1.1476905e-07
priorregion1_spot_79	2.758673e-08	2.4880219e-08	4.67423e-07	6.656863e-07	2.106197e-07	0.45192263	3.5052813e-07	1.4160214e-07	1.3452107e-07	2.0243193e-07	5.7792306e-08	2.4101968e-07	0.5480738	4.458576e-07	7.97398e-08	1.7062635e-07	1.6338466e-07	6.2601806e-08
priorregion1_spot_80	1.6859173e-07	4.804431e-08	0.051593706	1.346728e-06	8.829814e-07	0.6302082	1.0648038e-06	2.1084463e-06	2.1148236e-07	2.2690176e-07	7.5412565e-08	7.3825566e-07	0.30799338	0.010195838	8.9936634e-08	8.8911713e-07	3.0880224e-07	7.429124e-07
priorregion1_spot_81	1.0063923e-07	3.9943306e-08	1.4455917e-08	1.29788065e-08	1.7750786e-08	1.4620196e-08	1.7706624e-08	2.1883677e-08	1.9190482e-08	2.9632474e-08	7.305076e-08	1.9635346e-08	0.99999833	5.202171e-07	1.9742448e-08	3.664401e-07	4.0790673e-07	2.8860176e-08
priorregion1_spot_82	1.5525504e-07	3.448018e-08	2.4420569e-08	2.71258e-08	2.8389392e-08	2.8258357e-08	3.0172515e-08	3.4464595e-08	3.270298e-08	5.2581516e-08	8.565787e-08	2.4213618e-08	0.9999978	1.3335155e-06	3.3360614e-08	8.2533646e-08	2.4287138e-07	3.4527233e-08
priorregion1_spot_83	0.035132453	0.002521712	0.00848481	1.00791685e-05	3.947615e-07	0.49911427	1.7358886e-06	1.987039e-06	3.2602028e-07	0.0036869848	9.805881e-08	0.016380519	0.43466282	6.718695e-07	9.3236075e-08	2.4162318e-07	4.3285684e-07	5.343589e-07
priorregion1_spot_84	0.035497755	0.00073162233	0.048348952	9.02356e-07	6.340652e-07	0.5502226	0.0310696	3.328444e-06	1.9470744e-07	4.5048378e-07	0.0012807312	3.7668696e-07	0.31283113	0.010194512	1.17895716e-07	0.008491986	0.0013241166	1.0736861e-06
priorregion1_spot_85	0.03703221	2.6606541e-08	1.648487e-06	1.6653812e-06	1.918047e-06	0.58618027	3.0570523e-06	4.5665543e-06	0.011034799	0.001972161	1.4893156e-07	0.056562956	0.22259875	7.3922337e-07	6.009753e-07	0.06695062	0.0030490782	0.01460485
priorregion1_spot_86	9.315664e-08	5.384718e-08	3.1292495e-07	0.062419724	2.5539893e-07	0.41289768	0.0034093612	1.5774327e-07	9.372276e-08	0.022400996	3.7928668e-08	0.012993203	0.48586777	5.176054e-07	1.5366597e-07	9.063547e-06	7.917035e-08	4.1516526e-07
priorregion1_spot_87	7.805719e-09	7.8445614e-09	1.341533e-07	6.88523e-08	6.3915377e-06	0.36947998	9.8718786e-08	1.1302619e-07	6.755259e-08	4.1150322e-08	2.990443e-08	6.861598e-08	0.6305124	7.669048e-08	3.615388e-08	4.4101895e-08	3.321014e-07	3.041843e-08
priorregion1_spot_88	0.014843592	3.073426e-08	4.5379508e-07	3.9257716e-07	7.2910916e-07	0.5089536	2.9064033e-06	3.8777173e-07	0.016188323	3.342432e-07	3.7469846e-08	3.435966e-06	0.44983974	8.010873e-07	1.6004545e-07	0.010164609	1.6513142e-07	3.1978308e-07
priorregion1_spot_89	9.3343154e-08	0.0004720688	6.391818e-07	4.8346647e-07	4.5934223e-07	0.4661683	7.4822844e-07	4.785191e-07	2.2652866e-07	3.4950784e-07	5.743609e-08	2.6716011e-06	0.5050107	0.028341128	1.4442118e-07	1.0786238e-06	2.1725022e-07	2.3580611e-07
priorregion1_spot_90	0.09469832	4.48654e-08	5.0932395e-06	0.05875211	1.7625329e-06	0.59235865	0.028533742	3.044203e-06	5.8327794e-07	4.9558724e-07	3.9373734e-08	0.04208664	0.0038043868	1.5485696e-06	2.6298196e-07	0.10052782	2.8554242e-08	0.0792255
priorregion1_spot_91	1.3585112e-07	2.4317925e-08	3.4122245e-08	3.7068737e-08	5.156481e-08	7.877252e-08	5.1397883e-08	7.7732686e-08	6.0680385e-08	1.5854867e-07	2.9892618e-07	1.2686999e-07	0.9999776	1.83151e-05	6.2334074e-08	3.0481397e-07	2.4799194e-06	1.259503e-07
priorregion1_spot_92	4.638507e-08	1.8434982e-08	2.448461e-06	1.2994356e-07	1.8678992e-07	0.5635942	1.2671654e-06	0.014534051	2.2367966e-07	9.886219e-08	7.959227e-08	1.0811444e-07	0.4218667	1.0397655e-07	5.1888925e-08	1.2953834e-07	1.5143041e-07	6.036244e-08
priorregion1_spot_93	1.1730224e-07	1.8575259e-08	6.925851e-07	0.061938316	5.222306e-07	0.3932764	3.4565016e-07	2.781915e-07	0.0027491797	3.5899137e-07	0.0002633071	0.0035961582	0.5162682	5.31183e-07	0.019054174	0.002850709	8.4449546e-08	6.4641887e-07
priorregion1_spot_94	5.2242754e-08	2.6831135e-08	5.8492145e-07	1.2170144e-06	3.868164e-06	0.48222277	4.931754e-07	6.395755e-07	1.8392697e-07	1.698269e-07	6.689891e-08	0.018551383	0.49921682	8.865421e-07	5.9569075e-08	1.4825982e-07	3.9322083e-07	1.2336496e-07
priorregion1_spot_95	0.021737974	2.7978617e-08	1.716303e-06	0.028768944	8.236001e-06	0.6328088	1.4759413e-06	3.5127014e-06	2.5921327e-07	3.0581222e-07	7.6124046e-08	1.953037e-06	0.2856054	2.0315379e-06	0.018058915	0.01299951	3.4471208e-07	4.893634e-07
priorregion1_spot_96	0.032234658	3.7645144e-08	9.981418e-06	0.058082618	3.668307e-06	0.8200084	0.06002668	5.810717e-06	6.778773e-07	0.017428957	1.3592056e-08	0.0049359114	0.0041111726	3.7860013e-07	2.076677e-06	0.003146099	1.7524457e-08	2.8925524e-06
priorregion1_spot_97	4.1439314e-08	2.2212902e-08	8.6373603e-07	9.77336e-07	6.388772e-07	0.54880995	1.1139585e-06	5.7818187e-07	3.261529e-07	1.1974416e-07	4.3488864e-08	3.4991874e-07	0.45118415	2.291716e-07	9.097981e-08	1.4642355e-07	3.0897272e-07	1.0694862e-07
priorregion1_spot_98	6.863464e-08	1.93892e-08	1.2461103e-06	0.072006464	6.824212e-07	0.7531908	1.0312185e-06	5.324275e-07	0.0040894165	0.0068981065	6.117356e-08	3.3034001e-07	0.14975446	2.2946695e-07	2.8635029e-07	2.5222815e-07	0.0027606816	0.011295287
priorregion1_spot_99	1.37275995e-08	1.0544176e-08	1.6037708e-06	6.9637274e-08	9.344005e-08	0.48371655	7.123796e-08	5.973367e-07	1.06456284e-07	7.560703e-08	4.4560473e-08	6.158324e-08	0.51628035	1.2203888e-07	3.387131e-08	5.9076072e-08	3.688024e-08	3.3323516e-08
priorregion1_spot_100	0.032400977	1.4571573e-08	5.0532424e-07	1.0521176e-07	1.3133803e-07	0.5643705	0.01540276	1.5127964e-07	8.129911e-08	1.3993777e-07	1.6373887e-08	0.011368258	0.34047613	4.745934e-06	5.686142e-07	0.035974473	3.839471e-08	4.2018928e-07
priorregion1_spot_101	0.052610897	4.0904872e-08	1.9440993e-06	0.045619663	9.1926626e-07	0.67822677	1.2814866e-06	5.0944203e-07	1.7744993e-07	4.3366225e-07	7.363727e-08	0.09504559	7.106694e-08	0.03038394	1.5124134e-07	0.04060062	6.9024864e-08	0.05750685
priorregion1_spot_102	9.855933e-08	1.3464605e-08	3.1105303e-06	0.00010522107	1.1678071e-06	0.5546558	1.7268867e-06	1.6292433e-06	2.9380737e-07	3.3678035e-07	1.6805635e-06	1.3697621e-06	0.44522667	4.5010776e-07	9.011364e-08	1.7235895e-07	6.862245e-08	1.9601495e-07
priorregion1_spot_103	1.9828313e-07	2.5587903e-08	8.2536076e-07	0.0014395845	1.2449646e-06	0.3739332	1.9987924e-07	1.8478262e-07	1.7175029e-07	2.5112692e-07	7.677693e-08	6.0142344e-07	0.52550894	0.025274962	1.6115341e-07	0.0738385	3.962647e-07	4.0756288e-07
priorregion1_spot_104	0.028052453	2.3493586e-08	0.0017364712	3.0755034e-06	1.3696363e-06	0.3956272	0.020788897	1.2513027e-05	2.7219525e-07	0.0024321845	8.379396e-08	3.5277042e-06	0.46463528	1.3258605e-06	5.095305e-07	0.0324972	3.6584623e-07	0.054207277
priorregion1_spot_105	1.2761136e-08	1.6144096e-08	6.0207756e-05	1.3465594e-06	3.6340916e-07	0.7740503	1.9729084e-06	9.973337e-07	0.0034557611	5.842443e-08	3.3387938e-08	2.107838e-07	0.22242826	7.701392e-08	4.558852e-08	6.8892305e-08	4.7654943e-08	5.798835e-08
priorregion1_spot_106	2.153578e-07	2.5481771e-08	2.2146378e-07	5.507424e-07	4.4448987e-07	0.19657226	3.552954e-07	2.3608682e-07	1.5121303e-07	1.06449164e-07	1.06679146e-07	3.2734195e-06	0.8034184	4.969666e-07	6.737455e-08	1.4600096e-06	1.4226496e-06	1.4492943e-07
priorregion1_spot_107	3.624828e-08	1.3160033e-08	7.8989444e-07	0.017297052	7.8138214e-07	0.49370426	1.6334486e-06	1.2919525e-06	0.0035055159	7.3143e-08	3.0316613e-08	1.0929595e-06	0.48548663	1.8318326e-07	6.740521e-08	1.1501781e-07	1.4833739e-07	7.901689e-08
priorregion1_spot_108	1.9681101e-08	2.1044077e-08	3.8003877e-06	3.3770473e-07	9.907918e-07	0.8824054	1.5671346e-06	7.436852e-07	1.4678882e-07	1.1929293e-07	2.1511221e-08	4.130741e-07	0.11758571	2.1851858e-07	7.190646e-08	2.3418836e-07	4.9741768e-08	9.673363e-08
priorregion1_spot_109	1.8344068e-08	0.00048890995	6.318232e-07	2.1543752e-07	5.0468014e-07	0.377331	4.580273e-07	1.4736539e-06	0.008009041	5.1106987e-08	1.6675885e-07	7.096264e-08	0.6141637	4.5877258e-08	4.3938297e-08	4.1839588e-08	3.7280888e-06	4.4044565e-08
priorregion1_spot_110	0.104177915	6.875055e-08	0.072451316	0.1981612	1.0305367e-05	0.26232567	0.025535293	2.033031e-05	4.4287953e-07	0.007158786	9.828065e-08	0.03430058	0.07173951	0.06751241	1.9828847e-06	2.7365266e-05	9.3517436e-08	0.15657666
priorregion1_spot_111	0.01744362	1.1459423e-08	1.2350215e-06	0.066256635	7.2521453e-07	0.72965556	3.9660603e-07	5.23208e-07	3.874676e-07	3.4910715e-07	7.7978065e-08	2.8715274e-06	0.1572329	0.02940361	2.1317166e-07	5.762224e-07	3.0156205e-08	2.0983197e-07
priorregion1_spot_112	7.73038e-08	3.9952823e-07	1.3674556e-07	8.9998835e-08	1.9707188e-07	2.4346426e-07	1.3155629e-07	2.0328173e-07	1.7848156e-07	9.0249716e-07	5.122181e-07	4.781069e-07	0.9999881	3.954732e-06	7.8693745e-07	2.2343838e-06	5.328208e-07	8.7028513e-07
priorregion1_spot_113	5.791687e-08	2.2673396e-08	1.8964025e-07	0.016520128	3.5179772e-07	0.3413269	1.07002144e-07	1.4026307e-07	8.4140815e-08	2.0823016e-07	4.834784e-08	3.0254785e-07	0.63616264	2.4781687e-07	0.0059881913	1.33754e-07	8.5138886e-08	2.1910509e-07
priorregion1_spot_114	1.9474048e-07	0.0022272626	7.801612e-07	1.00293974e-07	1.4277676e-07	0.57671386	3.8694554e-07	1.1145503e-07	1.3447867e-07	4.5523916e-07	1.2166771e-07	1.4332859e-07	0.4084795	0.012573708	1.2551713e-07	5.6521486e-07	2.2006845e-06	3.5068376e-07
priorregion1_spot_115	3.409827e-08	2.1180888e-08	0.0010809745	0.09942452	4.0504306e-06	0.60127294	0.024712617	0.05370695	3.8082473e-07	1.3103529e-07	3.4694946e-08	1.758723e-06	0.21979523	9.284942e-08	5.3887415e-08	1.2766563e-07	6.211391e-08	1.14580395e-07
priorregion1_spot_116	1.4721431e-08	1.15487735e-08	0.017339086	9.755751e-07	5.567837e-07	0.72107756	6.308567e-07	9.1207716e-05	3.763153e-07	1.4037954e-07	3.5761413e-08	1.5205369e-07	0.26148877	1.7895917e-07	7.940876e-08	1.1867493e-07	3.199348e-08	6.858281e-08
priorregion1_spot_117	1.0379077e-07	1.2998048e-08	4.891563e-07	2.2259101e-07	2.1442912e-07	0.63430434	1.0027686e-06	6.5872615e-07	4.474397e-07	2.8863928e-07	2.5553229e-08	6.2048156e-07	0.36569056	1.9640792e-07	1.6937778e-07	2.0214682e-07	2.3702445e-07	2.8144052e-07
priorregion1_spot_118	0.020142822	1.9393596e-08	9.477291e-07	0.06522105	3.0383924e-07	0.16837099	7.6504176e-07	7.0320374e-07	2.3758527e-07	2.8138782e-06	1.2492728e-07	0.005747762	0.6974582	2.9966717e-05	1.9411353e-07	0.043021698	7.9339105e-07	6.0575417e-07
priorregion1_spot_119	0.039386995	2.4776716e-07	3.1772814e-07	1.331066e-07	1.3614658e-07	2.2283375e-07	3.188835e-07	2.6965026e-07	2.1328454e-07	1.9680554e-07	2.9868984e-06	0.05792347	0.87908477	0.023594212	2.7734907e-07	3.0540837e-06	4.4747853e-07	1.7980192e-06
priorregion1_spot_120	0.01725983	2.0013719e-08	9.604398e-06	0.1044481	7.436743e-06	0.60539174	4.743732e-06	3.4226205e-06	0.0041120145	5.423767e-07	4.6911552e-08	0.0060533267	0.23952164	3.4830991e-06	3.182293e-07	4.061545e-07	1.0617675e-07	0.023183232
priorregion1_spot_121	0.11113824	7.404371e-08	0.106938794	0.13684672	1.6987536e-06	0.2211128	0.08177507	1.5684194e-05	2.0686672e-07	1.6242291e-07	0.0034144828	0.05043043	0.076090306	0.03154935	1.5334413e-07	5.423161e-07	1.0141082e-06	0.18068433
priorregion1_spot_122	0.024682732	1.9736897e-08	0.059537075	4.0792182e-07	4.8170966e-07	0.6350847	0.014899929	0.009131642	9.939089e-07	7.44281e-07	6.98614e-08	1.9891468e-07	0.2400221	1.9377167e-06	0.009264163	5.0877384e-06	2.6543333e-07	0.0073673762
priorregion1_spot_123	0.0028943145	0.00076096907	1.453669e-06	2.5726203e-07	4.4110175e-07	0.66242594	1.1742662e-06	1.1553333e-06	0.010917471	2.3498686e-07	4.327071e-08	2.0197432e-07	0.32299396	2.0066304e-07	2.2132716e-07	8.022461e-07	1.0047586e-06	2.0629733e-07
priorregion1_spot_124	3.9937066e-07	4.2948297e-08	6.795328e-07	3.1755837e-07	4.0765255e-07	0.36104295	1.5137985e-06	6.6495124e-07	4.5144947e-07	6.037098e-07	1.0451307e-07	2.603025e-07	0.62497175	1.0792053e-06	5.616104e-07	0.013960046	1.7455652e-05	7.618556e-07
priorregion1_spot_125	0.011681915	1.7058493e-08	0.041786402	2.9783502e-07	5.8576285e-07	0.35898146	0.061922643	1.9444958e-06	0.017054453	6.906222e-08	6.182771e-08	0.090311624	0.41825753	7.084373e-08	4.7457938e-08	5.1906653e-07	1.7033405e-07	6.592742e-08
priorregion1_spot_126	0.06321417	4.1616875e-08	0.0073382035	0.03300889	0.033833355	0.60043967	1.5729361e-06	0.010580899	3.7788683e-07	0.0037901672	2.5390057e-07	5.3269077e-06	0.1878597	3.4577528e-07	8.771427e-07	0.056403227	0.0035179253	5.194611e-06
priorregion2_spot_1	7.573865e-08	0.44005972	0.08237145	8.9656817e-07	9.599042e-07	2.7184333e-07	0.47321162	2.287168e-06	1.2795657e-07	0.0043519307	1.8795724e-07	8.6003325e-08	1.1919334e-08	1.127548e-07	6.9856696e-08	1.0550819e-07	8.314325e-08	7.710726e-08
priorregion2_spot_2	0.0044859215	0.7313736	0.049073316	5.027914e-07	3.5475497e-07	6.259664e-06	0.1240149	0.08428363	5.3917665e-07	7.236254e-08	1.5095537e-07	1.04839415e-07	2.3953062e-08	4.9901733e-08	5.130516e-08	6.525262e-08	0.006760452	6.2194225e-08
priorregion2_spot_3	1.3221891e-08	0.12566487	1.6196613e-05	1.29438595e-05	0.06835469	5.735852e-06	0.34085515	0.4649986	8.243452e-05	4.7458418e-08	3.260796e-08	8.720307e-06	7.235754e-08	9.407467e-08	5.8870988e-08	2.503624e-07	1.2710738e-08	6.1164826e-08
priorregion2_spot_4	1.397671e-07	0.36386037	6.983672e-06	2.0534637e-06	4.4736495e-05	6.137824e-06	0.27821356	0.3573196	1.626002e-05	5.135198e-08	3.737788e-08	3.0185936e-06	0.0005264348	6.736946e-08	4.6794316e-08	1.06085594e-07	1.2153824e-07	4.7693312e-08
priorregion2_spot_5	0.0014719262	0.12251467	4.9736025e-07	0.009282744	9.420536e-06	6.7342484e-07	0.8541415	8.6367464e-07	2.2417731e-07	3.568557e-08	0.00080952194	3.7542236e-07	1.3085919e-08	9.2143026e-08	5.0484655e-08	3.988727e-08	1.1217783e-08	0.01176736
priorregion2_spot_6	0.0028507789	0.14183845	0.04734385	7.2080707e-07	8.689958e-06	0.00868539	0.6503547	0.1320496	0.013625973	1.06019634e-07	2.8403873e-08	1.2153706e-06	1.297243e-08	9.644332e-08	0.003239883	1.7494187e-07	3.0504363e-08	3.0270058e-07
priorregion2_spot_7	3.0008195e-07	0.99899685	3.656838e-07	3.6196133e-07	3.1985664e-07	4.0402912e-07	1.1954695e-07	2.604645e-07	5.7917898e-08	1.3974899e-07	6.704763e-07	8.214148e-08	1.2834131e-08	0.0009433817	1.408957e-07	5.4705535e-05	1.6311769e-06	1.9915487e-07
priorregion2_spot_8	1.5968038e-08	0.1000392	8.242574e-05	0.018814305	2.8627263e-05	5.9972244e-06	0.21490206	0.6383577	0.027765451	7.3497425e-08	3.0793384e-08	3.5735636e-06	1.7541739e-08	1.1867467e-07	4.643261e-08	1.3786718e-07	5.6137715e-08	9.0940276e-08
priorregion2_spot_9	5.657197e-08	0.3677146	4.3918484e-05	0.07005451	5.294189e-06	9.144352e-07	0.10260403	0.45703593	2.647672e-07	0.0025394382	8.196067e-08	4.0999848e-07	1.7938548e-08	6.4792914e-08	7.9877196e-08	9.146027e-08	1.060098e-07	1.0785145e-07
priorregion2_spot_10	0.002358431	0.36967278	5.466138e-06	1.1634677e-05	5.928395e-05	1.9980648e-06	0.32776892	0.29990327	1.6487116e-06	6.6009584e-08	6.550139e-08	2.425207e-06	1.4063526e-08	7.813506e-08	7.7090846e-08	8.277675e-08	0.00021367025	9.2282875e-08
priorregion2_spot_11	2.9620145e-07	0.78041154	4.5053643e-05	4.9127852e-06	2.0723016e-06	3.2127757e-06	0.21385245	4.3996924e-06	1.2042149e-06	1.3641178e-07	2.2293656e-07	3.881507e-07	2.6874812e-08	2.8696974e-07	8.889393e-08	5.133318e-07	0.0056730513	1.2178977e-07
priorregion2_spot_12	5.4381218e-08	0.22526179	0.15678154	7.2038574e-06	7.777001e-06	6.2215763e-06	0.3483663	0.21210453	0.043928344	2.7067668e-07	6.769256e-08	1.1490882e-06	1.39827705e-08	7.569635e-08	1.1338295e-07	8.231885e-08	0.008373525	0.005161023
priorregion2_spot_13	4.1732026e-08	0.37504944	0.018015727	4.6626604e-07	1.5373229e-06	5.2639475e-06	0.043067597	0.49957526	0.059151605	3.2084472e-08	0.0011933795	9.7891004e-08	7.765198e-09	3.6271018e-08	4.004648e-08	1.4393135e-07	0.003939245	6.003451e-08
priorregion2_spot_14	5.089248e-08	0.53604263	0.021398593	1.2488875e-06	1.5976744e-06	3.0021762e-05	0.36470497	0.07239309	7.0977603e-07	4.653894e-08	0.00037463033	1.097955e-07	3.6562557e-08	5.1950266e-08	4.1758284e-08	4.550043e-08	0.005051825	4.9016773e-08
priorregion2_spot_15	1.1802707e-08	0.0428429	2.114955e-06	0.026614327	3.266461e-06	3.5612746e-07	0.8710194	1.2493932e-06	2.8842305e-07	5.620741e-08	4.8568236e-08	0.05809178	1.3866594e-08	4.5060514e-08	5.869541e-08	7.768638e-08	0.0014239042	8.946061e-08
priorregion2_spot_16	0.0015078539	0.42906255	3.1264137e-06	0.0058740093	5.8878713e-06	1.5482498e-06	0.5505748	5.329441e-06	1.151669e-06	9.7445565e-08	6.101778e-08	0.012963277	1.0984239e-08	5.3543452e-08	2.8506694e-08	6.5955035e-08	1.0603606e-07	4.3629264e-08
priorregion2_spot_17	4.3752248e-08	0.26740718	0.054136846	5.6465747e-06	1.0342961e-05	7.3838155e-06	0.6379665	0.03771058	3.6108536e-06	4.0795618e-07	0.0027464866	2.6746613e-06	1.9341089e-08	2.576708e-07	3.2795262e-07	1.1092665e-06	5.636079e-08	5.135149e-07
priorregion2_spot_18	2.3381427e-08	3.198293e-08	1.5692046e-06	3.6545964e-06	0.02002743	3.9771903e-06	0.6900617	0.27112538	0.016096074	1.4272416e-07	2.0220357e-08	0.0026780427	1.1935904e-08	3.5992363e-07	1.8009476e-07	1.1778613e-06	1.04480895e-08	2.2586636e-07
priorregion2_spot_19	1.7869581e-07	0.53344	0.0040920065	1.514687e-05	0.09234897	8.605242e-06	0.224419	0.14566715	2.8256752e-06	1.1510093e-07	4.5190157e-07	2.067751e-06	3.845606e-08	7.416562e-07	1.0922609e-07	1.6940475e-06	7.0008116e-07	1.4064771e-07
priorregion2_spot_20	8.330557e-09	1.0850346e-08	1.0028707e-06	4.6040864e-07	3.2768005e-06	1.6536426e-06	0.9370112	3.3215729e-06	6.7462233e-06	5.968004e-08	1.1663025e-08	0.06297199	8.39479e-09	8.747721e-08	4.873813e-08	1.2571282e-07	4.527467e-09	8.346451e-08
priorregion2_spot_21	1.8826422e-07	0.99995977	3.684817e-07	2.2340562e-07	3.8451716e-07	1.0490509e-05	3.8205687e-07	4.957828e-07	2.1335612e-07	2.0480344e-07	4.4558985e-07	4.4781737e-07	1.6917571e-08	1.2742586e-05	1.3957359e-07	1.2704304e-05	5.145254e-07	3.4738696e-07
priorregion2_spot_22	4.621875e-08	0.46695596	4.2155175e-06	4.2772876e-06	1.2297064e-05	1.9028466e-05	0.5069466	0.0234594	1.6446705e-06	1.5720887e-07	1.4977056e-07	8.966285e-07	1.6396397e-08	9.543779e-08	5.8573157e-08	1.373777e-07	0.0025949194	1.3833505e-07
priorregion2_spot_23	4.8082867e-08	0.22584116	0.09473293	0.10460709	1.2788854e-05	1.5684695e-06	0.2658937	0.30823404	0.0006757539	5.964012e-08	2.2614536e-08	4.870982e-07	8.476218e-09	1.2141211e-07	4.0639655e-08	6.478954e-08	4.9743576e-08	9.452678e-08
priorregion2_spot_24	0.002957604	0.06290993	0.12677188	1.3855828e-05	2.1704858e-05	1.5817122e-06	0.17250645	0.6348076	8.812942e-06	2.7557107e-08	6.348632e-09	2.922564e-07	6.082586e-09	3.831281e-08	3.991884e-08	1.05212955e-07	1.09405285e-08	5.6580934e-08
priorregion2_spot_25	5.8243305e-08	0.3452623	9.14292e-06	5.4213488e-06	7.358433e-06	1.7759346e-06	0.058116276	0.59659296	1.3541751e-06	7.514617e-08	4.7850683e-08	2.3737919e-06	1.7034191e-08	2.1968354e-07	8.763426e-08	2.6716302e-07	7.817608e-08	9.0613554e-08
priorregion2_spot_26	6.504487e-08	0.45719314	6.063922e-06	0.03881212	3.950308e-06	0.031962622	0.31575242	0.15195924	3.6003207e-06	6.9152705e-08	6.147963e-08	2.335207e-07	1.644989e-08	8.414385e-08	6.249021e-08	7.597862e-08	0.004306127	8.326394e-08
priorregion2_spot_27	0.0009287596	3.045962e-08	4.8612617e-07	3.7033038e-07	1.7574255e-06	0.033173945	0.9658839	7.3665324e-06	2.1473197e-06	6.405457e-08	3.1924934e-08	5.2521045e-07	1.0159919e-08	9.449026e-08	6.8209324e-08	1.0210068e-07	6.9145223e-09	7.931686e-08
priorregion2_spot_28	5.423946e-08	0.48086023	4.999845e-06	8.6863224e-07	2.5335855e-06	1.0797818e-06	1.4018345e-06	0.5185927	3.5364144e-07	7.144351e-08	1.14612924e-07	3.178344e-07	1.2907274e-08	1.1453481e-07	7.9708485e-08	1.8923731e-07	0.00053479394	7.1110364e-08
priorregion2_spot_29	8.963066e-08	0.25703326	1.3610417e-05	0.040219724	8.1921206e-07	3.8394035e-07	0.6217134	0.08035529	9.766185e-07	6.3300085e-08	2.6387466e-08	2.883863e-07	1.3178901e-08	6.7836034e-08	0.0006611874	5.7040857e-08	5.6553255e-08	5.038934e-07
priorregion2_spot_30	0.0008806703	0.536276	0.014558309	4.953491e-06	4.9972277e-06	1.5177565e-06	0.33433577	0.11393315	1.2012491e-06	6.115026e-08	7.27991e-07	1.6083183e-06	4.2273225e-08	4.297891e-07	6.271691e-08	1.0199279e-07	3.345134e-07	2.0202593e-07
priorregion2_spot_31	7.5410014e-08	0.2978638	1.4402714e-05	8.434986e-06	1.0605142e-05	4.8436195e-06	0.21870591	0.48056695	2.6328028e-06	1.4126924e-07	2.652068e-08	5.6189486e-07	1.3540421e-08	7.884387e-08	0.0028212364	8.2218506e-08	6.0219634e-08	1.3933133e-07
priorregion2_spot_32	2.2672207e-06	0.9997334	1.0917169e-06	5.100772e-07	5.928629e-07	1.2198695e-06	4.3925186e-07	8.4982145e-07	2.0801988e-07	4.658723e-07	6.3564903e-06	5.431718e-07	4.2527407e-08	0.00021300717	2.8304346e-06	3.1726333e-05	3.1148345e-06	1.4012336e-06
priorregion2_spot_33	3.2898708e-08	0.49283767	1.0429378e-06	2.4972169e-06	2.0017005e-06	6.2828863e-06	0.48367763	1.7862485e-06	1.4895708e-06	2.708811e-07	6.2083764e-08	1.1559549e-06	0.0035840326	1.5427854e-07	5.7701817e-07	4.883117e-07	8.063845e-08	0.019882651
priorregion2_spot_34	5.4904192e-09	1.0222089e-08	0.004309765	2.957129e-06	8.5025085e-06	9.400835e-07	0.5240989	0.4650066	0.006571383	7.442566e-08	8.350606e-09	4.4014047e-07	2.570756e-08	6.617079e-08	3.4138615e-08	7.195534e-08	4.713722e-09	1.3839933e-07
priorregion2_spot_35	3.9323297e-08	0.33544353	0.019227874	0.054052085	1.500738e-06	9.894947e-07	0.32001424	0.23120987	1.0996758e-06	3.854643e-08	4.5286114e-08	0.034954175	1.1917749e-08	0.005094448	2.1615625e-08	6.11087e-08	5.931869e-08	3.3972146e-08
priorregion2_spot_36	4.4921162e-08	0.18473436	6.593944e-06	1.1142125e-06	2.1135609e-06	1.14362365e-05	0.13346267	0.6780895	3.9362294e-06	5.3607657e-08	4.7357954e-08	0.0020813418	1.584484e-08	5.658938e-08	3.781759e-08	5.6310995e-08	0.0016064887	4.0380915e-08
priorregion2_spot_37	7.1398e-08	0.3376229	0.049621128	0.06150281	2.519256e-06	0.008528183	0.21102783	0.30807	0.01723432	5.3421434e-08	0.00045118682	2.5232953e-07	1.7969638e-08	1.9678147e-07	4.9339008e-08	1.4079386e-07	0.0059382864	7.048213e-08
priorregion2_spot_38	7.1397146e-08	0.39928663	1.786323e-06	7.769944e-07	0.04358578	3.1663672e-07	0.3398735	0.15183148	0.06541822	1.1171306e-07	5.8967117e-08	8.022844e-07	4.642372e-08	9.225389e-08	5.273203e-08	6.844968e-08	8.037168e-08	8.1659145e-08
priorregion2_spot_39	2.622742e-08	0.22682816	1.5879386e-05	0.066322945	1.9224262e-05	7.5443415e-07	0.378859	0.3213606	7.176925e-07	4.550264e-08	2.6914527e-08	0.0032703097	0.003321891	8.2932914e-08	6.004795e-08	6.48356e-08	6.507273e-08	6.566333e-08
priorregion2_spot_40	6.029909e-08	0.24767865	8.5393905e-05	3.9929946e-06	7.387204e-05	5.9865692e-06	0.32034215	0.4106173	1.4893192e-05	1.2924512e-07	6.070262e-08	0.021176478	2.6433247e-08	2.763693e-07	1.5713069e-07	3.0004398e-07	5.4981772e-08	2.18259e-07
priorregion2_spot_41	8.397957e-09	1.388471e-08	1.0280189e-06	1.5697451e-06	0.0052861692	6.0932405e-07	0.53465545	0.4600489	3.4757725e-06	6.481254e-08	1.1771692e-08	1.7575545e-06	7.255405e-08	7.443601e-08	3.4384968e-07	1.5062139e-07	3.7963552e-09	2.3878044e-07
priorregion2_spot_42	1.2078517e-07	0.25691524	6.6957305e-06	1.0695451e-06	2.1477438e-06	1.5551972e-06	0.54547846	0.1910722	1.6555601e-06	0.0031535442	0.0016570949	2.5174788e-07	1.2395425e-08	6.549343e-08	4.5148212e-08	1.0554609e-07	0.0017092582	4.140336e-07
priorregion2_spot_43	3.7962283e-07	0.15676977	5.196165e-06	4.5177017e-06	1.4164515e-05	5.157855e-06	0.62960255	0.21335533	4.101961e-06	8.1274855e-08	2.9499432e-08	1.9545384e-06	0.00023626535	1.0938926e-07	8.334866e-08	1.2616503e-07	1.2317217e-08	1.7080775e-07
priorregion2_spot_44	1.2587864e-07	0.5339972	2.3927141e-06	6.62297e-07	7.0052706e-06	0.0024011259	0.061334055	0.3402096	0.05902933	0.001564884	2.1346813e-07	5.903622e-07	4.97965e-08	2.513994e-07	3.8546457e-08	1.1361772e-07	0.0014523222	8.744463e-08
priorregion2_spot_45	7.629968e-08	0.4689552	8.96617e-06	6.454223e-06	2.30948e-06	1.7089941e-06	0.3626217	0.16840011	2.1016976e-06	6.07184e-08	1.9239866e-07	6.1671886e-07	2.0055783e-08	8.463481e-08	5.4357418e-08	7.912351e-08	1.1143361e-07	6.534602e-08
priorregion2_spot_46	0.003962652	0.2954521	2.8550165e-05	1.8407862e-05	1.9360832e-05	2.4842744e-05	0.43480214	0.26014248	6.6869566e-06	8.132587e-08	4.863399e-08	0.0035345145	0.0011077649	1.9903126e-07	7.85844e-08	1.4287559e-07	0.0008998203	1.0772584e-07
priorregion2_spot_47	9.6780596e-08	0.3580242	2.6495618e-06	0.08208102	1.3768719e-06	1.0994563e-06	0.5585169	2.0749808e-06	6.907903e-07	5.1069726e-08	0.0013688611	6.66741e-07	2.4772847e-08	7.726741e-08	4.110751e-08	6.3004386e-08	9.730172e-08	7.143665e-08
priorregion2_spot_48	0.0077470867	0.71719444	1.5257744e-05	5.889691e-06	7.3069245e-06	0.11592227	0.09455964	1.0237225e-05	5.5702662e-06	1.1896035e-05	0.02093781	6.4096184e-06	7.6345124e-08	0.023090392	5.7311095e-06	0.0001737718	0.020233726	7.244148e-05
priorregion2_spot_49	2.669366e-08	0.15365554	5.5689743e-06	0.0058529126	1.0379337e-05	2.1518276e-06	0.74769366	0.08529261	3.4350185e-06	4.5819583e-08	1.5188135e-08	0.0074834907	1.14213625e-08	6.382502e-08	3.0683328e-08	6.885842e-08	2.4862043e-08	4.724682e-08
priorregion2_spot_50	0.0063778753	0.2716763	6.90235e-05	0.00056693895	3.3840151e-06	4.5042198e-06	0.5528661	0.16284989	3.7469854e-06	3.241176e-08	7.3078596e-08	8.453586e-07	5.1911474e-08	5.7921557e-08	2.917968e-08	5.4175818e-08	0.0055811633	4.4906738e-08
priorregion2_spot_51	4.5829275e-08	0.37938088	0.09763332	1.8345531e-06	2.5447412e-06	9.1468854e-07	1.873483e-06	0.5229772	4.046175e-07	1.6901458e-07	7.420574e-08	1.8406523e-07	4.6178894e-08	7.5998294e-08	8.9894165e-08	2.3151262e-07	5.812102e-08	9.991657e-08
priorregion2_spot_52	4.1192376e-08	0.47056854	0.041919902	0.06061871	8.963602e-06	0.038102247	0.2088809	0.179893	2.643347e-06	4.3374325e-08	3.910907e-08	4.1510525e-06	9.189527e-09	1.09632744e-07	7.287188e-08	9.94145e-08	4.009538e-07	1.3315093e-07
priorregion2_spot_53	6.965951e-08	0.22860572	3.9000603e-05	6.5243985e-05	1.1388261e-05	6.0398916e-06	0.28269967	0.48045075	0.005955205	8.93528e-08	1.5731158e-07	1.31954e-06	2.1121501e-08	9.2972165e-08	5.158963e-08	8.897041e-08	0.002165039	8.127941e-08
priorregion2_spot_54	3.7631732e-08	0.22782154	0.014976769	4.7535195e-05	0.018439218	7.0978294e-06	0.30434054	0.41570628	9.723507e-07	1.7090342e-07	1.3970148e-07	3.1516998e-07	1.590619e-08	0.01865768	1.1161396e-07	1.3394083e-06	5.3429723e-08	1.486579e-07
priorregion2_spot_55	1.7189057e-08	0.09011643	0.00012832023	3.4111663e-06	1.5858384e-06	5.032208e-07	0.54411745	0.3656295	4.0130476e-07	5.8218788e-08	2.0842462e-08	4.4182212e-07	1.03945315e-08	1.4692532e-06	6.529887e-08	1.2884868e-07	2.2687626e-08	1.16074254e-07
priorregion2_spot_56	0.0021885603	0.30096957	0.10539641	0.010549457	0.036884718	2.3662118e-05	0.2411856	0.30273023	6.712228e-05	7.290661e-08	1.5541309e-07	3.5979292e-06	1.6079166e-08	2.4834577e-07	1.041012e-07	1.8925452e-07	1.3980835e-07	1.18326966e-07
priorregion2_spot_57	2.7432195e-08	0.30624864	1.6598948e-05	0.0010519535	2.6426258e-05	6.9073967e-06	0.5654703	0.12680098	4.650115e-06	6.6755135e-08	2.4805633e-08	2.258488e-06	1.6301664e-08	8.6766754e-08	5.2049913e-08	1.1118463e-07	0.00037090422	5.7416504e-08
priorregion2_spot_58	4.2164366e-08	0.2506484	0.01877952	0.05280916	3.383721e-06	3.2094997e-07	0.05204776	0.5867996	0.032466635	1.1014916e-07	2.9233371e-08	4.8838933e-07	0.0022508728	4.1774138e-07	3.333309e-08	3.4845905e-07	0.0041925935	1.05895595e-07
priorregion2_spot_59	1.6100317e-07	0.73487884	0.048660632	0.046717398	4.449886e-06	1.11652525e-05	0.03347799	0.13623643	2.8620304e-06	3.1999764e-07	2.1791995e-07	4.4404305e-06	1.802022e-08	1.937504e-06	5.892734e-07	1.9299105e-06	3.2077398e-07	2.7390507e-07
priorregion2_spot_60	0.00025743875	0.16866702	6.779712e-06	1.2813949e-06	0.05862944	1.6957325e-06	0.45014822	0.3107518	0.010524008	1.0811574e-07	0.0010112264	5.7515524e-07	1.6625082e-08	6.4169924e-08	5.996752e-08	9.8926485e-08	1.02231056e-07	6.711334e-08
priorregion2_spot_61	1.3804417e-08	9.0937435e-09	1.6647558e-05	2.4972167e-06	1.3048058e-05	1.0022619e-06	0.5209575	0.45412305	1.7679976e-06	6.20604e-08	1.4758007e-08	0.018624581	0.00071044435	0.0036282602	5.02268e-08	0.0019207688	5.811755e-09	1.3936688e-07
priorregion2_spot_62	2.2266091e-08	0.12789197	0.08582385	3.1078728e-06	7.075752e-05	6.0073063e-07	0.5652732	0.2209328	2.365377e-06	7.81001e-08	3.6850103e-08	7.1205216e-07	1.695425e-08	8.029183e-08	7.929474e-08	1.049941e-07	3.37842e-08	7.8986666e-08
priorregion2_spot_63	6.1887405e-08	0.40408733	6.576275e-06	0.0026796504	0.00014264337	2.298622e-06	0.06400093	0.44714314	0.034599323	7.321685e-08	4.988977e-08	0.04733735	1.0291504e-08	7.0902054e-08	5.6067837e-08	1.2491509e-07	1.09466804e-07	1.3876296e-07
priorregion2_spot_64	3.6550503e-08	0.11144044	0.10829287	5.745186e-05	5.032423e-06	1.4080456e-05	0.6278653	0.085099205	0.049152933	4.6542422e-07	2.860079e-08	0.018070914	3.3176697e-08	2.7270886e-07	9.40452e-08	3.3405772e-07	7.5633956e-08	3.3532353e-07
priorregion2_spot_65	1.15183525e-07	0.41056228	7.0337715e-06	0.012771403	0.07157272	1.9239324e-06	0.4824195	0.017153107	3.2323567e-06	1.0397285e-07	2.6596716e-08	0.00013941359	1.1152098e-08	1.4938085e-07	7.213647e-08	1.0238406e-07	0.0053689224	5.4393375e-08
priorregion2_spot_66	0.0046209064	0.37734848	6.363134e-06	4.0119294e-06	0.0068325205	0.020974984	0.25365973	0.31743616	8.4428484e-07	6.6118055e-08	2.4932735e-08	1.5869047e-07	1.3647237e-08	0.019115472	6.8775826e-08	9.34674e-08	7.777614e-08	1.5231181e-07
priorregion2_spot_67	0.0034823434	0.51323885	9.825148e-07	0.049418297	7.987645e-06	2.9354803e-07	0.34818903	0.08566094	3.0768524e-07	7.352845e-08	8.935128e-08	2.9180134e-07	1.3047374e-08	7.602174e-08	4.0426567e-08	4.7334876e-08	2.8327833e-07	5.1537814e-08
priorregion2_spot_68	7.610179e-08	0.29832762	4.2308993e-06	1.0559899e-05	2.197239e-06	4.227784e-07	0.4149679	0.28127208	7.611441e-07	3.150101e-07	1.1898199e-07	0.0054130526	1.552384e-08	1.09558435e-07	9.408784e-08	1.7767263e-07	5.600399e-08	1.757684e-07
priorregion2_spot_69	1.7559463e-06	0.39352813	1.1768995e-05	1.43533525e-05	0.00013688172	7.899974e-06	0.5633352	0.042937197	1.6875305e-05	1.4094303e-07	6.579776e-08	7.711314e-06	2.1974637e-08	9.3721945e-07	1.0189246e-07	4.0894213e-07	3.034721e-07	1.3724134e-07
priorregion2_spot_70	6.668354e-08	0.61923975	9.4419704e-07	7.4296736e-07	9.239784e-07	5.225709e-06	0.37150243	3.872236e-06	5.9866346e-05	1.2646942e-07	6.578841e-08	2.2379494e-07	1.64531e-08	1.5307343e-07	8.404528e-08	1.2364268e-07	0.0091852825	1.132777e-07
priorregion2_spot_71	1.13959445e-07	0.18754375	0.005902336	1.8922703e-05	7.739041e-06	5.221114e-06	0.36247015	0.4440472	2.6881069e-06	1.37649e-07	1.8986493e-07	1.0945928e-06	1.5926386e-08	1.0235905e-07	1.0528153e-07	9.3910785e-08	3.790378e-08	1.1010449e-07
priorregion2_spot_72	6.9987806e-07	0.22827697	0.021854395	7.89459e-06	3.812098e-06	9.646241e-07	0.7346668	1.9276202e-05	7.3237356e-07	4.375805e-08	2.9570879e-08	0.015167921	1.0636878e-08	9.037301e-08	4.7828127e-08	9.1297125e-08	8.2039186e-08	5.3276484e-08
priorregion2_spot_73	3.8413106e-08	0.4340529	0.0032205926	1.5675732e-06	8.120594e-06	2.3353748e-06	0.48632902	0.07638039	3.0124072e-06	9.114582e-08	5.3456212e-08	1.2203471e-06	1.6653674e-08	9.7348746e-08	1.0602429e-07	1.5768111e-07	8.936603e-08	1.3349465e-07
priorregion2_spot_74	1.3503885e-07	0.3609506	0.03868345	0.011039094	1.4334373e-05	0.09828104	0.3097573	0.13554358	0.015584566	1.5877306e-07	7.1314716e-08	4.226962e-05	1.632194e-08	0.0171249	1.1531783e-07	0.012977856	4.8109825e-08	6.097591e-07
priorregion2_spot_75	0.0003988764	0.0018010034	1.1326277e-05	3.6136885e-06	2.8519344e-06	1.0015137e-06	0.4746862	0.37289298	0.15020055	1.4278523e-07	1.945235e-08	8.463972e-07	2.4562784e-08	1.0560711e-07	1.6988699e-07	1.518575e-07	1.3269963e-08	2.0208385e-07
priorregion2_spot_76	5.8209586e-08	0.33557376	2.7856468e-05	2.703736e-06	9.471002e-06	0.018641874	0.11517489	0.52442706	2.2648383e-06	2.2087563e-07	6.247298e-08	4.3930467e-07	0.0008833433	0.0052460227	2.5438e-07	9.465968e-06	6.3923984e-08	1.9461197e-07
priorregion2_spot_77	1.0063308e-06	0.17446062	1.1645329e-06	1.4173631e-06	3.770307e-07	6.345812e-07	3.0285642e-07	0.7010105	0.10533406	2.7695722e-07	4.887355e-08	0.017774738	2.1649498e-08	4.3665452e-07	7.3398354e-08	1.9473133e-07	0.001413633	3.988202e-07
priorregion2_spot_78	3.2553732e-08	0.028348103	7.4203535e-07	6.6315977e-07	1.1857315e-06	0.05454943	0.7615933	0.1256759	2.028199e-06	1.3552761e-07	0.001397138	0.008763169	8.439029e-09	0.019058624	1.09944324e-07	5.2368773e-07	0.00060888357	5.6178195e-08
priorregion2_spot_79	4.9606985e-08	0.43492123	1.5137845e-06	6.9972987e-07	2.3183793e-06	0.065945655	3.9270788e-05	0.45944268	0.027994301	5.7114747e-08	1.5592504e-06	0.011645298	1.3524256e-08	1.077041e-07	6.8576014e-08	4.115387e-06	8.1128616e-07	2.1511957e-07
priorregion2_spot_80	6.7678236e-08	0.34641773	1.1595583e-05	5.5392693e-06	9.0634185e-06	1.4802479e-06	0.57292306	0.0806274	2.58278e-06	2.4227873e-08	6.339633e-08	7.6348306e-07	1.3782199e-08	3.7062495e-08	2.4285727e-08	4.047439e-08	5.035163e-07	2.7239189e-08
priorregion2_spot_81	9.587765e-08	0.40748626	0.052473918	1.3023541e-05	5.8748483e-06	6.558964e-06	0.4927294	0.041000128	0.006284007	3.5827533e-08	4.1418716e-08	4.241703e-07	1.0528098e-08	6.657109e-08	2.7419981e-08	5.5127938e-08	1.840263e-07	4.558339e-08
priorregion2_spot_82	0.00016473173	0.31282508	0.023862543	3.059093e-05	0.009446403	5.8624223e-06	0.10357299	0.55008686	1.7395533e-06	1.1556624e-07	1.8554877e-07	1.7741672e-06	3.648157e-08	3.855205e-07	1.1829324e-07	2.7470116e-07	2.3757366e-07	1.232758e-07
priorregion2_spot_83	1.1713468e-06	0.6288703	1.697117e-06	0.04262116	3.703455e-07	8.206182e-08	0.04543746	0.28248507	1.9919803e-07	2.2912205e-08	1.14411186e-07	9.8650524e-08	0.00058159634	4.9501384e-08	2.6318418e-08	3.157405e-08	6.326179e-07	4.4236124e-08
priorregion2_spot_84	4.2137312e-08	0.37956262	3.3690787e-06	8.760651e-06	0.068095796	2.84215e-06	0.3011133	0.25120953	2.318774e-06	8.4330786e-08	3.393401e-08	6.689704e-07	4.4282277e-08	1.7148196e-07	7.537305e-08	1.1212837e-07	5.9364304e-08	1.1673486e-07
priorregion2_spot_85	3.8476574e-07	1.2944752e-08	0.045102015	0.094055206	2.5162303e-06	0.0072945226	0.59729224	0.2553701	1.2512795e-06	5.442312e-08	0.00080899167	2.274965e-07	1.1616557e-08	1.11306434e-07	4.7872824e-08	9.0001855e-08	7.212395e-05	1.0135755e-07
priorregion2_spot_86	2.2675871e-07	0.807615	4.5927877e-06	6.3698633e-07	9.2438495e-07	1.581774e-06	8.5717573e-07	0.18436714	2.6645083e-07	6.516046e-08	2.1509537e-07	7.638108e-08	1.7900216e-08	3.3354812e-07	4.2925112e-08	1.6989107e-07	0.008007797	5.6189712e-08
priorregion2_spot_87	3.7842545e-07	0.49537992	0.038895532	2.5573332e-05	1.1876941e-05	7.3060596e-06	0.22847557	0.23673348	6.1241412e-06	6.636178e-08	2.0019668e-06	9.797561e-07	0.00046005487	7.2330224e-08	4.2931134e-08	1.101415e-07	9.34911e-07	5.257163e-08
priorregion2_spot_88	0.0020308727	0.5950385	0.009803195	2.5453267e-07	2.3774417e-06	5.3236676e-07	0.31453004	0.07858853	1.9081803e-07	2.9798722e-08	8.999569e-08	2.7346331e-07	1.6118998e-08	9.6756345e-08	3.3543433e-08	8.143356e-08	4.9665796e-06	5.0587435e-08
priorregion2_spot_89	3.1677658e-08	0.45509315	0.026464805	0.020554299	0.000103149774	2.5877398e-06	0.3442592	0.13031955	0.023202254	7.194107e-08	5.130119e-08	3.7426526e-07	1.6323458e-08	1.9485148e-07	3.1652835e-08	1.151116e-07	7.032391e-08	1.1295752e-07
priorregion2_spot_90	3.5769894e-08	0.31825957	0.10072585	1.0304556e-06	2.1585165e-06	4.4399144e-07	0.19599047	0.37270445	0.005367069	2.6022104e-08	1.726947e-07	6.369344e-08	2.581817e-08	5.4702124e-08	3.0072947e-08	4.8076274e-08	0.006948686	2.1678122e-08
priorregion2_spot_91	1.294324e-07	0.35034934	0.060588643	0.03529224	7.2578914e-05	2.4392562e-05	0.110004984	0.43459958	0.002652802	3.3033405e-08	1.2194562e-07	1.518932e-06	1.3730006e-08	8.723102e-08	4.1789757e-08	1.10529186e-07	0.006413604	4.9032025e-08
priorregion2_spot_92	1.9943394e-08	0.11579947	1.1419441e-05	0.08084899	0.00014573065	0.077124424	0.701243	3.4916622e-05	0.021845246	1.157258e-07	1.806667e-08	1.612519e-05	1.260207e-08	4.840044e-07	8.240499e-08	1.9919233e-07	0.0029296644	1.0870756e-07
priorregion2_spot_93	0.0013647034	2.823121e-08	0.07194056	0.0002605463	4.4677112e-05	0.008134032	0.62637883	0.2911835	1.6184647e-05	1.3117436e-07	3.0052163e-08	1.5663449e-05	0.0006603675	2.1077872e-07	1.0020466e-07	1.6404336e-07	3.8137088e-08	1.4228088e-07
priorregion2_spot_94	0.0020567426	0.6237956	3.68836e-06	0.042774715	2.5961688e-06	4.3907444e-06	0.33135504	3.0528868e-06	1.100954e-06	1.6166182e-07	2.872101e-07	1.1644529e-06	1.6132349e-08	2.0475477e-07	1.1789882e-07	2.92158e-07	5.955132e-07	2.388274e-07
priorregion2_spot_95	0.0064105606	0.4162717	4.0533005e-06	6.9957828e-06	1.6993301e-05	0.03248213	0.4660392	0.0666221	0.00921605	2.3849458e-07	1.217427e-07	1.7516329e-06	0.0029260472	1.8027907e-07	3.3052575e-07	7.5697926e-07	2.7313177e-07	3.859786e-07
priorregion2_spot_96	1.4164036e-06	0.49960116	3.0032893e-06	3.470474e-06	7.3732535e-06	4.251058e-06	0.3496699	0.14702807	5.458247e-06	9.828738e-08	2.4011806e-07	3.6140782e-06	7.412914e-05	1.848827e-07	0.0029481763	1.8841082e-07	0.0006490788	1.6585288e-07
priorregion2_spot_97	4.4912092e-08	0.17948778	0.0983316	1.1561151e-06	0.021178294	8.827075e-07	0.39810193	0.30289465	1.603469e-06	9.4291806e-08	3.956432e-08	4.369966e-07	1.3660837e-08	3.2538318e-07	1.276694e-07	9.256052e-07	5.0682566e-08	1.525941e-07
priorregion2_spot_98	1.6217281e-07	0.31264386	0.028282335	8.7511165e-07	7.580525e-05	0.01577493	0.6420373	2.5141512e-06	2.0148493e-06	7.193426e-08	5.6765356e-07	1.3290792e-06	1.7241204e-08	1.0043477e-07	5.7385428e-08	1.2226089e-07	0.0011779121	9.3695405e-08
priorregion2_spot_99	0.0040523726	0.16659398	1.5652837e-05	0.118549734	1.8876814e-06	3.8029327e-07	0.15355118	0.5572343	3.888253e-07	4.8912106e-08	1.848305e-08	1.198871e-07	1.39262335e-08	3.6126494e-08	2.815796e-08	4.1899213e-08	3.2740918e-08	3.578558e-08
priorregion2_spot_100	9.27496e-08	0.48101074	2.8204263e-06	8.1270764e-07	2.1048231e-06	2.9887801e-06	0.40941536	0.0753652	0.03377382	6.6458307e-07	1.1013559e-07	9.829027e-07	2.7756606e-08	1.1145591e-07	1.4544891e-07	1.721772e-07	0.00042386577	1.2027368e-07
priorregion2_spot_101	0.0024100041	0.19646537	0.03665659	0.013246495	9.392281e-06	3.6717317e-06	0.058943894	0.69225985	2.3474386e-06	1.2846716e-07	3.937156e-08	4.8120677e-07	1.8239104e-08	4.5529578e-07	2.38698e-07	2.558903e-07	6.182223e-08	6.7556533e-07
priorregion2_spot_102	3.5915406e-08	1.5478628e-08	2.2300675e-05	7.778583e-06	3.3682576e-05	7.696197e-06	0.46020973	0.5367605	5.7921166e-06	9.3561134e-08	2.8544225e-08	2.0113669e-06	4.5826503e-08	1.4760462e-07	1.5212382e-07	1.5822832e-07	5.7751052e-08	0.0029498378
priorregion2_spot_103	2.8438283e-08	0.26066858	0.04426277	4.7874615e-05	0.06055048	1.4334368e-06	0.47543523	0.08834478	0.05367907	5.2556196e-08	6.70988e-08	0.014455975	1.4771895e-08	5.8239376e-08	2.8561681e-08	9.824433e-08	0.0025534304	3.674675e-08
priorregion2_spot_104	0.005095334	0.42688715	4.544305e-06	0.004372169	2.880075e-06	2.0011937e-06	0.30901974	0.19962588	0.054673146	6.3195046e-08	1.0698841e-07	3.4089138e-07	1.6239095e-08	6.11219e-08	4.5052417e-08	5.0372726e-08	0.00031638445	7.367352e-08
priorregion2_spot_105	2.379729e-08	0.259309	3.4097586e-06	7.4199083e-06	0.08305484	0.046836574	0.28676543	0.2339261	0.090085015	1.0717805e-07	5.776346e-08	8.78626e-06	2.7153174e-08	1.5479284e-07	3.8297478e-07	4.334252e-07	1.9859348e-07	2.0781683e-06
priorregion2_spot_106	6.6023354e-08	0.1092611	4.4994795e-06	1.1016691e-05	9.281916e-06	1.4449346e-06	0.5578155	0.33287346	2.2271295e-05	9.126951e-08	3.978579e-08	8.634691e-07	1.2510247e-08	1.08571676e-07	1.3293561e-07	1.1029584e-07	2.5282958e-08	8.91654e-08
priorregion2_spot_107	1.5873676e-08	3.4479342e-08	0.012457187	0.00021743342	7.900684e-06	3.9621114e-06	0.2359888	0.6467255	0.09769852	1.2139766e-07	3.1398297e-08	4.1077305e-07	1.4454582e-08	1.4328558e-07	1.06928e-07	1.9816977e-07	7.837551e-09	0.006899646
priorregion2_spot_108	1.8104473e-07	0.42843786	5.524766e-06	8.404474e-06	3.9947885e-05	1.445446e-06	0.022075724	0.54942703	2.8777965e-06	3.6410658e-08	1.804239e-07	3.072656e-07	1.3919172e-08	8.982604e-08	5.6202865e-08	5.7388746e-08	1.4437921e-07	4.1462947e-08
priorregion2_spot_109	4.2288686e-08	0.37188444	0.1330956	2.2695956e-06	3.5828307e-06	2.0402897e-06	2.8528602e-06	0.49500573	2.3010703e-06	6.3417914e-08	5.5533906e-08	2.623045e-07	2.2432864e-08	1.8268527e-07	8.980997e-08	2.544544e-07	1.01685096e-07	1.2178381e-07
priorregion2_spot_110	7.2136224e-08	0.35443923	1.32607e-05	2.899608e-06	0.03930122	4.792429e-06	0.22708681	0.37794238	1.58984e-06	7.792503e-08	4.4505736e-08	1.60746e-06	2.4115288e-08	1.044106e-07	5.259174e-08	1.706534e-07	0.0012054826	9.3778546e-08
priorregion2_spot_111	0.003098918	0.243907	5.551584e-06	6.4576204e-07	1.4614018e-06	2.5027077e-06	0.55000114	0.11308455	0.04000433	6.745217e-08	1.4184869e-07	3.7432528e-07	3.276194e-08	0.045098945	1.14559334e-07	2.5108938e-07	0.0047940416	1.5981253e-07
priorregion2_spot_112	0.00019793518	0.12659867	2.2794575e-05	3.6113051e-06	0.06025333	8.882157e-06	2.41371e-06	0.8129077	1.3330133e-06	3.3573286e-07	2.2289804e-08	2.3395779e-07	1.5201236e-08	1.9442787e-06	3.643995e-07	3.179742e-07	1.181672e-08	1.0749026e-07
priorregion2_spot_113	7.355112e-08	0.3959516	5.465496e-06	2.2035198e-05	1.6330165e-05	1.8403523e-06	0.2968282	0.29939348	6.0977245e-06	9.125122e-08	7.107539e-08	0.0077739656	1.6581305e-08	1.0122479e-07	5.7379953e-08	1.5046527e-07	2.0226649e-07	1.0962991e-07
priorregion2_spot_114	0.0012513862	0.5197249	0.0001733776	5.347279e-06	1.0175346e-05	2.1206042e-06	9.447052e-06	0.47666743	6.466699e-07	6.740536e-08	3.282475e-07	2.0156826e-07	2.0477218e-08	1.3855154e-07	8.313936e-08	0.002154161	1.0949678e-07	8.235191e-08
priorregion2_spot_115	3.7337823e-08	0.1738545	1.3113161e-05	5.3706635e-06	1.1238933e-05	9.229721e-06	0.3129508	0.5131486	5.272334e-06	1.9347361e-07	2.2729676e-08	1.3510161e-06	1.3021968e-08	1.6150955e-07	7.298543e-08	1.1172025e-07	3.2321687e-08	8.064289e-08
priorregion2_spot_116	1.8685862e-08	0.4353087	2.1849712e-05	3.896504e-06	0.023485146	0.015978979	1.4403043e-05	0.5251787	4.1526596e-06	6.2702796e-08	2.7280144e-08	3.5258822e-06	1.3771321e-08	1.16506705e-07	3.9777387e-08	1.6843174e-07	3.613683e-07	8.2127066e-08
priorregion2_spot_117	3.1094206e-08	0.26339772	6.370726e-06	0.07117736	3.1627278e-06	5.5679425e-07	0.42608163	0.23933147	1.0437292e-06	3.5739983e-08	4.8321382e-08	2.8869272e-07	6.975482e-08	4.590939e-08	3.419325e-08	4.879605e-08	6.071817e-08	4.5915172e-08
priorregion3_spot_1	7.220107e-09	5.387356e-09	4.3473747e-08	3.2867543e-08	2.3905085e-07	2.574748e-07	8.878936e-08	6.7839395e-08	0.41167694	9.39625e-07	9.423342e-09	7.4157896e-08	6.1051453e-09	0.02601484	0.5623035	2.5362397e-06	4.094008e-09	4.0405803e-07
priorregion3_spot_2	4.930057e-07	1.3632823e-07	2.634556e-07	0.07702466	0.10007949	8.903191e-08	0.021136375	2.6694113e-06	0.32298082	1.1861365e-07	1.0905661e-07	2.1442514e-07	5.41888e-08	1.6427569e-07	0.09685034	0.021278227	0.35513863	0.0055071386
priorregion3_spot_3	0.0004913957	2.8405253e-07	1.5005021e-06	0.0025391555	1.3832221e-06	3.1117548e-07	0.039187945	0.0051777265	2.4763287e-07	0.0057154414	5.9586004e-05	6.367961e-07	0.0018432217	1.3789144e-06	3.0818524e-06	9.845891e-06	0.23621438	0.70875245
priorregion3_spot_4	2.2542708e-06	1.5006188e-07	1.09053374e-07	2.7066292e-07	1.50784e-07	1.2322845e-07	1.594203e-07	1.7143488e-07	1.0112784e-06	0.14839807	1.8377041e-07	3.2889395e-07	0.0007563835	2.6631028e-07	0.20205817	0.09623434	0.32747293	0.22507499
priorregion3_spot_5	2.4423937e-07	1.10542054e-07	1.8809749e-07	0.029240513	4.369948e-07	9.906857e-08	3.954777e-07	2.1241203e-07	0.1494296	1.8626522e-06	7.396102e-08	0.018880406	7.319338e-08	1.8615911e-07	0.15205017	1.1228132e-07	0.3092219	0.3411734
priorregion3_spot_6	1.8457546e-07	3.7512248e-08	4.5994688e-07	1.22411e-07	1.5224646e-07	1.41662795e-05	6.606144e-08	1.0400082e-07	1.12763374e-07	0.13117503	3.53054e-08	2.0035566e-07	3.3054455e-08	3.5382598e-07	0.3470737	9.0403523e-07	0.19446562	0.3272687
priorregion3_spot_7	1.6399287e-07	4.2129095e-08	3.9556044e-06	0.042010695	0.28833637	8.9052655e-06	0.0069522928	0.05104696	2.8692348e-06	0.0076860595	8.1647116e-08	4.0816056e-07	3.4205293e-08	0.016343368	0.08334717	2.2943384e-06	0.16758068	0.33667767
priorregion3_spot_8	0.002014175	1.7972729e-08	1.5756173e-06	0.028513059	0.29668555	7.7167067e-07	2.866899e-07	5.5703794e-07	1.4979729e-07	2.1080685e-07	2.0707523e-08	4.4107276e-07	1.858251e-08	1.96428e-07	0.34063715	2.4535422e-07	2.1984363e-08	0.33214545
priorregion3_spot_9	4.1225786e-07	1.5155341e-07	1.8384634e-08	2.4625972e-08	2.627112e-08	2.5974465e-08	3.1552855e-08	2.3158268e-08	3.6435296e-08	2.0028887e-07	1.3118272e-07	2.8640356e-08	7.547311e-08	5.533013e-08	0.5367351	5.792412e-08	0.46324682	1.6710812e-05
priorregion3_spot_10	0.0036263943	1.1761248e-07	0.036986105	0.081093	0.21868336	9.6765325e-06	0.05519462	3.7317488e-06	0.23049422	1.6143434e-06	4.2679524e-08	1.784905e-05	4.6347882e-08	1.4244238e-06	0.10817541	5.122238e-07	0.08391148	0.1818004
priorregion3_spot_11	9.890192e-05	6.017139e-08	8.797445e-07	0.021303026	0.012459375	0.025073819	7.927627e-06	2.1687417e-06	0.5487289	6.9270077e-06	3.340284e-08	4.6385685e-06	3.505438e-08	0.028880551	0.24362972	1.4006009e-06	1.5854157e-08	0.119801566
priorregion3_spot_12	1.9798305e-08	2.4395181e-08	7.715089e-06	0.08190544	0.22881694	8.512529e-06	0.01073293	0.030146344	0.13908611	1.520286e-06	2.2764223e-08	2.0246673e-06	7.439571e-08	4.9427625e-05	0.33262712	1.0235763e-05	1.0357482e-08	0.17660546
priorregion3_spot_13	3.409203e-07	1.6799842e-07	7.254109e-08	1.3617999e-07	9.75764e-08	8.6885e-08	1.2440701e-07	7.3360354e-08	9.73847e-08	2.2599004e-06	1.9239675e-07	2.743585e-07	1.2467936e-07	2.1148385e-07	0.46187896	1.1920664e-06	0.42985275	0.10826276
priorregion3_spot_14	8.0896605e-09	1.6345927e-08	3.6291456e-06	0.012298922	0.38424614	0.021639884	7.254823e-06	9.297926e-06	0.2882212	2.0167124e-07	1.5399062e-08	1.4962468e-06	9.969866e-09	1.7890687e-07	0.2935708	2.5449364e-07	7.556006e-09	7.739312e-07
priorregion3_spot_15	0.000618012	3.2274265e-08	0.046774894	0.15950647	0.17761494	0.034426723	1.1542354e-06	0.05022511	4.76651e-07	2.546216e-07	8.022198e-09	0.0052736346	8.979003e-09	0.019782627	0.1509222	5.95343e-07	3.883684e-08	0.3548527
priorregion3_spot_16	2.2488095e-08	1.9124455e-08	8.8790625e-07	0.12449688	1.32079695e-05	7.818934e-07	0.09122669	0.034877956	0.24849683	2.4587491e-06	1.8779575e-08	1.8354967e-06	1.6953107e-08	2.3939734e-07	6.5242904e-07	3.4413213e-07	8.852312e-09	0.50088114
priorregion3_spot_17	0.0006033502	7.319428e-09	5.9423126e-08	8.432852e-08	7.160562e-08	1.3332289e-07	6.9657915e-08	5.8080712e-08	0.35667145	1.9568836e-06	6.3741723e-09	5.5867827e-06	6.8720785e-09	1.0417349e-06	0.15289657	0.10538426	6.4598535e-09	0.38443527
priorregion3_spot_18	3.7551726e-07	1.0816342e-07	4.94346e-07	1.506283e-06	0.22751176	5.347154e-07	0.016113123	0.019827329	0.18626884	0.0181744	1.423535e-07	9.1371203e-07	1.3240074e-07	1.6013132e-07	0.232385	2.6392226e-07	0.2997135	1.5156623e-06
priorregion3_spot_19	0.0016674687	1.35832385e-08	1.1149099e-06	0.05627266	0.09983984	6.868859e-07	3.023337e-07	6.0270287e-07	0.25751385	2.3878644e-07	6.506725e-09	0.008708062	5.941812e-09	4.2476034e-07	0.20723933	8.799899e-07	2.5835838e-08	0.36875448
priorregion3_spot_20	0.0020610725	5.348546e-08	4.8774496e-07	0.088898614	0.08954284	2.9171045e-07	0.042490523	2.2327497e-06	0.15627342	7.9847905e-07	8.0825885e-08	5.3600405e-07	1.1614799e-08	7.117915e-08	0.2942247	1.14713664e-07	0.075151525	0.25135258
priorregion3_spot_21	5.8497537e-08	1.8878868e-07	1.2946399e-06	4.272719e-05	0.27677965	8.5956157e-07	8.381641e-07	4.1932861e-07	0.24255206	0.005576716	3.0638592e-08	2.2435831e-06	3.050608e-08	0.01786831	0.20463154	2.569672e-07	0.052660972	0.19988173
priorregion3_spot_22	2.7031735e-06	3.4327783e-07	0.012846859	6.2570416e-07	0.077697605	1.06057186e-07	1.1269391e-07	7.4364436e-07	7.211125e-08	7.1026915e-07	4.1854537e-07	1.4610983e-07	1.5275296e-07	1.0758493e-07	0.26640502	9.359285e-08	0.44140354	0.2016406
priorregion3_spot_23	2.2487209e-06	1.8651711e-07	2.9743853e-07	5.5128617e-06	0.1902815	3.0257277e-07	4.4689037e-07	7.793259e-07	0.22296092	6.272256e-07	3.7655613e-07	3.2951738e-07	9.7838374e-08	7.231601e-07	0.18761486	0.0026662373	0.39646402	5.4825546e-07
priorregion3_spot_24	0.008947186	7.348489e-08	2.6459352e-07	0.028142573	0.2785813	0.010535276	1.3168549e-06	5.1527735e-07	6.950561e-08	2.116413e-07	4.960219e-08	4.442849e-06	2.1466761e-07	0.011078577	0.48518595	2.1401229e-07	0.17751753	4.3038544e-06
priorregion3_spot_25	0.006491625	8.611539e-08	0.0134038	0.010412871	0.21993108	1.3565597e-07	7.53541e-07	2.1647486e-06	2.3417594e-07	3.883244e-07	3.3988183e-08	1.2675851e-07	0.0013771477	0.01504762	0.2691638	1.2346513e-07	0.17404485	0.29012325
priorregion3_spot_26	0.0030096679	4.4404769e-07	1.4365536e-06	0.024340536	0.103613175	3.2638548e-07	5.388708e-07	0.044761647	6.126516e-07	3.9814964e-05	5.8700834e-07	5.1860434e-07	7.6078805e-08	1.0002592e-05	0.13402231	0.005444664	0.34438875	0.3403649
priorregion3_spot_27	0.0006281043	2.9172364e-08	2.4878066e-06	1.5799696e-06	0.22648299	9.628437e-07	1.1744797e-05	9.263795e-06	0.3058837	9.2483486e-07	5.4294933e-08	8.6362036e-07	0.00086312543	9.954455e-07	0.46566516	5.560593e-06	0.00043994625	2.4307433e-06
priorregion3_spot_28	2.597151e-06	6.604533e-07	2.2582444e-06	0.07015378	0.07099834	7.845548e-07	2.5408983e-07	8.9622364e-07	0.1666845	0.04924407	1.68599e-07	9.817751e-07	7.375809e-08	2.9830562e-07	0.16192882	6.395722e-07	0.3382401	0.14274073
priorregion3_spot_29	7.484032e-07	6.043068e-08	1.3069256e-06	5.2587943e-06	6.543664e-07	4.663701e-07	4.698399e-06	3.2107305e-06	0.10233758	0.027517179	1.07961306e-07	8.9915136e-07	5.711704e-08	1.3141163e-06	0.096853256	0.043911107	0.1334914	0.5958707
priorregion3_spot_30	3.0368422e-08	1.3243427e-08	0.014473846	0.016656267	8.289351e-07	7.349576e-07	6.8737546e-07	0.03116867	0.0925025	0.0062279734	2.0942112e-08	3.3254778e-07	1.1094326e-08	2.303739e-07	0.8333592	1.627945e-06	7.676123e-09	0.005607096
priorregion3_spot_31	0.003522332	2.3003274e-08	8.715899e-07	0.039828166	0.11092311	0.04485956	0.023370024	0.038940232	0.14727871	1.6291226e-06	2.035326e-08	6.3114715e-07	4.076446e-08	1.384163e-06	0.23956466	3.1837678e-07	0.04997159	0.30173665
priorregion3_spot_32	8.932294e-06	1.9563961e-08	4.2405065e-07	0.04169774	4.6989595e-07	1.2493932e-07	1.3033399e-07	2.0840355e-07	1.0487149e-07	7.5849225e-06	7.58703e-08	9.8374905e-08	5.4212403e-08	6.0455386e-05	0.45921838	0.01962399	0.18352537	0.29585585
priorregion3_spot_33	0.0006986563	1.4264124e-07	0.022709044	0.009750672	1.972081e-07	1.7679726e-07	3.8212907e-05	0.0069261203	0.17516907	7.7042e-07	1.2843552e-07	7.244341e-08	7.07084e-08	3.0585954e-07	0.49056906	7.553257e-08	0.27961046	0.014526799
priorregion3_spot_34	5.9372803e-07	6.744677e-07	2.828839e-06	4.4291475e-05	0.6541034	2.0006494e-06	3.901071e-05	1.2389315e-05	0.16900665	1.3035452e-07	4.809591e-08	0.0044965753	4.4999652e-08	3.02554e-07	0.020250702	0.009318117	0.101316474	0.04140576
priorregion3_spot_35	0.0039975247	8.1953544e-08	1.250214e-05	0.037146933	5.4070233e-07	7.0095655e-07	6.161774e-07	0.013233537	0.21617739	7.000975e-05	1.1615777e-07	1.9746886e-07	7.9036255e-08	1.4133043e-06	0.20965084	1.4490117e-06	0.13091666	0.3887894
priorregion3_spot_36	5.8534202e-05	1.7894772e-07	0.016197344	0.0034700562	1.2481128e-06	2.6080818e-07	1.7943177e-06	0.022375755	0.3839034	4.897082e-07	1.4120978e-07	2.3018768e-07	6.991393e-08	1.8722717e-07	4.474261e-07	2.3751687e-07	0.3510961	0.22289354
priorregion3_spot_37	1.9413557e-05	0.0010365138	4.7318508e-07	0.05449956	0.13725352	2.458426e-07	0.035655018	0.033485476	0.20186359	0.008877644	4.6179814e-08	1.2136309e-06	6.151574e-08	1.6500732e-07	0.20946293	4.5499635e-07	0.30542096	0.012422768
priorregion3_spot_38	4.210345e-08	2.637301e-08	1.3169665e-07	0.049729932	0.033247672	1.4353968e-07	0.037721384	2.476971e-07	0.26173162	4.3143402e-07	4.3500897e-08	3.816741e-07	2.9421157e-08	2.2274897e-07	0.33483955	2.0404184e-07	0.13229445	0.15043357
priorregion3_spot_39	0.006078448	4.9958846e-08	0.0038682146	0.13811924	0.11730225	3.7956534e-06	1.2749975e-05	0.0032790727	0.43045723	4.6860697e-07	5.0310213e-08	0.03327021	3.401845e-08	4.973569e-07	0.062068865	2.8215476e-07	0.1432897	0.06224876
priorregion3_spot_40	1.8703024e-07	0.0012348766	6.0939414e-07	7.9202374e-07	0.31609	4.7875565e-06	4.8003193e-07	1.1275041e-06	0.20034245	0.028274266	8.7713985e-08	1.112859e-06	1.7089114e-08	2.1561355e-06	0.26792437	2.2347047e-05	0.092073366	0.09402701
priorregion3_spot_41	0.0034160772	1.2198984e-07	1.671141e-06	1.2776346e-06	0.10404447	3.3042772e-05	0.04488321	5.3630815e-06	0.48230797	0.007523128	8.6264755e-08	3.0417978e-06	3.9306865e-08	0.024494544	2.1112508e-06	1.0985951e-06	0.10896886	0.22431391
priorregion3_spot_42	0.02227799	6.231867e-08	6.9764224e-06	0.36318266	0.0522991	0.04590001	0.03775331	2.1757178e-06	4.0391814e-07	8.846487e-07	1.460057e-07	1.2365507e-06	1.5161737e-07	1.7503704e-07	2.2928374e-07	1.4145118e-07	0.19286236	0.285712
priorregion3_spot_43	1.463218e-08	1.3461708e-08	7.236732e-07	0.024906835	0.08563402	3.0435172e-07	2.6436517e-05	0.00018008515	0.5776668	3.5031198e-06	1.0096936e-08	3.57563e-07	7.6936555e-09	2.5778658e-07	0.31157768	2.2173717e-06	5.093239e-09	7.2620475e-07
priorregion3_spot_44	0.0025474331	8.28519e-08	0.018615253	0.010816042	0.0380351	0.0053629866	0.015281414	3.3931294e-06	0.007044719	0.0011683763	0.0003065165	0.022828458	6.13001e-08	2.0692076e-07	0.23981676	0.018819027	0.23254901	0.38680518
priorregion3_spot_45	1.0596103e-07	9.841108e-08	2.4152726e-07	4.667934e-07	0.146718	0.011374129	0.061687876	7.7345896e-07	0.43766284	8.858148e-08	7.582109e-08	0.01640639	9.895146e-08	9.0540816e-08	4.2171184e-08	8.75524e-08	0.32614857	7.4219905e-08
priorregion3_spot_46	0.008801274	4.3190867e-06	2.570072e-07	1.2518088e-07	8.839533e-08	1.2858902e-07	1.2232239e-07	2.5372952e-07	1.1150053e-07	0.05142335	1.8642258e-07	1.8946014e-07	6.590845e-08	4.7651247e-07	0.31371036	5.5398783e-07	0.2616724	0.36438575
priorregion3_spot_47	4.4870814e-07	5.5066522e-08	0.018231643	1.7613228e-06	7.4146055e-06	0.011540921	3.928273e-07	3.2616697e-07	9.412573e-08	0.018399427	3.224641e-08	6.9409316e-06	3.414768e-08	0.00859152	0.6472642	4.9654464e-05	0.15145555	0.14444962
priorregion3_spot_48	1.0149756e-08	2.0217524e-08	8.951304e-06	0.02148834	0.046876974	1.3365757e-06	5.8694248e-05	0.100625575	0.71119726	2.0479055e-07	2.112584e-08	8.548709e-07	1.8862519e-08	0.015107667	5.50998e-07	1.3184182e-05	9.826896e-09	0.1046203
priorregion3_spot_49	4.3243745e-07	8.120486e-08	2.2792692e-06	2.0102823e-05	0.37593418	3.3122342e-07	3.1732607e-06	0.0152015705	0.19831918	8.7907915e-07	2.2314373e-07	5.1436064e-07	1.0973026e-07	1.2253204e-07	0.1141859	4.682565e-07	0.29632974	6.55443e-07
priorregion3_spot_50	2.1847928e-08	1.0392007e-08	1.8483247e-07	0.013167594	0.50979054	0.00035152162	0.0065538227	1.020266e-06	0.0015624898	0.042658098	5.4573985e-09	6.870394e-07	5.358922e-08	1.7419273e-07	1.6516941e-07	2.7384633e-07	5.911715e-09	0.42591336
priorregion3_spot_51	1.077855e-06	1.5976994e-07	2.6532356e-07	0.017930418	0.08881475	1.3970177e-07	0.023566019	9.821325e-07	5.820491e-07	0.007051243	0.0022273087	0.030179488	1.4140473e-07	9.78236e-08	0.39356348	1.8229042e-07	0.3970738	0.039589833
priorregion3_spot_52	7.752028e-09	8.74452e-09	0.0149800405	9.769828e-08	8.399612e-08	5.4565724e-08	6.232198e-08	3.6928957e-06	6.500924e-08	4.6762793e-06	5.6685043e-09	6.000654e-08	8.738751e-09	1.01725945e-07	0.3377646	2.520766e-07	3.859514e-09	0.6472461
priorregion3_spot_53	1.435446e-08	9.475074e-09	4.2477396e-07	0.058342837	5.5268197e-06	0.061074063	1.5825975e-05	1.200038e-05	0.495349	1.4058317e-05	1.19604335e-08	2.1768086e-07	9.93089e-09	5.677853e-07	0.16422498	0.022282721	4.3585056e-09	0.19867772
priorregion3_spot_54	1.85594e-06	2.1289235e-07	2.3840856e-07	0.053108778	0.07102371	5.500444e-08	0.028833559	0.07015608	9.675524e-08	7.955969e-07	2.0158622e-07	2.2176545e-07	8.211871e-08	8.362264e-08	1.6355554e-07	3.2131126e-07	0.4484739	0.3283997
priorregion3_spot_55	2.5775444e-07	6.42179e-08	3.1252594e-07	0.022638468	0.053880334	1.2539896e-07	0.05620122	7.783678e-07	4.3424842e-07	1.1178795e-06	4.405998e-08	0.01640961	2.0146182e-08	3.0636207e-07	0.12378435	1.7297737e-07	0.14429636	0.58278596
priorregion3_spot_56	2.3244768e-06	1.5912231e-07	2.6665924e-07	0.10871409	6.045329e-07	1.9655145e-07	2.642722e-07	8.408799e-07	0.13105564	4.813932e-07	2.451438e-06	0.06648322	1.1164156e-07	0.0047048875	3.724022e-05	5.9529714e-07	0.36976707	0.31922954
priorregion3_spot_57	0.0035529365	5.7392167e-08	0.013865125	0.09644822	0.22838236	1.486803e-06	8.368922e-06	0.10379755	0.1709622	0.016510792	1.5406059e-07	0.002212301	3.3180055e-07	0.022376833	3.0042718e-06	3.1192405e-07	0.17886457	0.1630134
priorregion3_spot_58	6.373003e-09	4.1725925e-09	5.240723e-07	2.7028386e-07	7.105598e-07	1.808529e-07	2.9029441e-05	2.5097728e-05	0.6610032	1.4080624e-06	3.7394994e-09	9.214422e-08	6.007455e-09	7.048934e-08	0.0911616	9.382217e-08	2.9506144e-09	0.24777767
priorregion3_spot_59	7.887676e-09	8.237513e-09	0.0356643	0.014892379	0.27501425	9.0660416e-07	6.1564606e-05	0.09254216	0.2645687	5.489337e-07	7.499047e-09	4.929418e-07	6.2964425e-09	9.70836e-08	0.31725407	1.4776234e-07	4.477541e-09	3.3278215e-07
priorregion3_spot_60	5.3929584e-06	4.2072466e-07	3.00235e-07	5.9036194e-07	0.032506052	0.0065728184	1.9463629e-07	2.988413e-07	2.1833503e-07	5.471648e-07	3.8350504e-07	4.1045877e-07	1.2020705e-07	2.0840405e-07	0.52632904	1.9313694e-07	0.4050125	0.029570356
priorregion3_spot_61	0.0035738617	3.510556e-08	1.6099881e-06	0.008369125	8.861651e-07	0.008875928	3.583709e-06	1.7989963e-06	0.4684777	1.1894022e-06	1.3339259e-08	6.651195e-07	3.2278308e-08	3.825716e-07	0.18896104	3.0295894e-07	0.031249084	0.2904828
priorregion3_spot_62	7.0920777e-07	1.1198143e-07	1.1064127e-06	0.11224874	0.06749953	1.2126087e-06	6.2796084e-06	8.131173e-06	0.3913924	1.3135266e-06	0.0007345867	0.014617931	4.5485177e-08	2.8385736e-07	0.12587321	5.673349e-07	0.17762704	0.10998676
priorregion3_spot_63	9.058668e-07	9.94732e-07	6.406375e-07	1.492681e-06	4.5033167e-07	6.313625e-07	3.2025292e-07	5.539414e-07	0.19291997	0.00074298534	4.490306e-07	2.5314432e-07	7.274059e-08	6.6439e-05	0.21888548	6.1507507e-07	0.4208935	0.16648425
priorregion3_spot_64	0.0013223109	1.6932491e-08	1.293584e-06	3.2836517e-06	0.21337463	1.6833437e-07	1.2912867e-06	0.09137125	0.28899795	4.305469e-07	4.430046e-09	0.0516553	4.3248995e-09	0.010423399	2.0532403e-07	4.5245295e-07	5.4553357e-09	0.342848
priorregion3_spot_65	1.2012915e-08	5.9729064e-07	7.823169e-07	7.655898e-07	0.13975127	2.6348212e-07	0.049997836	0.021133976	0.3572473	0.005146924	1.4965645e-08	2.1354579e-06	5.2823363e-08	1.877378e-07	3.3284152e-06	1.8518682e-07	1.0490691e-08	0.42671433
priorregion3_spot_66	4.1709072e-07	3.84335e-08	2.3206057e-07	6.9079164e-07	0.25436667	8.419275e-07	9.1286773e-07	4.7934634e-07	0.3670646	6.5385666e-06	1.1045018e-07	0.010998435	5.6784536e-08	1.2405567e-06	1.1436696e-06	0.047986787	0.20655034	0.11302059
priorregion3_spot_67	0.011643095	1.0086398e-07	0.023761947	0.08243268	3.8580154e-07	3.1617634e-07	1.0961223e-07	6.5014535e-07	0.2703793	1.8074599e-07	1.4455311e-07	2.817849e-07	2.530843e-08	1.3638868e-07	0.4670612	1.4896484e-07	0.052337877	0.09238143
priorregion3_spot_68	5.5299108e-09	7.859849e-09	8.918641e-08	7.1978874e-08	4.8687916e-08	2.881994e-07	6.503187e-08	3.851464e-08	1.4926715e-07	9.894253e-06	4.4625144e-09	1.2669537e-07	5.5235128e-09	1.966998e-07	0.4443058	0.0611558	4.8558446e-09	0.49452734
priorregion3_spot_69	9.853979e-09	4.940192e-08	6.0026076e-07	2.9236492e-07	4.565308e-07	1.8625852e-07	2.9352518e-07	6.2927637e-07	0.6767292	4.9675134e-07	2.1315987e-08	2.1961888e-07	2.3262759e-08	2.9317965e-07	0.11949173	3.8052036e-07	7.953382e-09	0.2037752
priorregion3_spot_70	0.0037551438	1.4314035e-07	0.024582826	0.020362161	3.7834232e-07	3.7116735e-07	0.036061656	2.8100835e-06	0.35616216	6.331935e-07	0.005667305	1.4090239e-07	4.687105e-08	6.2244504e-07	0.07079504	2.4540194e-07	0.087436266	0.39517212
priorregion3_spot_71	1.3237033e-05	4.3668734e-07	1.7859064e-06	0.04122047	2.0277201e-07	1.6270091e-07	1.12862836e-07	2.0687618e-07	9.88202e-08	0.036927592	1.6828689e-07	0.010453081	1.050871e-07	5.2820036e-07	0.275335	7.8239617e-07	0.4355458	0.20050019
priorregion3_spot_72	0.009931752	0.0028061387	0.0030808388	0.031712268	0.07903473	0.025040701	0.012103735	0.0052076816	0.5469216	0.047602147	3.822038e-08	2.9621677e-07	3.01921e-08	1.7429714e-07	0.09480402	1.9720953e-07	0.11222745	0.029526193
priorregion3_spot_73	7.0379015e-06	1.0054732e-07	0.05272585	0.074227236	0.30777746	4.7640623e-07	4.2045176e-07	6.9130925e-07	1.114441e-07	3.9001927e-07	9.8378365e-08	5.4515135e-07	4.523678e-08	2.0666146e-06	0.061371896	8.8336765e-07	0.29392338	0.20996131
priorregion3_spot_74	1.5012769e-07	2.8533027e-08	1.5788633e-07	1.465927e-07	1.4983576e-07	2.302402e-07	1.15803466e-07	1.3944805e-07	7.801986e-08	0.00018881727	2.6767673e-08	0.005758755	3.8655056e-08	3.4297107e-06	0.473357	1.0336103e-05	0.07870845	0.44197196
priorregion3_spot_75	1.8017537e-06	3.9554894e-07	1.3470608e-07	1.5621643e-07	6.479124e-07	2.2504021e-07	1.6713437e-06	6.3166846e-07	0.54380983	1.6880487e-07	3.869388e-07	1.943699e-06	1.5861578e-07	7.962335e-07	9.234647e-08	3.9702508e-07	0.45618048	1.1108569e-07
priorregion3_spot_76	0.0029340317	3.72825e-08	1.0248043e-06	1.5903105e-06	4.2971055e-07	1.4501495e-07	5.511398e-07	2.0967734e-06	0.41791725	3.4768092e-07	6.112093e-08	2.2227854e-07	3.9324195e-08	1.07082485e-07	0.21557267	1.3180365e-07	0.245583	0.11798624
priorregion3_spot_77	6.980885e-08	2.5877085e-07	2.8434877e-07	4.179728e-07	1.4340953e-06	9.682002e-07	0.04781984	6.8974686e-07	0.12068532	2.1167504e-07	5.882368e-08	0.014895077	7.116657e-08	2.1083112e-07	0.69868624	2.1842217e-07	0.117906086	2.5763459e-06
priorregion3_spot_78	6.1211956e-09	1.7867654e-08	2.7434053e-06	0.013433014	0.25893056	2.0023315e-07	0.15333082	0.03053346	0.34672436	2.0792758e-07	6.0985537e-09	3.5659014e-07	5.2766698e-09	1.0016107e-07	8.2638095e-08	7.782638e-08	4.911034e-09	0.19704406
priorregion3_spot_79	0.00034751577	7.307176e-08	2.0605933e-07	2.8872321e-07	2.0157206e-07	2.1725364e-07	0.010795304	5.9551144e-07	0.3022376	1.1652029e-06	1.5521461e-07	1.3963623e-07	3.5306787e-08	1.9919578e-07	0.5474206	3.8840662e-07	0.13918893	6.388327e-06
priorregion3_spot_80	5.8362302e-06	3.875153e-08	2.8811058e-07	4.1678976e-07	0.21100758	3.7085843e-07	3.6633498e-06	4.771149e-06	0.38584563	0.011387819	5.0778333e-08	0.025306448	1.7885478e-07	1.6675747e-07	0.15047082	0.018255865	0.118863285	0.07884686
priorregion3_spot_81	0.0070961737	6.9158304e-08	1.8087968e-07	2.8037925e-07	0.016867729	6.4180244e-07	0.017820608	9.55788e-07	0.33721578	0.043157283	4.116201e-08	1.7943186e-07	3.7618893e-08	1.619476e-06	0.45832822	1.943389e-07	0.1195088	1.1186843e-06
priorregion3_spot_82	1.2173269e-08	1.30457565e-08	3.6496044e-07	0.050522927	3.6742344e-07	4.7383523e-07	6.768635e-07	7.731601e-07	0.44610155	4.5638676e-06	9.7005675e-09	1.5511634e-07	1.2916131e-08	0.006510262	0.3241143	2.6268114e-07	5.5018288e-09	0.17274334
priorregion3_spot_83	0.0019411065	9.300113e-08	6.9367917e-07	3.070355e-07	2.6254008e-06	3.4991288e-07	0.0492807	0.07750039	0.32298473	3.1995143e-07	7.617878e-08	1.64194e-07	3.752963e-08	2.3971677e-07	0.08488328	1.8033563e-07	0.15792772	0.30547693
priorregion3_spot_84	2.2481905e-07	1.0030703e-07	1.3004907e-07	6.521864e-07	0.19291088	8.014434e-07	0.041604634	2.1880578e-07	0.11562618	1.2937907e-06	0.00010920513	0.025315957	0.0019356263	1.1144189e-07	0.28708714	0.014085346	0.23566653	0.08565493
priorregion3_spot_85	7.7161495e-09	0.00027883146	2.1120086e-07	0.07589732	5.0979093e-06	8.515715e-07	0.07579478	5.8451286e-07	0.3097803	0.004940899	4.5311883e-09	0.010204505	8.0982945e-09	2.636179e-07	0.1696368	0.013245097	5.3523252e-09	0.34021443
priorregion3_spot_86	2.3389473e-08	1.058916e-08	6.973498e-07	0.022813754	1.1302491e-06	3.151553e-07	7.855952e-06	0.030186307	0.5662616	4.805176e-06	1.3614056e-08	1.9893383e-07	1.0811583e-08	1.5759844e-07	1.594093e-07	3.221814e-07	0.000306763	0.3804159
priorregion3_spot_87	1.9599216e-08	1.0888328e-08	2.8422093e-07	1.2282837e-05	0.5534321	5.9091116e-07	3.3626989e-06	7.939794e-07	2.3055529e-07	1.3990224e-07	1.8087325e-08	5.851806e-07	1.4906908e-08	6.7098216e-07	0.44654816	2.5064836e-07	9.349706e-09	4.5456144e-07
priorregion3_spot_88	1.6489974e-08	1.0846549e-08	0.017371556	0.19270442	0.31203213	1.485498e-06	0.0074615544	6.0169623e-06	2.8610899e-07	1.5291987e-06	1.1776107e-08	5.551589e-07	9.789999e-08	2.1788733e-07	0.42106318	0.00093996763	7.161323e-09	0.048417017
priorregion3_spot_89	0.012677125	1.1669827e-07	0.01722998	3.0664141e-06	0.20792933	5.4337636e-07	0.0015215441	1.942303e-06	0.08089699	9.663767e-07	1.1119641e-07	0.022504367	1.777677e-08	2.5457112e-07	0.13221528	3.757606e-07	0.10649156	0.41852647
priorregion3_spot_90	0.0016793173	1.027769e-07	6.7601553e-07	0.0069804154	0.035785325	6.072988e-07	5.458149e-07	7.448304e-07	0.18229075	0.064253174	0.00033630864	0.02698651	4.1019376e-07	0.018924324	0.08845837	1.3422831e-06	0.10052351	0.47377762
priorregion3_spot_91	3.5811564e-07	1.3240481e-07	4.534776e-06	0.01386701	0.32427368	0.008339271	0.014575551	0.07887922	0.08820736	3.824096e-07	1.3936476e-07	5.1985484e-07	4.854357e-08	1.7943123e-07	0.15676865	4.0188877e-07	0.31508246	1.2285268e-07
priorregion3_spot_92	1.4213985e-07	8.3991914e-08	5.5150285e-06	1.2181929e-06	0.14103077	0.054919176	0.07947841	1.4242733e-05	0.50005156	0.03821959	6.338354e-08	5.943159e-07	4.748219e-08	1.8860993e-06	0.087674424	1.7793627e-06	0.098597705	2.8927648e-06
priorregion3_spot_93	0.0021985266	4.782572e-08	4.4406198e-07	3.0202332e-06	1.3038273e-06	1.3167886e-06	6.187305e-07	4.8090374e-07	0.28323606	0.028618716	5.0002125e-08	7.365315e-07	3.1840962e-08	0.0022010005	0.37915012	1.06279285e-05	0.08045428	0.22412266
priorregion3_spot_94	3.8719023e-05	7.244218e-09	9.2269227e-07	0.0472309	0.5362003	2.2985755e-06	2.4325686e-07	1.9561337e-06	3.8481284e-07	3.1134462e-06	5.0103024e-09	3.362488e-07	3.0581113e-09	2.3103303e-07	0.21155645	0.022072151	2.8931282e-09	0.1828921
priorregion3_spot_95	0.0029269366	1.3739916e-07	4.320412e-07	4.623428e-07	7.1682496e-07	1.8996633e-07	1.5647676e-07	1.2005345e-06	0.087283	1.6970109e-06	7.678828e-08	6.686157e-07	2.114382e-08	0.048194095	0.23796584	0.01767753	0.15917502	0.44677174
priorregion3_spot_96	1.4897391e-08	4.0847084e-08	1.8558007e-06	0.0002627046	0.2587367	0.020650815	1.6286881e-06	3.3779372e-06	0.100211	1.903163e-05	8.207057e-09	2.0429986e-06	3.292403e-08	0.021889731	0.506101	3.1188656e-06	8.01935e-09	0.09211689
priorregion3_spot_97	0.0013122465	0.0016108609	1.5250303e-07	1.1338523e-07	0.21317437	0.01850792	3.552452e-07	1.7935979e-07	0.2619441	1.2331857e-07	9.848522e-09	2.4433322e-07	8.585997e-09	1.0732718e-07	1.8321258e-07	5.137922e-08	1.3319712e-08	0.50344896
priorregion3_spot_98	5.3822436e-07	1.4609704e-07	2.6200064e-07	1.8379423e-07	0.08027629	4.249073e-07	8.274483e-07	1.0472464e-06	5.0905885e-07	0.0382784	1.3340716e-07	1.3027843e-06	1.6261893e-07	1.5885582e-06	0.34285936	0.0035911456	0.2788535	0.25613418
priorregion3_spot_99	0.0027010576	4.2629167e-06	1.2506646e-06	0.015213871	0.17492458	2.378686e-07	0.02112736	0.069085024	0.06454666	9.779731e-07	3.01646e-07	1.7521306e-07	5.2761347e-08	5.3976555e-07	0.15413019	0.009015165	0.23029128	0.25895697
priorregion3_spot_100	0.00791347	6.0665606e-08	1.2786385e-06	2.4131416e-06	0.15012595	0.014354228	0.08781919	2.0494508e-05	0.026214955	5.2016283e-05	3.2059443e-08	2.581985e-06	4.6043482e-08	1.3195185e-05	0.46813425	0.01467292	0.046273004	0.18439983
priorregion3_spot_101	5.0818347e-08	4.9458798e-08	8.895404e-07	3.037168e-07	0.17905574	1.2718173e-06	0.0073619676	1.7224161e-06	0.18840355	1.146702e-06	4.7403176e-08	0.038995884	3.0480884e-08	0.009674555	0.3856005	3.0381689e-06	0.0494823	0.14141683
priorregion3_spot_102	0.0036645462	9.472961e-08	4.3653645e-07	1.5793533e-07	0.22049567	1.3028585e-06	2.2189366e-07	1.3746734e-06	0.31445253	3.5961293e-07	4.667457e-08	6.173203e-07	0.0020866615	0.042688683	0.13748795	2.2464235e-06	0.17530525	0.103811845
priorregion3_spot_103	2.4476665e-07	1.685979e-07	6.1282367e-07	5.2268086e-07	0.07000017	8.585786e-06	2.1175326e-06	7.226585e-07	0.12961563	2.3991357e-05	1.4089406e-07	6.374347e-07	7.6662225e-08	4.193397e-07	0.27265024	2.6649077e-06	0.27811137	0.24958172
priorregion3_spot_104	0.00080184004	1.8503611e-08	7.387126e-07	0.034378078	0.46322313	3.2354993e-07	1.9555068e-07	3.810774e-07	0.10640222	0.031475093	0.00012747163	7.4505846e-07	4.952002e-09	3.1691803e-07	0.17575537	1.4200944e-07	5.9591223e-08	0.18783377
priorregion3_spot_105	7.209873e-09	7.2397905e-09	1.0815011e-07	4.1084775e-08	6.4434666e-08	7.920727e-08	3.864787e-07	8.357497e-08	0.004998236	0.00012259102	8.282605e-09	4.6789643e-07	5.831684e-09	9.866362e-07	0.42202747	1.782322e-06	3.938464e-09	0.57284766
priorregion3_spot_106	0.0062185936	6.133811e-08	9.539477e-08	1.913274e-07	0.096866906	3.3152037e-07	0.008953088	3.6460892e-07	0.305164	1.1339327e-07	0.0007045445	9.349368e-07	3.8597722e-08	0.014579993	0.1038205	0.032160126	0.1835529	0.24797717
priorregion3_spot_107	1.6448938e-08	2.3724391e-08	0.060504448	0.023590673	0.111730345	1.0298287e-05	3.7284636e-07	9.0473293e-07	2.2454311e-07	2.4165374e-06	0.0002676121	2.2568543e-07	2.6622708e-08	2.2236485e-07	0.7709238	3.788571e-07	1.18531664e-08	0.032968063
priorregion3_spot_108	1.3002103e-08	5.4402998e-09	5.3845895e-08	5.2931277e-08	7.691662e-08	6.2873966e-07	5.6492464e-08	5.0588323e-08	9.937265e-08	3.914228e-06	4.994685e-09	1.2715185e-07	7.052708e-09	0.0024211516	0.5909141	0.06742239	3.457e-09	0.3392373
priorregion3_spot_109	1.3077003e-08	1.17158026e-08	3.9910713e-08	4.9508422e-08	6.848974e-08	6.750532e-08	4.267521e-08	5.3570055e-08	5.5576102e-08	1.0448433e-05	7.9842e-09	5.8211306e-08	0.00024622015	0.04175715	0.17250316	1.8797421e-06	7.888518e-09	0.7854807
priorregion3_spot_110	1.5448536e-07	2.4549212e-08	4.0926133e-07	1.814122e-06	0.12773518	5.344751e-07	4.8643943e-07	6.3558684e-07	3.1987153e-07	0.04725624	3.2750216e-07	7.3506254e-07	5.6918807e-08	0.0149567835	0.32983777	0.01034154	0.1626682	0.3071988
priorregion3_spot_111	0.016029641	0.003043517	4.1766793e-07	3.410968e-07	0.015559332	7.318992e-07	1.5179404e-07	0.10024191	8.1901476e-08	0.010282714	2.4847253e-08	0.020085962	2.45862e-08	1.1587578e-07	0.7124522	4.8245494e-07	0.122302055	3.7319154e-07
priorregion3_spot_112	1.1371247e-07	1.540957e-08	7.611493e-08	1.3229109e-07	0.2677379	1.1188421e-07	0.12256023	2.9307043e-07	0.19255967	1.76383e-07	0.0017184711	1.8695687e-06	4.3320835e-08	0.016616162	0.26557449	2.6195507e-05	3.759665e-09	0.13320409
priorregion3_spot_113	9.2341e-08	1.3797456e-08	4.25638e-08	4.5831317e-07	5.7149645e-08	6.145896e-08	4.530296e-08	5.0092208e-08	1.273497e-07	1.5799366e-06	2.953215e-07	2.871893e-07	1.2874129e-08	4.5136633e-07	0.017931588	2.881877e-07	8.3509635e-09	0.98206455
priorregion3_spot_114	0.002669218	1.2270436e-07	0.012218993	0.023746802	0.0074007944	2.949519e-07	6.897982e-07	0.010935226	0.012893485	1.3019418e-06	1.214071e-07	4.20144e-07	9.158801e-08	2.5171067e-07	0.25020832	3.884189e-07	0.30241787	0.37750566
priorregion3_spot_115	8.796897e-09	4.384913e-08	4.6437995e-06	2.8160548e-07	1.2297623e-06	4.0719496e-07	1.2924102e-05	0.013121102	0.6301469	1.7057084e-06	8.143555e-09	1.5661122e-07	1.0276407e-08	2.3765085e-07	0.007047654	1.2437738e-07	9.494974e-09	0.34966254
priorregion3_spot_116	2.1203226e-08	1.00005e-08	0.027185842	0.0048932023	2.4755803e-07	2.4244832e-07	1.8090121e-07	3.2971926e-07	8.744073e-08	0.042437293	9.830426e-09	2.155347e-06	1.1815437e-08	9.5136727e-07	0.5611766	9.073261e-06	8.5400185e-09	0.36429375
priorregion3_spot_117	3.7736434e-08	8.583928e-09	2.5464496e-07	3.6283204e-06	0.31695193	2.1522044e-07	9.283886e-07	5.357883e-07	0.0053805886	0.03258842	1.5914322e-08	0.008140539	1.14209024e-08	2.0981315e-07	0.5767925	1.2084016e-06	7.4047724e-09	0.060139015
priorregion3_spot_118	3.4738903e-07	9.836621e-08	7.5003214e-08	1.083561e-07	6.775631e-08	9.49991e-08	6.048536e-08	4.356269e-08	4.850012e-08	6.2908794e-07	6.589608e-08	6.846699e-08	6.2671525e-08	1.2752653e-07	0.32861942	2.0204557e-07	0.31932196	0.3520565
priorregion3_spot_119	0.008325084	1.4802298e-07	2.3293042e-07	2.5453056e-07	3.762696e-07	3.4799677e-07	1.7077971e-07	2.3550422e-07	1.9246889e-07	3.7386792e-06	9.55601e-08	3.1588078e-07	5.4906494e-08	7.992549e-06	0.80206823	1.7709977e-05	0.18947808	9.67548e-05
priorregion3_spot_120	4.685478e-07	0.0011310253	0.063966595	1.3890781e-06	0.055488706	7.04739e-07	3.3496187e-07	4.610241e-07	0.19153194	8.698052e-07	9.390042e-08	0.013725799	2.6653172e-08	1.4470583e-06	0.5770732	2.7304902e-06	0.09686502	0.0002091744
priorregion3_spot_121	2.8304724e-08	0.00097563013	3.4863535e-07	8.46723e-07	1.6316998e-06	6.618654e-07	8.4550385e-07	7.571509e-07	0.004154354	9.986492e-06	2.149218e-08	1.75638e-07	2.1485931e-08	0.008897194	0.121197164	2.3475263e-06	2.0550056e-08	0.86475796
priorregion3_spot_122	2.3332058e-08	8.922766e-09	1.4316681e-06	1.070596e-06	4.5188357e-05	5.810426e-07	0.00033283717	0.04249582	0.9562582	1.3818897e-07	0.00064082583	5.9619066e-05	8.419216e-09	9.841384e-08	4.2382407e-08	1.580887e-07	0.00016385617	6.6403686e-08
priorregion3_spot_123	7.404341e-08	3.2176764e-08	1.6871094e-07	1.3312611e-07	1.1006029e-07	1.4891238e-07	1.8952339e-07	2.646729e-07	0.19298063	2.2541585e-06	1.7124028e-08	1.9496554e-07	3.1609137e-08	1.9266108e-07	0.12942958	2.2281328e-07	0.12620662	0.5513791
priorregion3_spot_124	3.9014344e-06	1.7711406e-07	6.850361e-08	6.6949745e-08	5.2020116e-08	6.669382e-08	7.2116954e-08	5.965387e-08	5.4477407e-08	1.1630583e-06	1.0971808e-06	5.9567004e-08	2.4933883e-07	1.6301887e-07	0.44100773	2.3849398e-07	0.55892867	5.6143093e-05
priorregion3_spot_125	3.1500304e-07	1.1440931e-07	8.200718e-08	7.945964e-08	1.4611689e-07	2.4442022e-07	1.3605158e-07	3.0812294e-07	0.2064905	4.3942223e-06	9.59506e-08	8.733702e-08	5.581013e-08	3.8975563e-07	0.32925463	2.2399426e-07	0.2501609	0.21408726
priorregion3_spot_126	0.001539218	4.5175952e-08	0.021334693	1.6857132e-06	0.15061809	4.5950208e-07	0.0044682943	1.0498086e-06	0.00765874	8.58766e-06	1.8398856e-08	0.02476755	2.5162294e-08	3.3286842e-06	0.5088021	1.9723807e-06	0.12562671	0.15516743
priorregion3_spot_127	1.8390343e-08	1.592226e-08	0.011956001	0.047425643	0.1935381	0.037540205	0.00736851	3.780463e-05	0.3702686	1.2889665e-06	1.767225e-08	7.265742e-07	1.8229052e-08	1.1755089e-06	0.2556502	3.350079e-07	9.30818e-09	0.076211266
priorregion3_spot_128	0.00019110503	9.022203e-09	2.9176664e-07	0.061888043	0.0733334	4.5477708e-07	5.5525857e-07	8.218808e-07	0.38894123	4.7237762e-07	8.589405e-09	3.082122e-07	2.3053968e-08	2.1068662e-07	0.40519392	3.160954e-07	6.611408e-09	0.07044882
priorregion3_spot_129	1.2910829e-07	6.850162e-08	0.00013527622	8.8162955e-07	0.003360197	0.016572138	1.5563968e-07	0.07973108	7.626213e-08	3.482476e-06	1.2113053e-07	9.000617e-08	6.414846e-08	4.954872e-07	0.3319555	4.348032e-07	0.17813446	0.39010543
priorregion3_spot_130	1.747994e-08	1.9958618e-08	2.368303e-06	3.7126508e-06	2.3310588e-06	9.187292e-07	3.888628e-06	0.035275545	0.47900987	1.2969784e-05	1.2622302e-08	3.3949817e-07	3.1730643e-08	0.048804946	0.43687952	9.22915e-07	9.61101e-09	2.4972476e-06
priorregion3_spot_131	9.629424e-08	6.6236076e-08	7.506543e-07	3.6632656e-07	0.19093463	0.039036617	3.5762795e-07	3.6415622e-07	0.0213674	5.1705983e-06	6.45383e-08	0.007316674	3.44099e-08	2.044462e-07	0.29614577	2.4404866e-07	0.14237304	0.30281818
priorregion3_spot_132	1.6422995e-07	8.024507e-08	0.0036044496	0.13147584	1.3633027e-06	0.014231664	3.9712013e-06	5.218064e-07	0.32870403	0.0033665162	4.0776754e-08	1.8183647e-07	0.00087313075	5.200399e-07	0.0106467325	1.5100863e-07	0.19012296	0.31696767
priorregion3_spot_133	2.9310865e-08	1.2675058e-08	3.7750996e-07	3.6939775e-07	0.38098806	3.1226912e-07	8.1456534e-07	0.018475333	0.30127162	0.0052359723	1.1408766e-08	1.0846462e-06	1.5397138e-08	1.1221872e-07	0.20683736	6.2267986e-07	4.6326365e-09	0.08718789
priorregion3_spot_134	6.8194424e-08	3.1077402e-08	8.309101e-07	9.9540186e-05	0.034122672	1.55728e-07	0.009166357	0.19698897	0.28332564	3.9273044e-07	2.857794e-08	8.750856e-08	1.9854003e-08	6.4920977e-07	0.03119079	1.0962289e-07	0.12801452	0.31708914
priorregion3_spot_135	1.3732868e-08	8.185257e-09	2.5934762e-07	1.2165138e-05	0.43929663	4.979735e-07	3.9490507e-07	2.3086255e-07	0.008931573	1.5566876e-06	1.4698859e-08	2.6803227e-07	7.715194e-09	0.029137617	0.34596	3.6510482e-07	4.9162607e-09	0.17665848
priorregion3_spot_136	2.1935648e-08	0.0004772358	2.460853e-06	1.0409306e-06	0.26669422	4.9102215e-07	8.48366e-07	0.16446115	0.18032329	5.032608e-07	1.6092484e-08	2.1158671e-06	1.9168958e-08	5.7923233e-07	0.22428313	0.065811776	1.149439e-08	0.09794122
priorregion3_spot_137	2.4161473e-08	1.705016e-08	2.3043518e-07	2.0134786e-07	3.921583e-07	2.163744e-06	2.601945e-06	2.5086013e-06	0.6599416	1.8660539e-07	6.9333765e-09	7.208782e-07	7.985734e-09	0.04590459	0.009036196	1.13714776e-07	1.1518847e-08	0.28510842
priorregion3_spot_138	1.32266935e-08	1.3920962e-08	1.0658425e-07	1.424564e-07	7.379727e-08	1.139607e-07	8.360142e-08	7.957551e-08	6.305915e-08	1.3963685e-06	1.06109646e-08	1.641524e-07	1.6527245e-08	2.7840237e-05	0.31186086	2.860445e-07	6.7095005e-09	0.68810874
priorregion3_spot_139	7.826912e-09	1.0936483e-08	0.026015297	6.193406e-06	0.33029082	1.0606519e-06	0.037524335	4.808331e-07	5.815451e-07	1.1958514e-06	5.337551e-08	3.859455e-06	1.0257615e-08	1.0453256e-07	0.38362935	1.8239191e-07	4.6566373e-09	0.2225265
priorregion3_spot_140	0.0012019626	7.09703e-08	8.0547325e-06	0.001666677	0.2659677	1.33936055e-05	0.050445177	0.015891556	0.24297908	1.4554034e-06	5.681429e-08	0.020168032	3.7713598e-08	4.7829803e-07	0.25753134	1.4524506e-06	0.13312092	0.011002516
priorregion3_spot_141	0.0012146931	3.078493e-07	3.5308676e-07	3.245236e-07	0.11853792	4.067903e-07	0.05269002	4.7555707e-07	0.22125033	0.02091714	2.9071845e-07	9.0456575e-07	1.2833728e-07	0.0007537342	0.07094118	2.0747193e-07	0.44336742	0.07032421
priorregion3_spot_142	1.6064478e-08	9.835988e-09	1.1058236e-07	1.3940011e-07	7.028548e-08	7.7163996e-08	6.771718e-08	7.9850885e-08	5.7114274e-08	0.00014593064	1.020462e-08	8.340887e-07	8.764201e-09	4.7716203e-06	0.523992	2.096779e-05	5.1880558e-09	0.4758348
priorregion3_spot_143	0.00195488	1.532255e-07	6.7152682e-06	0.0015668689	0.14710319	2.389403e-07	9.768024e-07	4.9069007e-07	0.32310018	0.006069437	1.8677022e-07	4.0017876e-06	5.299124e-08	1.4477888e-07	0.0301278	2.990781e-07	0.38509065	0.104973786
priorregion3_spot_144	3.341096e-07	5.502967e-08	2.6128498e-07	0.09601405	0.22581267	4.1092918e-07	3.0762033e-07	4.2558213e-07	8.0347024e-07	0.025201876	1.8145025e-07	0.015748376	7.346274e-08	3.6617112e-07	0.15091053	6.9339893e-07	0.22584473	0.26046392
priorregion3_spot_145	3.2784362e-07	0.00308295	1.0912745e-06	1.0390006e-06	0.07895597	2.1964634e-07	6.518251e-07	0.053553537	0.060108032	0.053265218	9.4514654e-08	0.0029886956	2.5056769e-08	9.319488e-07	0.40224728	0.03375217	0.11426307	0.19777873
priorregion3_spot_146	1.0752548e-06	8.7767894e-08	3.8377638e-07	1.5154667e-07	1.3882758e-06	2.1331029e-07	0.013421301	0.0023322671	0.6038474	0.0052463342	7.409536e-08	1.9529578e-07	4.3255408e-08	1.8025877e-07	0.14356539	2.9761276e-07	0.219921	0.011662213
priorregion3_spot_147	0.0011043679	1.5444328e-08	6.7137485e-08	5.8312253e-08	6.9230346e-08	9.832302e-08	5.923268e-08	8.32069e-08	6.248209e-08	2.1195614e-05	2.8334359e-08	7.083533e-08	1.9265126e-08	0.0019179983	0.9079136	8.9942e-06	3.5415056e-08	0.08903315
priorregion3_spot_148	8.3452605e-09	1.1119581e-08	6.296255e-07	2.4663316e-06	0.25492278	4.2938365e-07	0.0032958724	0.070080645	0.108892694	0.010718668	1.1932879e-08	5.134183e-07	1.0518365e-08	3.2241329e-07	0.36727867	5.959509e-07	8.202321e-09	0.18480566
priorregion3_spot_149	3.9077864e-08	3.051748e-08	1.9619232e-07	1.1812402e-07	6.74588e-07	1.2004072e-06	0.13117115	2.7851186e-07	0.21619238	2.429509e-07	0.0014418754	1.7817403e-06	1.0749135e-08	1.3833775e-07	0.30487907	0.032350305	1.1795497e-08	0.3139605
priorregion3_spot_150	1.8851927e-07	1.5048694e-07	6.479942e-07	0.027554737	5.000496e-07	3.0255674e-07	0.019704076	1.5637818e-06	0.09006139	8.920132e-06	4.2634244e-07	6.4834023e-07	9.274219e-08	5.270478e-07	0.36697343	7.8541785e-07	0.13897887	0.3567127
priorregion3_spot_151	8.807286e-09	8.618849e-08	1.7993241e-05	0.0002659529	0.54656863	0.00026167496	2.8265724e-05	0.11834823	0.18013495	1.0866662e-06	1.0172101e-08	3.1382958e-06	1.1460907e-08	1.7124654e-06	0.006249797	1.4453456e-06	5.9978866e-09	0.14811698
priorregion3_spot_152	4.4595959e-07	1.0294722e-07	2.1884573e-06	0.07995843	0.103187166	5.984632e-07	2.2322654e-06	0.0191648	2.5214308e-06	0.018443888	1.7140256e-07	5.8578644e-07	7.378214e-08	2.1697022e-07	0.00011220417	4.5178496e-07	0.27514005	0.5039839
priorregion3_spot_153	0.0003273078	2.1345507e-08	2.111974e-06	0.059062313	0.24971776	0.029373273	1.8021778e-06	1.1519597e-06	0.2921896	1.773332e-06	1.05650294e-07	8.49818e-07	1.7755928e-08	6.995556e-07	0.3680505	5.9679786e-07	1.6135445e-08	0.0012702073
priorregion3_spot_154	0.009398421	4.2984656e-08	5.481257e-07	0.10377702	0.060066883	0.010045184	5.507449e-07	3.084891e-07	1.9555378e-07	5.0078297e-06	2.725683e-08	0.047092423	3.1446483e-08	1.2886985e-06	0.53811365	1.0385538e-06	0.07790001	0.15359737
priorregion3_spot_155	0.0037454388	3.9400682e-08	1.4379239e-06	5.221376e-07	4.113344e-07	2.5057233e-07	1.616118e-05	5.4136457e-05	0.531572	7.241163e-07	4.249224e-08	1.2670107e-07	6.087616e-08	9.535075e-08	0.3523255	2.0195853e-07	0.0758878	0.036395133
priorregion3_spot_156	0.0029851373	0.0010212827	1.1221848e-06	0.0061618807	4.3146792e-06	0.05982192	0.102900326	1.4250313e-06	0.21396777	6.056507e-07	1.1213204e-07	1.3496326e-07	8.995666e-08	0.029376999	0.20180087	2.186724e-07	0.28978387	0.092171915
priorregion3_spot_157	6.030665e-08	1.0746979e-07	2.2101715e-06	1.0381806e-05	0.12948206	0.003057314	0.03065576	0.012711101	0.5560995	2.569539e-07	1.1097979e-07	0.008807588	2.442636e-08	2.2314563e-07	1.3741757e-07	4.826875e-07	0.11537662	0.14379606
priorregion3_spot_158	0.004536492	0.00026678256	0.016609877	2.7806252e-07	2.6737877e-07	1.6168254e-07	1.722872e-07	3.183412e-07	0.1490078	5.5230007e-06	3.2697887e-08	1.6167313e-07	0.0004937705	1.6901389e-07	0.3283315	0.0371233	0.075970426	0.387653
priorregion3_spot_159	1.1519567e-08	1.1046652e-08	4.490542e-06	4.911287e-07	0.01988675	4.48339e-07	3.607607e-07	0.13672292	0.24622731	0.011309106	1.28068605e-08	0.010360875	7.2855206e-09	1.8177688e-07	0.5754811	2.1150818e-06	6.535852e-09	3.812877e-06
priorregion3_spot_160	0.012705797	3.700109e-07	1.0883483e-06	0.06345354	0.17956449	1.1415967e-06	5.9406756e-07	1.0567514e-05	0.19088191	1.0449939e-05	5.894784e-08	0.010628499	5.4036693e-08	4.6216925e-07	1.2350912e-06	5.8239533e-07	0.17940824	0.3633309
priorregion3_spot_161	6.6361656e-07	2.1859202e-07	2.6952296e-07	2.5876503e-07	0.08688449	1.9547865e-07	6.7480465e-07	1.2537072e-06	0.08957309	7.950918e-06	7.0497194e-08	1.6819888e-07	4.350917e-08	2.5784522e-07	0.5215038	0.0267938	0.16629761	0.10893514
priorregion3_spot_162	0.0010866065	0.0026011548	8.957347e-08	1.4350061e-07	0.15550524	6.845424e-08	0.028947422	1.6422965e-07	1.3968098e-07	0.03954192	4.9915936e-08	1.0648031e-07	1.1554166e-07	6.0374404e-08	0.38305324	9.067557e-08	0.23064424	0.15861917
priorregion3_spot_163	3.5524891e-07	3.8189236e-07	1.0484104e-07	9.735271e-08	1.6723628e-07	2.329001e-07	0.034602825	1.637524e-07	0.3221626	0.078189135	6.140564e-08	1.3935625e-07	3.574784e-08	2.1754107e-07	0.100473695	0.034611635	0.21173146	0.21822675
priorregion3_spot_164	0.009138039	0.0043155854	1.7881977e-07	1.6271994e-06	0.24136412	1.9932746e-07	0.01902749	0.007239381	1.22666315e-05	3.860976e-07	2.414681e-08	0.026238928	2.5160457e-08	1.3568484e-07	0.21778439	5.8427504e-06	0.08156227	0.3933091
priorregion3_spot_165	1.2352154e-07	1.09003125e-07	5.004171e-07	1.6825305e-07	2.5714493e-07	9.642416e-08	3.997936e-06	2.6685507e-07	0.39265564	5.879745e-07	4.113213e-08	4.124066e-07	3.57024e-08	5.92296e-07	3.19063e-06	2.3533379e-07	0.15808767	0.44924605
priorregion3_spot_166	0.00018814293	4.1021582e-07	1.4466817e-08	1.8120062e-08	1.4207829e-08	1.3309536e-08	1.2091745e-08	1.5296697e-08	8.369857e-09	3.572807e-08	2.2273769e-06	1.6534816e-08	3.8337555e-07	5.1969412e-08	1.807319e-08	3.5971805e-08	0.9998086	2.5588612e-08
priorregion3_spot_167	1.0894384e-07	4.468696e-08	0.044358257	0.04160188	0.21799995	1.2523473e-06	3.7677223e-06	4.5154384e-06	0.105069876	6.5051614e-07	2.807367e-08	1.1710318e-06	2.8977281e-08	1.1961587e-06	0.15330614	0.0050654938	0.091086105	0.34149954
priorregion3_spot_168	4.7628436e-07	2.1054248e-07	2.731219e-06	0.11143021	0.060328174	3.302618e-06	5.470887e-07	1.0274357e-06	0.11799706	0.021397533	0.0015817137	4.8777356e-06	5.3227513e-08	1.9921822e-07	0.2898924	8.561021e-07	0.25877237	0.13858625
priorregion3_spot_169	4.5993417e-07	1.5985066e-07	0.043253653	2.680077e-06	0.08631161	3.4918475e-07	3.7521488e-07	2.7295735e-06	1.7598443e-07	7.287653e-06	5.4279983e-08	9.175909e-08	3.3843197e-08	0.03514622	0.30019674	1.1052281e-06	0.083001986	0.4520743
priorregion3_spot_170	3.936078e-08	5.5926265e-08	8.673886e-08	5.4603912e-05	9.124336e-08	9.591682e-08	1.0137517e-07	7.41896e-08	8.577208e-08	0.00013315197	1.4625564e-08	7.995247e-07	3.71242e-08	0.08695276	0.12985812	2.466286e-06	1.2384949e-08	0.78299737
priorregion3_spot_171	1.8231022e-07	6.2584775e-08	7.087683e-07	1.0832999e-06	0.29646853	4.5939178e-06	0.0056250473	1.3629294e-06	0.16086759	0.026287505	4.7178826e-08	7.270787e-07	6.867141e-08	5.33726e-07	0.19121437	6.622161e-07	0.1304177	0.1891092
priorregion3_spot_172	9.745216e-09	1.3141714e-08	2.638954e-07	0.15562882	0.43918613	3.9092336e-07	1.5770716e-07	1.8152245e-07	1.5996521e-07	2.0350042e-07	4.6939064e-08	7.5052975e-07	1.1444494e-08	0.04311497	1.9895742e-07	0.039455265	5.8827903e-09	0.32261238
priorregion3_spot_173	1.0106748e-07	1.2612415e-07	1.1969178e-07	6.1387175e-07	4.0680453e-07	6.0311055e-07	1.9652528e-07	1.7870052e-07	0.15390417	1.6329118e-06	1.5138772e-08	6.037563e-07	1.9221574e-08	1.4538237e-07	0.4793626	2.6359936e-07	0.06742087	0.29930723
priorregion3_spot_174	0.0002734643	7.367005e-08	5.9908202e-06	0.15645759	0.038582545	3.856907e-06	2.0244894e-05	0.00018197579	0.4113984	4.6738774e-06	4.9168836e-08	3.6842266e-07	2.0761952e-08	0.011019321	0.23779102	3.3452642e-07	0.06478376	0.07947639
priorregion3_spot_175	1.2139849e-08	1.1406585e-08	1.3107135e-06	9.464544e-06	0.28236172	0.030298335	1.8128012e-05	3.1481625e-06	0.46196204	3.614726e-07	9.891812e-09	0.008107564	1.4525863e-08	4.1674508e-07	0.1492563	2.4004314e-06	1.2513509e-08	0.067978784
priorregion3_spot_176	4.535152e-08	0.00039041362	2.3820563e-07	3.7767654e-07	2.284851e-07	1.2638379e-06	2.1619591e-07	2.1766078e-07	0.21122415	5.9680606e-05	1.8970576e-08	2.8214743e-07	2.240423e-08	1.1169604e-06	0.53655916	3.2477824e-06	2.2641963e-08	0.25175938
priorregion3_spot_177	0.0014562666	1.32471385e-08	1.0631339e-06	0.089544445	0.023988537	1.7477358e-07	1.5494369e-07	0.061904293	1.1827236e-07	0.046301603	5.3776312e-09	9.0700803e-07	8.112093e-09	1.4312108e-07	0.32943785	3.3748097e-07	4.5770956e-09	0.44736406
priorregion3_spot_178	1.648123e-06	3.5718963e-07	1.2805758e-07	2.3933742e-07	1.1356018e-07	1.02451935e-07	9.224699e-08	1.0671521e-07	6.161573e-08	0.027425846	2.7191265e-07	3.3449737e-07	1.4993643e-07	1.2727423e-06	6.915814e-05	1.056319e-05	0.43734866	0.5351409
priorregion3_spot_179	1.6302519e-07	0.0010585403	2.233765e-07	0.0045173964	0.18055968	6.818407e-07	2.0388427e-07	0.060746387	5.166942e-07	4.3671946e-07	2.0506516e-08	3.0917795e-07	3.1287414e-08	1.090076e-06	0.47636795	0.0043996577	0.088379875	0.18396682
priorregion3_spot_180	1.2521254e-07	6.264567e-08	2.3850828e-07	0.049617186	0.049076468	1.0549161e-06	8.386196e-06	0.012508274	0.10861714	0.058210865	3.5739873e-08	1.0674906e-06	3.8037708e-08	6.451546e-07	3.2813903e-06	0.028292455	0.21043766	0.48322508
priorregion3_spot_181	5.4889415e-07	1.6280776e-08	0.019217236	2.4908509e-06	0.04044649	5.3376385e-07	5.9492677e-06	0.033481788	0.44747278	2.0829596e-07	2.6793286e-08	0.016131623	3.3642685e-08	2.950401e-07	1.2100338e-07	3.1984243e-07	0.124656245	0.31858322
priorregion3_spot_182	0.005293803	1.393297e-07	7.1118244e-05	0.0104233045	0.64992595	0.10562226	0.0008284636	0.02822831	7.5018907e-06	9.080794e-08	5.785333e-08	0.054219812	3.7975152e-08	1.6610467e-07	7.5386176e-08	1.4865014e-07	0.14537856	9.977591e-08
priorregion4_spot_1	1.7615777e-08	1.3110081e-08	0.003205617	5.6063083e-05	0.026234692	8.0403544e-07	5.634727e-07	1.5011844e-06	4.0941708e-07	0.4304651	8.791108e-09	0.5023703	1.27941915e-08	0.010643704	2.3180793e-07	0.023362476	6.936291e-09	0.0036585089
priorregion4_spot_2	3.8837783e-08	0.00018697263	0.11735168	0.112037905	6.881313e-06	3.217988e-06	5.8745736e-06	2.1339192e-05	0.013966713	0.23971458	0.09638825	0.4040349	5.3216244e-08	9.68086e-07	5.692639e-07	9.524295e-07	3.269128e-08	0.016278991
priorregion4_spot_3	8.0589174e-08	3.751267e-08	0.2913957	2.6667633e-06	9.2169137e-07	6.2817827e-07	4.194138e-07	2.153153e-06	0.00840453	0.38297465	0.18886156	0.12831436	3.185401e-08	2.7069193e-05	5.2280734e-07	2.0068608e-06	7.1444965e-06	5.466652e-06
priorregion4_spot_4	0.0005320701	3.1575624e-08	0.1919682	2.0188962e-05	2.2420652e-06	0.019791357	0.0018540052	0.0031096102	1.7207489e-06	0.10109586	0.2251588	0.42211163	2.8587486e-08	1.7458684e-07	2.8530434e-07	2.1095359e-05	1.9466432e-08	0.03433278
priorregion4_spot_5	0.00012309515	2.50581e-08	0.364256	0.04946975	8.8503515e-07	5.6999795e-07	1.2523593e-06	4.7201924e-05	5.175902e-07	0.47926596	0.10682736	2.407569e-07	1.7265936e-08	3.941051e-06	2.792175e-07	3.1262593e-07	1.1497577e-08	2.7414915e-06
priorregion4_spot_6	2.1213147e-07	4.50064e-08	0.08573359	0.026073497	2.1212943e-06	0.08509765	7.722832e-07	4.2765414e-06	3.2642305e-07	0.24479899	0.38028374	0.1486564	3.0163115e-08	0.00043342685	0.0015312152	3.303785e-07	1.2371888e-07	0.0273832
priorregion4_spot_7	4.471994e-08	5.6253743e-08	0.10599066	0.09545636	1.6098332e-07	3.545653e-07	1.817911e-07	3.3233565e-07	4.6475782e-07	0.7985469	1.3779151e-08	3.0410237e-07	2.2384e-08	6.3033343e-07	5.646225e-07	3.834176e-07	1.3634488e-08	2.5746685e-06
priorregion4_spot_8	6.917818e-09	0.00086748693	0.46707198	0.031627163	1.1384816e-05	0.024273124	2.8781392e-06	1.9965996e-06	3.5305467e-07	1.4191073e-07	1.5736681e-08	0.47614163	1.7904995e-08	6.000775e-07	1.0081009e-07	1.0015563e-06	9.631468e-09	1.0287674e-07
priorregion4_spot_9	2.4188415e-08	2.6347424e-08	0.2022754	3.0702354e-06	1.2344368e-06	7.162336e-07	3.8355668e-07	8.284844e-07	1.7627423e-07	0.18552041	0.24019226	0.37200463	2.1044865e-08	2.7506172e-07	1.2994722e-07	2.0625693e-07	2.1709461e-08	2.910852e-07
priorregion4_spot_10	2.0803425e-08	1.2837604e-07	0.20815593	0.03124326	1.2213419e-06	5.1859857e-05	1.2743734e-06	2.2207153e-06	0.05311118	0.25968027	0.20577411	0.23966487	0.0011178568	0.0011951118	1.08447544e-07	2.3740871e-07	1.6127734e-08	3.4724619e-07
priorregion4_spot_11	0.0015417697	6.4339766e-08	0.35211957	6.268346e-06	1.2625136e-06	3.1365846e-06	8.77706e-07	9.2257795e-07	3.263009e-07	0.14043252	0.17988399	0.22830562	1.2709488e-07	2.89377e-07	1.734137e-07	3.2304865e-07	0.097702496	2.887584e-07
priorregion4_spot_12	3.3781077e-08	6.9585454e-08	0.37282598	0.010961503	6.667337e-06	1.582549e-06	6.3146263e-06	5.0070207e-06	8.112596e-07	7.41533e-08	0.39317998	0.22301006	1.9764657e-08	1.01057275e-07	5.6085327e-08	1.5858556e-06	2.9019626e-08	1.4532574e-07
priorregion4_spot_13	1.5089714e-08	4.800891e-08	0.34782696	4.9730106e-06	1.2274332e-06	5.88272e-07	3.2781392e-07	0.04966212	3.49678e-07	0.36047977	0.22192864	8.4770056e-07	1.8963828e-08	0.016173668	4.7130064e-07	4.146727e-07	2.8246971e-08	0.0039196364
priorregion4_spot_14	0.00061586726	4.613519e-09	0.31913012	0.019717239	5.1886386e-06	6.789079e-07	1.5021562e-06	0.13792153	6.79143e-07	0.35314524	5.0170144e-09	0.15883785	1.47349715e-08	1.1655416e-06	1.12085345e-07	4.167251e-07	3.9911607e-09	0.010622435
priorregion4_spot_15	0.000118160795	6.805558e-08	0.5394241	0.055009235	9.730296e-05	1.448225e-05	1.1820835e-05	2.1883598e-05	3.4266527e-06	0.004828363	0.1594291	0.24102573	5.2659935e-08	8.524165e-06	2.7730894e-07	6.480622e-06	4.4305434e-08	9.1490926e-07
priorregion4_spot_16	0.0019913511	0.00014038765	1.2493971e-05	0.07096059	2.9091473e-06	5.730579e-07	5.1934865e-07	1.6960427e-06	1.6544234e-06	0.18121512	0.04579723	0.67530817	2.0187464e-08	6.0179286e-07	0.020652028	1.1204404e-06	1.2929637e-08	0.0039135674
priorregion4_spot_17	7.214056e-08	3.8889127e-08	1.591222e-07	4.331362e-07	0.010437462	3.6385129e-07	9.2176276e-07	3.980568e-07	1.2608346e-06	0.23245619	0.22240587	0.51388675	4.725261e-08	0.020808876	1.3774427e-07	3.8174986e-07	3.0032507e-07	3.1164288e-07
priorregion4_spot_18	5.161046e-09	1.01221636e-08	0.052623115	0.37216738	2.4041099e-06	3.210531e-07	0.032697286	0.011638633	0.01256246	0.4312092	5.27681e-09	0.087097585	7.0927433e-09	1.1224283e-07	8.597998e-08	2.714361e-07	4.7645963e-09	1.0009713e-06
priorregion4_spot_19	1.8546519e-08	0.00057454867	0.31412062	0.20135635	1.8932344e-05	1.8689796e-06	0.02507991	9.28191e-06	2.3158522e-07	3.6128842e-08	0.40896976	0.04986782	1.0319502e-08	5.992706e-08	4.794764e-08	3.2107278e-07	2.0479687e-08	6.519544e-08
priorregion4_spot_20	1.1810327e-08	1.9718517e-08	0.29259315	6.165585e-06	2.6354326e-07	0.00037193976	1.7562691e-07	2.3118592e-07	2.66266e-07	0.41495124	0.14915936	0.14291613	7.93048e-09	2.315681e-07	7.751633e-08	6.3909556e-07	1.096716e-08	1.5067774e-07
priorregion4_spot_21	6.133445e-08	3.387019e-08	0.26674697	4.6596762e-07	8.4925836e-07	1.2662202e-06	2.6057137e-06	4.448591e-06	2.3389059e-07	0.16379492	0.15307222	0.4140943	1.6910542e-08	4.4034014e-06	9.968859e-08	1.6281767e-05	0.0022606365	2.612652e-07
priorregion4_spot_22	6.330505e-09	1.192006e-08	0.49819845	0.060237087	1.7439721e-05	4.1469204e-05	1.4865319e-06	7.711265e-06	6.1303547e-07	0.2175312	7.769749e-09	0.22396371	2.3464883e-08	2.1484583e-07	1.3820772e-07	2.6849892e-07	6.4076016e-09	1.4563678e-07
priorregion4_spot_23	1.1586567e-08	2.35728e-08	0.16658069	1.3899538e-05	2.7349716e-07	0.058021016	0.038109075	5.2999417e-07	0.036512583	0.34327552	0.21214417	0.09767	4.963331e-07	4.3341504e-07	2.0282654e-07	0.04767074	1.5208915e-08	3.957943e-07
priorregion4_spot_24	7.89293e-09	2.7797704e-08	0.47613364	1.9171587e-06	0.07233041	6.271321e-07	1.7494252e-06	4.051185e-06	1.3558355e-07	0.1621812	0.12453728	0.16480857	1.802083e-08	1.2565233e-07	5.2952853e-08	1.1001502e-07	1.7163664e-08	5.730745e-08
priorregion4_spot_25	6.9795956e-09	1.6149368e-08	0.18643504	0.031673376	2.5850918e-06	3.193523e-05	5.5763365e-07	0.005178379	3.797358e-07	0.581485	0.0835541	2.7916084e-07	0.0005753333	2.5563234e-06	1.256555e-06	2.1395538e-06	9.00239e-09	0.111057006
priorregion4_spot_26	4.9958107e-08	6.677968e-08	0.39335278	4.524265e-06	7.5249966e-07	6.9036173e-07	4.805726e-07	6.4902306e-05	4.6539904e-07	0.3402776	0.2662964	2.2788957e-07	3.655031e-08	2.1272284e-07	1.9323227e-07	3.1856905e-07	3.684032e-08	3.0774558e-07
priorregion4_spot_27	1.213176e-08	0.0033363604	2.8258526e-07	0.031261016	3.9953628e-07	2.5724393e-07	1.1458266e-06	1.7634275e-07	1.6102129e-07	0.56662166	7.94377e-09	0.32106096	1.1508708e-08	2.4455932e-07	4.4380639e-07	4.50031e-07	6.9045902e-09	0.07771645
priorregion4_spot_28	9.337934e-08	6.257044e-08	0.1376889	1.2277837e-06	0.00573169	1.4366349e-06	4.6624672e-07	1.4319166e-06	5.9804274e-06	0.37841877	0.21461238	0.12854545	3.5100776e-08	1.1540826e-06	0.056013964	0.033130318	5.277686e-08	0.04584658
priorregion4_spot_29	3.0773275e-08	5.149282e-08	0.0046368446	0.36748198	1.8535072e-06	1.2536882e-06	2.336601e-06	8.749276e-06	3.31051e-07	9.243433e-08	0.6278648	7.4799266e-07	2.8119372e-08	3.3547113e-07	8.584762e-08	3.7379098e-07	4.5897757e-08	1.6545158e-07
priorregion4_spot_30	1.6862206e-08	0.00050187326	0.5947412	1.6088683e-05	1.0366422e-05	1.8396988e-05	0.022223404	0.023372201	0.004448789	1.483045e-07	0.114349075	0.24031654	1.5215354e-08	5.991372e-07	1.3512033e-07	9.555313e-07	1.7370047e-08	1.678632e-07
priorregion4_spot_31	4.527032e-08	3.2448913e-08	0.16798687	0.019628124	1.7431616e-05	2.9156568e-06	0.09412242	2.8434428e-05	4.538493e-06	0.12249606	0.11700075	0.47870982	3.408136e-08	4.626828e-07	3.468627e-07	2.9007853e-07	1.3282606e-08	1.6247598e-06
priorregion4_spot_32	1.22480746e-08	2.0179632e-08	0.60519165	3.1870668e-06	5.6520514e-07	1.6727942e-06	5.5403564e-07	1.7971439e-05	1.8037482e-06	0.20628947	0.13817756	1.8164538e-07	2.215703e-08	9.153274e-08	0.050314523	1.9348411e-07	1.735269e-08	4.786552e-07
priorregion4_spot_33	0.0029168357	3.0839008e-08	0.11430288	0.0035372747	6.1752357e-06	0.1207376	9.671037e-07	1.2697702e-06	3.642923e-07	5.1104905e-08	0.26577848	0.49271742	9.829856e-09	1.8133592e-07	7.722105e-08	1.4419119e-07	2.1321604e-08	2.282241e-07
priorregion4_spot_34	0.000987583	5.964839e-08	0.42381585	0.04746347	2.735878e-06	3.3041798e-07	0.048360873	6.182411e-06	3.1964242e-07	0.28776765	0.18531974	0.003128791	2.8775405e-08	3.070637e-07	0.0031437597	3.001141e-07	2.1309729e-08	2.2073739e-06
priorregion4_spot_35	0.012476914	2.0814726e-08	0.4259443	0.00023657638	5.1078746e-06	0.093895525	1.0114743e-06	1.1626058e-05	2.673897e-07	0.10820785	0.07709117	0.24142107	2.9256244e-08	1.2176716e-07	1.239784e-07	6.5029434e-07	0.019508937	0.021198843
priorregion4_spot_36	0.002453368	2.2051088e-08	0.18816054	1.7380551e-05	2.5653565e-06	1.135082e-06	5.46321e-07	5.206968e-07	9.954775e-08	3.306897e-07	0.20083319	0.6085298	2.4160062e-08	1.565285e-07	8.732891e-08	1.9990121e-07	2.2040492e-08	9.472292e-08
priorregion4_spot_37	0.0058973366	2.4197451e-08	3.2303012e-07	5.0610197e-06	3.9845224e-07	2.9791502e-07	0.07591883	5.445688e-07	3.4490023e-07	0.39887777	0.12628745	0.34054583	1.9581686e-08	2.7938852e-06	1.6906608e-07	2.8250898e-07	0.05246234	3.620973e-07
priorregion4_spot_38	1.4272011e-08	2.433194e-08	0.21451792	3.5225145e-07	9.689358e-06	1.8696538e-06	1.0734834e-06	5.165339e-07	0.012758827	1.1077853e-07	0.24364276	0.5217258	7.8929645e-09	4.957894e-07	8.185068e-08	0.007340321	1.43697285e-08	1.8984277e-07
priorregion4_spot_39	6.642761e-08	5.5928552e-08	6.043521e-07	5.513679e-07	0.056111116	1.2612517e-06	2.5851689e-06	8.9378375e-07	0.00736593	0.47434917	0.16818698	0.25461572	4.698549e-08	0.037730526	6.444542e-07	3.6044653e-06	2.8512918e-08	0.0016303321
priorregion4_spot_40	2.4343176e-08	2.0220227e-08	0.49192476	0.08508074	4.978794e-05	6.003406e-06	1.1429807e-05	0.08434437	0.004030476	0.12504105	0.08904204	0.08165478	1.7990336e-08	7.188751e-07	1.8688065e-06	1.3591213e-06	1.316576e-08	0.03881057
priorregion4_spot_41	0.0015276733	5.0118626e-08	0.15513593	0.0419902	4.206805e-06	1.935923e-06	6.253572e-07	5.0691665e-07	0.018063294	0.24065828	0.20164822	0.33594775	2.1797815e-08	9.3460596e-07	2.1761274e-07	3.2476544e-07	0.005019161	5.8120014e-07
priorregion4_spot_42	1.6298888e-08	2.1704384e-08	5.014299e-07	6.927189e-07	6.338262e-06	5.8753454e-07	8.747114e-06	0.018208219	2.291703e-06	0.2675537	0.24592909	0.44725558	1.1086573e-08	3.239276e-07	0.011046357	7.799166e-07	1.9831319e-08	0.00998675
priorregion4_spot_43	4.0453894e-08	4.7881358e-08	0.16911127	0.053594675	7.7291963e-07	8.82341e-06	4.0970326e-06	1.5141222e-06	2.7210007e-07	0.3325574	0.21446995	0.22817019	0.002078965	2.986076e-07	2.3028088e-07	6.6394244e-07	3.9781696e-08	6.2388216e-07
priorregion4_spot_44	4.2104188e-07	1.8165751e-07	4.2434102e-08	6.771652e-08	3.7969535e-08	5.5309595e-08	3.6637626e-08	4.3625352e-08	2.931413e-07	0.47236836	0.42377788	2.0412647e-07	6.101857e-08	4.657034e-06	4.2370807e-06	4.064385e-06	0.09796561	0.0058737607
priorregion4_spot_45	2.1057978e-08	2.9738686e-08	0.71640116	5.264173e-05	1.2717059e-05	1.4945176e-06	6.4882433e-06	1.6643131e-05	3.859312e-07	8.460141e-08	0.07289866	0.21060926	1.7091391e-08	1.09591895e-07	9.434316e-08	1.3711485e-07	2.1634545e-08	1.1042308e-07
priorregion4_spot_46	1.2647946e-06	8.479397e-08	0.22102356	3.838712e-06	1.4097226e-06	1.1728811e-06	1.0554727e-06	0.023310574	6.4062533e-07	0.15693101	0.29423863	0.21902645	4.604355e-08	0.01416141	1.2355383e-07	7.995101e-07	0.071297586	2.9704648e-07
priorregion4_spot_47	1.8115022e-08	8.597873e-08	3.3236566e-07	0.027895667	4.627142e-05	1.4313403e-07	6.1276514e-06	4.0075147e-07	3.7324458e-08	1.5206258e-07	0.4376487	0.5343965	6.0676314e-08	4.3330238e-06	2.5920085e-07	6.6771076e-07	6.993139e-08	7.906617e-08
priorregion4_spot_48	1.491857e-07	7.068587e-08	0.45360416	0.0031981443	1.6195376e-06	3.3955366e-06	2.965833e-07	1.3606064e-05	2.6070632e-07	0.27266017	0.25448245	9.768246e-08	0.0023311307	0.0025528206	1.8196886e-07	0.010084025	0.0010662623	1.0797205e-06
priorregion4_spot_49	2.513823e-08	4.9245266e-08	0.304677	1.7388863e-06	1.7212787e-05	4.0138337e-07	5.377721e-07	0.02529855	1.7804327e-07	0.11854423	0.18569346	0.36576578	2.2007262e-08	3.393597e-07	1.5065976e-07	3.3922157e-07	3.45684e-08	1.1851268e-07
priorregion4_spot_50	8.208594e-09	1.4254305e-08	0.47133803	0.07513735	7.832815e-07	0.005257096	0.019645488	4.866972e-06	4.9321716e-07	0.37065303	7.957142e-09	0.057961892	7.87843e-09	5.811766e-07	7.2447094e-08	2.1432069e-07	7.2736728e-09	2.3471081e-07
priorregion4_spot_51	4.5538295e-07	1.4829352e-07	0.29523957	5.386205e-06	0.044389617	0.041616116	2.4174883e-06	0.023914602	0.0041013667	0.15490629	0.21355908	0.20976016	2.8664394e-08	2.6451278e-07	9.388123e-08	1.2669177e-07	0.012504162	6.99507e-08
priorregion4_spot_52	1.7884338e-07	6.3922954e-08	0.42082104	0.025198871	2.7410795e-05	3.2358446e-06	7.7131135e-06	0.052890647	1.9117243e-07	6.144938e-08	0.33628672	0.16364357	4.088987e-08	1.5420594e-07	0.0011187613	1.0013734e-07	9.502003e-07	1.630166e-07
priorregion4_spot_53	2.3707061e-08	0.0013308084	0.3916102	7.648261e-07	2.0662596e-07	2.6188064e-07	2.483477e-07	1.4398444e-07	1.18753434e-07	0.44149476	0.058152355	0.1074094	1.0494916e-08	2.0676356e-07	8.344536e-08	1.3691638e-07	1.0834249e-08	3.6189115e-07
priorregion4_spot_54	4.460746e-08	1.1766435e-06	0.18173328	0.02613437	1.5095508e-05	2.9437973e-07	1.2864334e-05	0.028752066	6.4656655e-07	0.22061625	0.40570626	0.1370229	4.681768e-08	1.6549673e-07	3.4610134e-06	2.003918e-07	6.338118e-07	2.1738956e-07
priorregion4_spot_55	2.6155579e-08	2.5284893e-07	1.2005974e-07	1.023108e-07	1.2985805e-07	1.1952384e-06	4.0632327e-07	1.350852e-07	2.0192134e-07	7.409334e-08	0.9999934	1.3855808e-07	4.1214964e-08	2.2765378e-06	6.695534e-08	1.1889894e-06	9.325215e-08	1.5196487e-07
priorregion4_spot_56	9.5899175e-08	4.3259448e-08	0.07722756	2.2665759e-07	2.7816188e-07	0.02824261	4.5060932e-07	0.012399306	2.247218e-05	0.7048521	0.16517673	0.012073236	1.23648105e-08	2.882887e-07	4.701654e-07	3.2672165e-07	1.5808194e-08	3.856033e-06
priorregion4_spot_57	1.1611648e-08	2.8070442e-08	2.55202e-06	6.010443e-07	1.389509e-07	2.938334e-07	1.5867744e-07	0.005646392	3.174725e-07	0.73519754	0.25895587	3.2059216e-07	1.443101e-08	0.000111582536	9.556562e-06	8.705328e-06	9.484451e-09	6.594196e-05
priorregion4_spot_58	1.0901978e-08	0.004306898	0.20934123	6.2439008e-06	1.0185618e-06	5.5869975e-07	3.133302e-07	0.03872674	2.3419673e-07	0.3193083	0.2938458	0.13411462	2.4831591e-08	2.7002898e-07	2.105272e-07	4.4073192e-07	3.1256917e-08	0.00034713317
priorregion4_spot_59	1.7121804e-08	2.1655834e-08	0.47485587	0.0020665303	4.4628084e-07	2.911524e-07	6.0367194e-07	0.0005190338	1.0625818e-07	0.3072678	0.21528767	1.5354921e-07	2.2788399e-08	4.785615e-07	1.75425e-07	3.5352198e-07	1.3813279e-08	5.106487e-07
priorregion4_spot_60	4.9497906e-08	7.293242e-08	3.0778193e-07	9.680487e-06	3.0830012e-07	2.7565633e-07	4.6532622e-07	3.707919e-07	3.040556e-07	0.49787697	0.13629073	0.3658176	2.4774872e-08	6.999429e-07	3.5588698e-07	8.811856e-07	1.5177845e-08	8.2904893e-07
priorregion4_spot_61	1.6953242e-08	0.0014407563	0.08986238	6.453015e-05	3.112591e-05	7.2680666e-07	1.425265e-06	0.043845627	0.003138513	0.16813985	0.104051925	0.58942044	1.02876925e-08	1.3858341e-06	8.503868e-08	5.542599e-07	1.0156556e-08	6.982612e-07
priorregion4_spot_62	3.8517822e-08	6.143048e-08	0.48269603	2.252205e-06	2.7001738e-06	3.971632e-07	9.971471e-07	0.014125963	0.018993689	0.46728933	1.226934e-08	1.8158758e-07	2.0026762e-08	4.916838e-07	0.016886743	8.246813e-07	1.1467988e-08	3.703383e-07
priorregion4_spot_63	1.7769073e-08	0.00043142762	0.14772499	2.2245897e-06	1.9374957e-06	0.109591246	8.509105e-05	8.901872e-07	2.4558526e-06	0.23383203	0.16552053	0.34280306	1.9824023e-08	1.4929705e-07	1.7316319e-07	2.8991926e-07	2.0632209e-08	3.4124682e-06
priorregion4_spot_64	0.00034548296	3.135085e-08	2.2123854e-07	6.0368035e-07	4.1778844e-07	2.4139703e-07	5.2947684e-07	3.7534494e-07	1.6111443e-07	0.12457605	0.32714245	0.5479321	1.3825189e-08	2.1873305e-07	9.990556e-08	6.5235844e-07	1.9039474e-08	3.9471487e-07
priorregion4_spot_65	3.414158e-08	6.686448e-08	2.8596165e-07	9.730297e-08	1.1671067e-07	6.3994925e-08	1.2702196e-07	0.041128933	1.09798094e-07	0.42515808	0.3616722	1.121711e-07	4.3602395e-08	2.1753473e-07	0.17203897	2.7791293e-07	3.702161e-08	2.5684443e-07
priorregion4_spot_66	1.2185856e-07	4.42962e-08	0.3592886	0.053879622	2.0998743e-06	1.5580982e-06	8.793838e-06	0.00011172557	0.0054866765	0.22755145	0.15852375	0.1951431	2.7843257e-08	1.0777774e-06	1.44127e-07	8.10314e-07	3.346808e-08	4.0062483e-07
priorregion4_spot_67	6.5501416e-07	6.963499e-08	0.31389147	8.09818e-07	2.0301206e-06	6.4965616e-06	0.03895882	0.10901556	0.0056691105	0.08478501	0.32743135	0.047971208	3.662487e-08	3.9242684e-07	1.07396914e-07	0.010769926	0.061496478	5.7376127e-07
priorregion4_spot_68	2.0724915e-08	0.0012239686	0.38151473	0.12673189	2.103484e-05	1.4884267e-06	3.076088e-05	0.06445785	3.5523004e-07	0.094218	0.16659464	0.12926954	2.2875389e-08	2.3104961e-07	3.3722503e-07	0.00293482	1.754947e-08	0.033000432
priorregion4_spot_69	2.7873753e-08	6.895554e-08	0.23200007	0.02013669	8.867954e-08	0.015885789	2.5942106e-07	1.2046213e-07	5.6581086e-08	0.4349052	0.2970697	2.3198186e-07	1.4470245e-08	2.9621162e-07	1.0456537e-07	1.8432802e-07	2.8701923e-08	1.1872557e-06
priorregion4_spot_70	0.00036952732	3.6561858e-08	1.6674821e-07	0.0019010978	1.1829794e-06	1.3882291e-07	2.704576e-07	8.792781e-07	1.5677752e-07	0.2588825	0.2733208	0.4655229	2.5819688e-08	7.5720976e-08	8.189112e-08	1.3845259e-07	6.270746e-08	7.803018e-08
priorregion4_spot_71	3.149523e-08	5.528812e-08	3.7222574e-07	0.0023280266	1.6376998e-06	3.1761535e-06	3.3995187e-07	2.9979873e-07	2.0648349e-07	7.684191e-08	0.58520126	0.41246322	2.5657883e-08	4.0274466e-07	5.4480292e-08	5.775552e-07	5.4972713e-08	1.0712938e-07
priorregion4_spot_72	1.7040447e-08	0.00090851414	7.0160596e-08	6.762141e-08	4.6999307e-07	1.0613512e-06	2.2966317e-07	1.064219e-07	1.1189607e-07	1.0225766e-07	0.36025646	0.6388315	1.11680734e-07	6.0766496e-07	5.6969153e-08	3.5068655e-07	3.8997516e-08	8.867368e-08
priorregion4_spot_73	3.749235e-07	1.10598904e-07	0.2739632	1.1938396e-06	0.023318628	0.024241956	1.0325629e-06	1.4776709e-06	0.0021918037	0.2776114	0.106972836	0.17317429	3.251805e-08	2.5849633e-06	0.031666785	0.005298534	0.06869774	0.0128560485
priorregion4_spot_74	1.7171278e-08	4.388488e-08	0.3802896	0.01810008	5.5650826e-06	0.06438097	1.0847947e-05	7.032908e-06	0.034665227	0.05336488	0.0772217	0.35657308	4.0809994e-08	3.6616495e-07	1.9849368e-07	0.015378323	2.3287491e-08	1.9618733e-06
priorregion4_spot_75	1.6345483e-08	2.4473215e-08	0.124536745	0.31595534	9.874166e-07	7.7257823e-07	0.012051278	1.1531589e-06	3.2234797e-07	0.31071922	0.0790797	0.15765198	1.7926132e-08	1.662738e-06	1.00920786e-07	2.721429e-07	6.060126e-09	5.3090207e-07
priorregion4_spot_76	1.2837839e-07	5.304404e-08	0.39786223	0.06855017	1.9685518e-05	2.4574933e-07	2.5522934e-07	5.7331167e-06	6.3544825e-08	0.1842326	0.34932697	7.348881e-08	2.1175499e-08	3.336228e-07	1.883265e-07	1.3270575e-07	3.8469767e-07	6.8990033e-07
priorregion4_spot_77	1.3041777e-08	0.0003919847	0.14837399	4.354428e-06	7.003371e-05	1.2657408e-06	6.2578005e-07	0.017161049	0.019210046	0.40825027	0.16272515	0.2438009	1.7379369e-08	2.684745e-06	2.942571e-07	6.7834626e-06	1.876731e-08	5.2411195e-07
priorregion4_spot_78	1.8024083e-07	5.6216546e-08	1.4161544e-06	0.018514365	3.6571066e-06	3.0687372e-07	7.551736e-07	0.028135391	4.280224e-07	0.26924118	0.3097919	0.3743097	2.8186829e-08	1.4361731e-07	5.813527e-08	1.9297468e-07	1.6144153e-08	1.7395368e-07
priorregion4_spot_79	3.4046936e-09	5.1108935e-09	4.928849e-07	0.026673084	0.10780971	0.09421738	1.2688558e-07	7.137604e-07	0.011249282	0.48386353	4.924534e-09	0.04145362	5.352014e-09	2.0709591e-07	4.784148e-05	0.09357193	4.297996e-09	0.14111206
priorregion4_spot_80	1.6897948e-08	3.2926987e-08	0.37114573	1.0581509e-05	8.4781845e-05	0.043238923	1.7841235e-06	0.01874587	5.498079e-07	9.393453e-08	0.21512379	0.35163936	1.7315491e-08	1.0045054e-06	7.825695e-08	7.3572255e-06	1.3188322e-08	1.4496044e-07
priorregion4_spot_81	4.02952e-08	1.554386e-08	0.48123395	1.0116649e-05	4.616775e-06	0.0573997	1.2958296e-05	0.041771345	1.9732608e-05	0.22434402	1.9813012e-07	0.17930733	1.6143336e-08	4.8619853e-07	3.8365383e-07	2.3408656e-06	0.0006111802	0.015281722
priorregion4_spot_82	9.679296e-09	6.0570575e-09	0.4980361	4.544206e-06	6.766663e-06	0.0067926324	7.371676e-06	7.3100215e-05	0.061042957	0.14502697	6.7190618e-09	0.2890085	1.3283844e-08	2.9069795e-07	7.1140455e-08	4.980623e-07	3.2993934e-09	1.7425234e-07
priorregion4_spot_83	2.8475014e-08	7.9472436e-08	2.522953e-07	0.012012173	4.4305466e-07	4.3356007e-07	3.0030927e-07	3.4175844e-07	0.010979276	0.74629056	6.024498e-08	0.22704649	1.8765345e-08	3.6329805e-06	0.0035436586	1.0151368e-06	4.655358e-05	7.462956e-05
priorregion4_spot_84	1.293929e-05	4.771165e-07	1.7763294e-07	2.5313798e-07	1.968498e-07	1.3185331e-07	1.4383271e-07	2.4827486e-07	8.878511e-08	2.2137333e-07	0.99627507	4.4206848e-07	2.720963e-07	0.0031790193	2.644833e-07	7.4117634e-06	0.0005220262	4.085186e-07
priorregion4_spot_85	7.305198e-07	5.230757e-08	0.15645874	0.10968028	0.011883332	2.2934658e-07	0.024631813	3.2209034e-06	2.2773314e-07	7.93737e-08	0.34750077	0.34983754	3.660336e-08	2.2404285e-07	8.104216e-08	1.1278944e-07	2.5146082e-06	5.967285e-08
priorregion4_spot_86	0.0022438096	1.8123796e-08	0.4640275	4.6902023e-05	0.0047664633	4.6613414e-07	8.028511e-07	3.2804733e-06	2.1523853e-07	0.21090159	0.1142761	0.20373145	1.730335e-08	6.7090934e-07	1.2694342e-07	2.0769376e-07	2.3337613e-08	3.8506352e-07
priorregion4_spot_87	0.0037628515	3.15863e-08	0.2720785	1.2885636e-06	2.979043e-06	1.8529101e-07	4.2677502e-07	0.035076924	2.993589e-07	0.17146364	0.21853033	0.22518232	9.375598e-08	0.019800186	1.374111e-07	2.0077673e-06	0.054097578	2.1328945e-07
priorregion4_spot_88	1.3036619e-08	1.8502824e-08	0.5292643	0.00014984875	1.5706384e-05	7.1461176e-07	0.04412524	0.05551183	2.471423e-07	0.24814156	1.4529273e-08	0.12278936	7.812183e-09	1.5821901e-07	4.2910395e-07	4.4828715e-07	6.230168e-09	1.3368091e-07
priorregion4_spot_89	1.6264233e-08	3.1200727e-08	5.1767535e-07	2.2070948e-07	1.7459843e-07	7.7695454e-08	1.1955366e-07	1.9573486e-06	2.7147487e-07	0.6272949	0.2961355	0.07656534	1.4616099e-08	9.783891e-08	1.1367776e-07	4.889873e-07	2.6551389e-08	1.798887e-07
priorregion4_spot_90	1.7419654e-07	4.298466e-08	0.06216809	3.0675895e-07	6.145281e-07	0.033754718	1.2220818e-07	0.021658404	4.2547592e-07	0.5627582	0.24862677	7.803248e-08	3.397711e-08	0.05451551	0.01650919	2.9049988e-07	5.041502e-06	2.053136e-06
priorregion4_spot_91	3.1578786e-09	4.9124176e-09	0.43454415	0.00014355304	1.1924088e-05	0.04781798	1.7653969e-06	2.736823e-06	1.5521895e-05	4.7593197e-08	7.647048e-08	0.5174621	3.6396353e-09	7.224812e-08	2.9564452e-08	8.9713126e-08	3.1460141e-09	5.63151e-08
priorregion4_spot_92	2.4312255e-08	2.3705141e-08	3.4858147e-07	1.6377143e-06	0.027118685	4.214749e-06	3.0144037e-07	4.2461193e-07	0.00477314	0.27445206	0.12625079	0.5349067	1.7311894e-08	0.032489583	1.6683087e-07	9.170452e-07	1.0946233e-08	1.0088622e-06
priorregion4_spot_93	4.5448402e-08	5.846636e-08	0.595395	4.0692055e-05	1.8474215e-06	2.3730286e-06	3.6356175e-06	0.0076066973	8.019926e-07	0.13166209	0.15591387	0.10936789	5.461252e-08	2.0523257e-06	2.967555e-07	1.003939e-06	2.50226e-08	1.6134426e-06
priorregion4_spot_94	1.2785635e-07	1.2054387e-07	0.35951573	1.986743e-06	0.0043240325	1.2397596e-06	1.6529904e-06	2.612615e-06	0.038963206	2.4785047e-07	0.37929574	0.21788864	5.7651715e-08	1.8606227e-07	6.6652115e-07	1.2914677e-06	1.8728554e-06	6.373376e-07
priorregion4_spot_95	1.1197646e-08	2.564409e-08	0.034898706	0.02449203	6.2163253e-06	3.988828e-07	1.1050539e-06	1.362049e-06	7.8045804e-07	0.32637057	0.2889292	0.31102854	2.1374042e-08	0.014269077	2.5722494e-07	1.374346e-06	2.2008129e-08	3.297756e-07
priorregion4_spot_96	7.8553285e-08	6.833818e-08	0.063828	1.936094e-06	1.7271692e-05	0.02421592	3.868959e-06	0.10058908	1.4474805e-06	0.07298611	0.24847607	0.4006199	3.0731513e-08	2.1306937e-06	0.044744585	0.044503216	6.893396e-08	1.0132489e-05
priorregion4_spot_97	0.00030299692	3.6827057e-08	0.140229	5.5065874e-07	7.5148466e-07	4.4706397e-07	0.015799742	1.2727042e-05	2.7308576e-07	0.3704516	0.13569322	0.33750767	1.6445778e-08	4.8226104e-07	8.431592e-08	2.3868168e-07	1.16925545e-08	2.2261402e-07
priorregion4_spot_98	1.6659993e-07	1.0471025e-07	1.5974305e-06	2.1379303e-07	2.6772543e-07	4.131661e-07	1.5483414e-07	4.6545216e-07	1.6104785e-07	0.4299005	0.45227584	3.626172e-07	7.3105014e-08	8.43678e-06	0.029179253	0.088620245	4.7850034e-07	1.1293672e-05
priorregion4_spot_99	4.2822236e-07	4.9084374e-08	0.36281672	0.07154566	2.7412702e-06	6.814013e-06	4.8131886e-07	0.043027136	4.159894e-07	0.14607795	0.33772305	4.885817e-07	3.5157843e-08	4.7917507e-07	1.7954986e-07	9.775262e-07	6.1582623e-06	0.038790416
priorregion4_spot_100	0.00095249026	0.00034386167	0.6436989	0.00021698671	0.00034358722	0.01768049	1.8435963e-05	8.081577e-05	0.005549127	7.6451386e-08	1.465047e-08	0.32352772	1.7057923e-08	0.007104589	7.397032e-08	7.707464e-07	0.00048212556	9.2389975e-08
priorregion4_spot_101	1.9732848e-08	2.2824121e-08	0.50129724	0.054057654	3.4864229e-06	0.08089429	6.673404e-07	0.03749797	0.016983349	0.10174134	1.3285464e-08	0.12145099	2.7090918e-08	8.080036e-07	2.0267993e-07	0.08607196	1.0847802e-08	1.9457934e-07
priorregion4_spot_102	7.461344e-09	6.917952e-09	0.37643453	3.4710968e-07	1.620067e-07	1.4775273e-07	8.297211e-08	7.177195e-07	2.1232611e-07	0.6226931	7.4238464e-09	6.5405025e-08	0.00086821074	1.2359877e-07	2.3612068e-07	1.08209974e-07	3.9012105e-09	1.8845246e-06
priorregion4_spot_103	1.2620541e-06	8.518911e-08	1.1668319e-07	0.011690046	9.877049e-08	5.9019538e-08	1.1830204e-07	1.2700181e-07	3.9985542e-07	0.18817654	0.31058812	0.3037737	0.003580513	1.3039859e-07	1.5506154e-07	3.0476923e-07	0.1594207	0.022767497
priorregion4_spot_104	0.0017284033	4.5725557e-08	0.23896016	1.0155598e-05	5.7383554e-06	3.0360036e-06	0.011046145	4.162644e-06	4.250633e-06	0.06753484	0.12183328	0.5502601	3.7817422e-08	3.1538434e-07	0.008608623	2.3047943e-07	1.5231915e-08	4.4112932e-07
priorregion4_spot_105	0.0039918567	4.3391946e-08	0.7719283	0.0001068329	5.2696237e-06	0.014723179	4.2824036e-06	1.0845131e-05	3.8934164e-07	4.1032127e-08	0.20922807	5.5158444e-07	8.756936e-09	5.1151968e-08	4.5440284e-08	7.47778e-08	2.2605592e-08	5.8013722e-08
priorregion4_spot_106	4.0922026e-07	4.919253e-08	0.28622323	7.504373e-06	6.441656e-06	3.0053561e-06	0.016640449	3.614099e-06	1.2520897e-05	0.41377234	0.07302329	0.21030323	1.6102721e-08	6.1153025e-07	7.2836326e-07	1.5319042e-06	1.1250635e-08	9.858792e-07
priorregion4_spot_107	1.1570719e-08	9.785242e-09	0.26911727	0.04512847	1.8659321e-06	1.6719499e-06	8.1639416e-07	1.0049503e-06	0.015370859	0.32114512	1.8035495e-08	0.34923142	1.2837453e-08	4.837403e-07	1.3947914e-07	4.1110175e-07	6.1506245e-09	4.411342e-07
priorregion4_spot_108	0.000716488	1.084701e-08	0.036919355	0.14622541	0.00011213829	0.050625965	1.6155952e-06	0.07876136	6.7104696e-07	0.1908143	0.035343148	0.42826536	0.0005187798	0.03168989	1.7202203e-07	5.0595e-06	1.1487742e-08	2.7895837e-07
priorregion4_spot_109	2.6438878e-08	2.7337983e-08	0.4675128	0.07233533	0.007936308	1.4957006e-06	0.0063170437	4.0379833e-05	7.3696566e-07	0.17332637	0.20301627	0.06946454	2.549651e-08	6.092572e-07	2.2785652e-07	4.7662677e-05	1.9327139e-08	3.2067072e-07
priorregion4_spot_110	6.072028e-08	4.9479773e-08	0.14016114	4.1073095e-06	4.3883333e-06	1.0651071e-06	1.730199e-06	1.027022e-06	1.9037242e-07	0.36494023	0.1803606	0.26175293	1.6722712e-08	5.769691e-07	0.0139131285	0.038858473	1.6390885e-08	3.095974e-07
priorregion4_spot_111	1.7290368e-08	3.8166167e-08	0.30690786	6.6060347e-06	1.28499805e-05	1.1713943e-05	4.79502e-06	4.8922693e-06	3.898744e-06	1.4883409e-06	0.22823969	0.45548728	1.9222027e-08	2.9908807e-07	8.0230244e-08	0.009318212	3.321801e-08	1.9886991e-07
priorregion4_spot_112	9.666519e-09	7.807736e-09	0.17456938	0.25507322	0.029094879	2.073904e-07	0.028246138	1.7947299e-06	9.137555e-08	0.36924887	0.00023357023	0.14274651	0.00078419066	4.3365478e-07	1.3149301e-07	3.401619e-07	4.9413638e-09	2.7784455e-07
priorregion4_spot_113	0.00017265098	4.851387e-08	0.3242202	0.16115172	4.300823e-06	0.029588878	3.0838007e-06	7.778667e-06	0.0040375926	0.28570813	0.1950981	2.3577813e-06	2.1781217e-08	1.7792884e-06	4.669111e-07	9.512456e-07	1.8441327e-08	1.8538079e-06
priorregion4_spot_114	3.7821305e-08	6.041311e-08	0.22904322	0.0017245753	0.0061529633	4.3875343e-06	8.713919e-06	7.0252077e-06	3.975523e-06	8.451219e-08	0.40274912	0.3603051	2.1787038e-08	2.1312134e-07	6.493015e-08	2.730899e-07	5.8467624e-08	1.2903301e-07
priorregion4_spot_115	2.0341227e-08	2.5637627e-08	0.14448746	0.1988555	4.1695635e-06	7.925784e-07	8.72481e-07	2.6037246e-06	5.151207e-07	0.17169122	0.14374834	0.34120712	1.2807458e-08	3.0502065e-07	1.049189e-07	6.1087263e-07	1.0919578e-08	3.0746799e-07
priorregion4_spot_116	8.393018e-09	0.00011383222	0.4640267	0.060726486	0.013771636	8.200366e-05	5.7651032e-05	1.7126782e-05	2.9352893e-07	2.0800423e-06	0.086599916	0.3348348	0.003014383	0.0076757707	7.354988e-08	0.029077046	1.3522923e-08	1.1121518e-07
priorregion4_spot_117	1.329497e-08	9.675646e-08	0.41965917	0.0013110524	8.660644e-06	9.038635e-07	3.2428807e-07	1.3828089e-05	9.0901004e-08	2.0451495e-08	0.5790057	1.3649431e-07	3.754705e-08	3.186827e-08	2.4110431e-08	4.9766957e-08	6.106544e-08	3.8384485e-08
priorregion4_spot_118	1.3152706e-08	2.1598904e-08	0.122111164	2.6311866e-07	3.320924e-06	1.1070839e-06	8.3486265e-07	6.003169e-07	0.036623336	0.3308631	0.08092795	0.38535997	0.0010536254	3.941049e-07	2.0088012e-07	2.6864404e-07	1.3975955e-08	0.04305374
priorregion4_spot_119	2.1967686e-08	6.165224e-08	2.103594e-06	0.02758274	8.954176e-06	1.0404766e-06	0.02095626	0.0076514035	5.688743e-07	0.33203366	0.19315597	0.41859218	2.1757378e-08	4.7213112e-07	2.03728e-06	4.1252683e-06	1.6520625e-08	8.334987e-06
priorregion4_spot_120	0.0012183395	4.9129415e-08	0.100004114	0.11447482	1.4485729e-05	0.01482508	0.01572514	0.011693955	1.5254625e-06	0.11653192	0.23542306	0.32762298	2.307511e-08	7.9771064e-07	0.0009398308	0.061522637	4.7668297e-07	8.971434e-07
priorregion4_spot_121	1.7447116e-08	2.6398093e-08	0.31416437	0.13182947	1.47348655e-05	1.2491038e-05	2.5405758e-05	1.0991235e-05	7.7987e-07	5.207405e-08	0.22098769	0.33295345	1.8004858e-08	1.2085705e-07	4.6290708e-08	1.7557903e-07	1.98129e-08	6.9084585e-08
priorregion4_spot_122	0.019636292	2.2293726e-08	0.12883967	0.18501386	2.8397736e-07	2.041764e-06	6.475036e-08	1.3256334e-07	1.0993723e-07	0.42159396	0.24490587	9.9237354e-08	1.658331e-08	1.6169352e-07	7.719537e-08	7.266842e-07	2.2305105e-07	6.4293627e-06
priorregion4_spot_123	9.4953005e-09	1.6654116e-08	0.55330205	6.1760015e-06	2.7329068e-06	1.2854123e-06	9.5277227e-07	4.0258956e-06	1.7080741e-07	3.9630675e-07	1.31552085e-08	0.44668153	1.4521382e-08	1.421921e-07	5.8671276e-08	2.9236276e-07	6.2201617e-09	6.920923e-08
priorregion4_spot_124	2.2585382e-08	2.159606e-08	2.33465e-07	1.7114204e-06	5.489951e-07	4.4391453e-07	2.271074e-07	3.184553e-07	2.9646569e-07	0.6971353	1.8840733e-08	0.30250043	1.5338303e-08	1.870635e-05	4.5173597e-06	0.0003286825	1.3323726e-08	8.510108e-06
priorregion4_spot_125	1.3508354e-08	1.024414e-08	1.5438256e-07	1.75994e-06	1.27086e-07	6.714874e-08	6.231947e-08	7.996706e-08	1.166748e-07	0.5769185	0.15194274	0.2346929	1.4304395e-08	1.4106448e-07	0.036442418	1.7247685e-07	1.1036498e-08	7.421302e-07
priorregion4_spot_126	3.0178082e-08	6.586035e-08	0.3859586	0.010519123	1.4763738e-06	2.0811328e-06	3.3600045e-05	6.16011e-06	2.2926046e-07	0.1660176	0.34802103	0.020461023	2.0842219e-08	0.010451201	4.843243e-07	0.02607114	4.939103e-08	0.03245605
priorregion4_spot_127	1.0916987e-08	1.0115714e-08	0.4847452	0.044209324	3.3002664e-06	3.1799001e-07	0.004734612	7.922722e-06	3.5551867e-07	5.3257178e-08	6.163056e-08	0.4662983	1.0315002e-08	1.4675759e-07	5.959982e-08	1.4627592e-07	6.9095516e-09	5.5880946e-08
priorregion4_spot_128	4.4744866e-08	4.5421153e-08	5.2593236e-07	6.9947504e-07	2.6460772e-05	8.7553127e-07	0.04996224	9.547668e-07	4.7554482e-07	0.37087634	0.32439747	0.19758292	2.7445063e-08	0.0025618954	6.057282e-07	7.731533e-07	2.117325e-08	0.05458773
priorregion4_spot_129	1.5608563e-07	0.0009401191	0.060719162	1.7442394e-06	2.3633869e-07	1.2445621e-07	1.3279973e-07	0.014578573	1.0249319e-07	0.287184	0.63459665	1.7927896e-07	4.9143345e-08	0.0019704103	3.5008034e-07	6.383415e-06	7.1297325e-07	9.1829514e-07
priorregion4_spot_130	1.4723808e-08	1.4329829e-08	0.6393844	0.21653317	2.7539882e-05	0.064603806	2.80976e-05	0.000103855506	0.005307133	2.7079997e-07	9.125137e-09	0.07079992	1.5321042e-08	0.0032113194	5.9703055e-08	2.8092666e-07	6.7261396e-09	9.048439e-08
priorregion4_spot_131	6.702517e-09	2.198479e-08	0.736438	2.0948859e-05	4.078589e-06	1.405073e-06	2.4209905e-05	5.2082614e-05	4.8032166e-07	5.412988e-08	0.26345822	1.8777199e-07	1.513301e-08	1.087946e-07	3.8607386e-08	1.0868291e-07	1.2750982e-08	8.4388866e-08
priorregion5_spot_1	0.479499	5.318581e-08	0.013810146	3.6669857e-07	1.2552935e-07	1.029694e-06	2.2354705e-05	3.8718285e-06	1.3167983e-07	4.922523e-06	4.5162057e-08	8.918335e-08	4.4331475e-08	3.260048e-06	2.434421e-07	0.5066537	4.382967e-07	1.7778393e-07
priorregion5_spot_2	4.0915702e-07	0.002908944	2.1307439e-07	9.888442e-07	1.6280417e-07	2.683404e-07	1.2921952e-07	2.8059893e-07	1.08437156e-07	0.014628896	0.00036616295	2.562569e-07	6.647854e-08	0.51760817	0.018520964	0.44589242	7.0850176e-05	6.6129394e-07
priorregion5_spot_3	0.37056652	3.7117093e-08	6.668416e-08	7.2943735e-08	7.3577624e-08	1.1196175e-07	8.088727e-08	8.389217e-08	7.945232e-08	2.2439515e-06	4.6498425e-08	1.35111e-07	4.079248e-08	0.629286	2.7718997e-07	0.000142738	4.7708306e-07	9.2478484e-07
priorregion5_spot_4	6.611516e-09	1.1350595e-08	4.1105466e-07	3.7111258e-07	1.6594424e-07	1.0589164e-06	7.065631e-08	1.18920795e-07	6.148675e-08	0.010872739	6.909725e-09	3.8323086e-07	8.56147e-09	0.79858977	0.005480122	0.18505383	4.7263855e-09	8.660409e-07
priorregion5_spot_5	0.140097	2.2895517e-08	7.8136146e-08	6.538658e-08	8.5787406e-08	1.2060043e-07	6.516229e-08	7.499148e-08	0.003588805	8.076991e-07	1.0303405e-08	1.07411545e-07	1.4002181e-08	0.3059156	4.129792e-07	0.5503962	4.9454588e-08	3.7677208e-07
priorregion5_spot_6	0.045621745	2.0082592e-08	1.1917472e-07	1.08210635e-07	1.1108451e-07	1.224871e-07	2.0302441e-07	1.13549504e-07	0.0058236164	1.4483935e-06	1.7392837e-08	4.4689824e-07	1.4951558e-08	0.42053616	1.8337136e-07	0.5280149	3.871802e-08	6.3550414e-07
priorregion5_spot_7	0.2718738	5.2642765e-08	0.0035956963	2.834664e-07	1.9914081e-07	2.174043e-05	1.5522737e-07	4.1468292e-07	1.5625709e-07	2.6342668e-06	8.6367336e-08	5.1946614e-07	3.4522433e-08	0.24241221	6.1514544e-07	0.48208833	1.8025725e-07	2.8009695e-06
priorregion5_spot_8	0.3536781	2.7850433e-08	6.8170635e-08	3.328561e-07	7.699571e-08	7.1651726e-08	4.83077e-08	7.842533e-08	4.374694e-08	2.3747589e-07	2.155873e-08	2.9232152e-07	1.7358866e-08	0.20712578	6.293246e-08	0.4391944	1.1630306e-07	1.5449926e-07
priorregion5_spot_9	0.23668219	3.129834e-08	3.1654065e-07	0.042036653	2.1672182e-07	2.1561972e-07	2.0747562e-07	3.5340597e-07	1.2963001e-07	0.014398996	4.8415394e-08	3.8956284e-07	2.7486971e-08	0.3200022	1.6512524e-07	0.38318703	8.921028e-08	0.0036907976
priorregion5_spot_10	0.27152607	6.413058e-08	1.195631e-07	1.3971312e-07	1.4799934e-07	1.4188024e-07	0.0012359009	2.2755879e-07	6.0539883e-06	8.968931e-07	4.2460208e-08	9.207472e-08	2.4076574e-08	0.19770941	2.0466354e-07	0.52951986	1.5046939e-07	4.098089e-07
priorregion5_spot_11	0.07135473	1.9558053e-08	7.4695926e-08	8.757441e-08	1.3615588e-07	3.4339794e-07	0.0015372318	9.048761e-08	1.3841793e-06	3.0031497e-06	1.7709535e-08	1.3519826e-07	1.9283926e-08	0.87281066	2.169842e-07	0.0542915	3.2571815e-08	4.867975e-07
priorregion5_spot_12	6.558262e-08	1.2410706e-08	5.6861925e-08	4.964544e-08	5.354411e-08	4.9560476e-06	5.2813924e-08	4.3234053e-08	7.096228e-08	8.300715e-07	1.5193155e-08	1.5949546e-06	1.5093434e-08	0.58759993	1.2339287e-07	0.41226515	0.00012646298	4.7279113e-07
priorregion5_spot_13	2.182923e-08	5.5610233e-08	8.7500425e-08	1.5423605e-07	1.1509959e-07	1.05768564e-07	7.8971446e-08	7.202674e-08	8.800129e-08	6.8080085e-06	1.2896194e-08	2.1125265e-07	1.8920964e-08	0.5923007	1.673975e-07	0.4076885	8.055979e-09	2.6858315e-06
priorregion5_spot_14	0.22655612	4.742111e-08	6.23848e-08	6.0495886e-08	7.297623e-08	7.3012636e-08	4.6546106e-08	5.8378795e-08	5.317348e-08	2.7960498e-06	2.1786263e-08	1.1254375e-07	1.2376117e-08	0.13645048	1.5597472e-07	0.6369896	3.5317647e-08	2.5274707e-07
priorregion5_spot_15	0.0002741303	7.104967e-09	3.8550443e-08	3.0514403e-08	5.8339314e-08	8.4261174e-08	4.1930786e-08	4.8920775e-08	4.34627e-08	4.5054833e-07	7.593769e-09	1.1344838e-06	7.1860513e-09	0.44686833	8.834517e-08	0.55285543	5.715582e-09	9.806526e-08
priorregion5_spot_16	0.1041088	3.7258378e-08	8.0839875e-08	9.819457e-08	8.246667e-08	2.533942e-07	8.0766746e-08	9.2770954e-08	7.767028e-08	5.4990364e-06	2.7006404e-08	5.475977e-07	1.2843777e-08	0.47618842	2.3045904e-07	0.41969362	7.40066e-08	1.93109e-06
priorregion5_spot_17	0.16032605	2.9076767e-07	0.008760505	3.4845087e-07	2.3960646e-07	7.3763124e-07	2.1132942e-07	3.2576054e-06	1.1144374e-07	0.010685805	1.832357e-07	2.2011046e-07	0.00032041402	0.113988124	5.8483295e-07	0.7059114	1.2485422e-07	1.4242473e-06
priorregion5_spot_18	0.17125091	1.3363602e-07	0.007141028	0.017013185	6.76704e-07	0.010397933	3.6587775e-07	4.4803835e-07	0.0069611915	0.047713373	3.2992597e-07	4.1879026e-05	3.183773e-08	0.050950233	0.01669758	0.65473014	1.3530064e-07	0.017100459
priorregion5_spot_19	0.10871599	0.0039767046	1.0531107e-06	4.9605154e-07	0.024723062	1.1008547e-06	7.207965e-07	2.6337989e-06	4.6488586e-07	1.2480153e-06	6.283515e-08	2.4117012e-06	5.033649e-08	0.42233992	6.4678505e-07	0.4121904	1.8524581e-07	0.02804288
priorregion5_spot_20	0.076677375	9.5220585e-08	5.2799413e-05	5.633768e-07	1.1485614e-06	0.017159913	9.1356003e-07	2.5017075e-06	3.4043353e-07	0.028499287	8.017804e-08	1.4915871e-05	2.855142e-08	0.26703194	4.0854848e-06	0.59309185	1.16431174e-07	0.017461974
priorregion5_spot_21	0.36571676	5.5350903e-08	7.9012824e-07	2.1874281e-07	0.00685071	1.1012517e-07	0.00062692194	3.2054498e-07	3.0347638e-07	1.0829487e-07	2.7859263e-08	3.5568763e-07	2.1495216e-08	0.41592094	9.595939e-08	0.21088186	1.5990308e-07	1.0603189e-07
priorregion5_spot_22	0.17802536	2.6034435e-08	4.727739e-08	4.5502144e-08	5.0476803e-08	1.4759316e-07	4.1919805e-08	5.5708814e-08	5.004412e-08	1.4614202e-06	0.00040068026	5.784556e-08	1.7522387e-08	0.5358177	2.260541e-07	0.2857467	8.605422e-08	7.235596e-06
priorregion5_spot_23	0.00069347845	1.4343573e-08	0.06671601	0.0359855	5.164114e-07	1.8131703e-07	2.623246e-07	0.0029068994	1.2975217e-07	1.6507637e-06	1.4340715e-08	0.0041613597	1.3170315e-08	0.00011195527	0.009189717	0.8769952	5.3481344e-09	0.0032371269
priorregion5_spot_24	1.2410193e-08	8.80695e-09	4.4362118e-08	3.8662737e-08	4.2051074e-08	7.460851e-06	3.8924927e-08	3.7854058e-08	3.9059767e-08	2.2903e-06	5.5586455e-09	4.3162775e-08	5.811023e-09	0.7343599	1.3470796e-07	0.26562968	5.1335336e-09	2.05119e-07
priorregion5_spot_25	0.29872507	3.4329375e-08	6.3927565e-08	6.894057e-08	7.991052e-08	9.385445e-08	4.686824e-08	6.464553e-08	4.4153996e-08	2.1554893e-06	3.2246085e-08	1.0172144e-07	0.00024622775	0.5264887	9.946208e-08	0.17453578	2.7787036e-07	1.0363447e-06
priorregion5_spot_26	0.21974677	2.3867607e-08	7.438629e-08	1.17845055e-07	9.221733e-08	1.2138402e-07	7.3818754e-08	5.434065e-08	5.2096777e-08	4.769214e-07	3.872999e-08	9.8316015e-08	1.1389802e-08	0.14001049	2.6912517e-07	0.640241	8.065319e-08	1.5329975e-07
priorregion5_spot_27	0.029036658	1.6502868e-08	1.3268506e-07	1.6133589e-07	1.2939766e-07	8.1700523e-07	1.224171e-07	1.204958e-07	1.06920325e-07	1.188861e-05	9.15526e-09	5.5475584e-07	1.2588884e-08	0.69334453	3.6731217e-07	0.23947413	1.6972075e-08	0.038130198
priorregion5_spot_28	0.068137676	1.0635294e-08	2.2356103e-07	0.00039743632	3.578628e-07	0.009769526	2.096096e-07	2.8070647e-07	9.949116e-08	0.005930578	2.742915e-08	3.0114728e-07	8.426944e-09	0.5721481	8.4169436e-08	0.34361497	2.6128912e-08	1.8543307e-07
priorregion5_spot_29	0.9997176	1.097132e-06	2.1692705e-07	3.946987e-08	3.316062e-08	1.1244998e-07	2.0313296e-08	3.9182144e-08	1.91449e-08	6.1283276e-07	1.6677413e-05	1.5706546e-07	4.0398706e-07	0.00013093653	4.1847167e-07	2.421875e-07	0.00013099829	4.6431867e-07
priorregion5_spot_30	0.13727285	0.00022163837	5.263825e-07	3.2479133e-07	5.294747e-07	1.2965372e-06	0.0038897393	0.00084878283	2.6464332e-07	3.5537592e-05	0.00088302256	3.0419082e-07	0.0003068859	0.41103795	3.5216584e-07	0.44549763	5.4706146e-07	1.8531963e-06
priorregion5_spot_31	0.17131145	2.6793689e-08	8.351436e-08	1.229686e-07	9.138622e-08	9.189872e-08	5.8108935e-08	6.40234e-08	3.4257088e-08	2.7808557e-07	2.6200738e-08	0.0101620555	1.1980169e-08	0.81852525	4.754055e-08	1.3562772e-07	4.6596497e-08	9.996744e-08
priorregion5_spot_32	1.414438e-07	1.2721295e-08	1.0754515e-07	1.0980462e-07	1.6234758e-07	7.34235e-07	1.1368236e-07	9.262846e-08	7.969526e-08	4.909125e-06	1.7277934e-08	2.7409712e-07	1.0562442e-08	0.64874786	1.3179525e-07	0.35115343	9.1561276e-05	2.3219229e-07
priorregion5_spot_33	0.68529224	8.8038554e-08	2.4135186e-06	0.0051937834	2.152706e-07	4.1336213e-07	1.1244506e-07	0.0074900277	7.5425106e-08	0.02140072	7.601552e-08	0.021883586	6.6568695e-08	0.015605328	1.2107661e-07	0.15081804	5.404386e-06	0.09230732
priorregion5_spot_34	0.37648222	1.3623163e-07	6.6311276e-07	2.4199986e-07	2.0727919e-07	1.7222216e-07	1.6205027e-07	2.0074246e-07	1.570613e-07	3.4709515e-06	9.357219e-08	3.439379e-07	4.5446402e-08	1.3938626e-05	4.474714e-07	0.6184642	3.8377678e-07	0.005032941
priorregion5_spot_35	0.18325065	3.7769006e-08	3.017224e-07	2.386055e-07	1.3933665e-07	1.8576344e-07	1.05079216e-07	1.5295579e-07	7.834395e-08	1.0242841e-05	3.6334125e-08	1.094098e-07	1.7702101e-08	0.47107267	3.8202003e-07	0.34547168	8.37361e-08	0.00019289274
priorregion5_spot_36	0.36791494	5.5574397e-08	3.1094794e-07	0.012884475	1.3853207e-07	1.8544637e-07	9.3272234e-08	1.7088443e-07	8.285921e-08	3.8799578e-07	3.701759e-08	2.5449435e-07	4.5272756e-08	0.4435758	1.3311823e-07	0.1756175	7.9071054e-07	4.6012883e-06
priorregion5_spot_37	0.36190656	3.7714077e-08	3.3943344e-08	4.8729355e-08	4.0589406e-08	5.966221e-08	3.666742e-08	3.713341e-08	3.5670624e-08	6.5506842e-06	7.716375e-08	7.673401e-08	0.0017313624	0.45536378	1.0487416e-07	0.18099044	3.9816916e-07	4.1173226e-07
priorregion5_spot_38	0.1905008	3.748401e-08	9.745191e-08	6.504234e-08	2.2963155e-07	7.0765725e-07	1.2001223e-07	8.932827e-08	1.2372016e-07	8.4826644e-07	3.5623945e-08	1.1409673e-07	0.0006134355	0.3340886	2.615471e-07	0.4747941	1.1172252e-07	2.3018252e-07
priorregion5_spot_39	0.24429075	8.7226166e-05	1.0309e-07	9.6751485e-08	9.473152e-08	4.5002756e-07	8.35105e-08	1.3043469e-07	1.16928334e-07	1.0406283e-06	2.4765521e-08	2.1734098e-07	2.4326733e-08	0.45018613	5.367171e-07	0.28744444	2.1065969e-07	0.01798838
priorregion5_spot_40	7.779433e-09	1.587653e-08	4.0874752e-08	2.7038158e-08	5.5556814e-08	7.917243e-08	4.1004107e-08	3.283635e-08	4.2305874e-08	1.345305e-07	4.5711963e-09	5.6394363e-08	8.120162e-09	0.7727964	0.017775895	0.20942697	3.2729555e-09	1.2123866e-07
priorregion5_spot_41	0.24812451	2.6969856e-08	6.175224e-08	7.163689e-08	8.311843e-08	1.2643332e-07	7.245436e-08	5.520586e-08	6.54572e-08	0.006697724	3.2238997e-08	8.7010946e-08	3.176801e-08	0.6781438	0.020685915	0.046346415	1.5585246e-07	6.088492e-07
priorregion5_spot_42	2.2427118e-08	3.086195e-08	1.1965273e-07	1.3531762e-07	1.7671472e-07	2.451956e-07	1.0210822e-07	9.95371e-08	1.17084255e-07	1.5496076e-07	0.00035648735	4.504904e-07	1.6483948e-08	0.72047013	1.0360584e-07	0.27916542	1.1933304e-08	6.2430013e-06
priorregion5_spot_43	0.34941277	3.639385e-08	1.4839004e-07	1.1342308e-07	1.393655e-07	2.0638915e-07	0.01261963	1.5867484e-07	2.6768774e-07	0.051818397	9.947072e-08	0.01859859	2.4531134e-08	0.40329504	2.6214155e-07	0.16425273	2.1497812e-07	1.1520497e-06
priorregion5_spot_44	7.642604e-09	8.194656e-06	2.3305235e-07	2.1711642e-06	1.0560199e-07	2.0797785e-07	1.2692418e-07	2.1568398e-07	7.889464e-08	3.0184821e-05	1.0560065e-08	3.260171e-07	1.0216353e-08	0.3689835	4.834193e-07	0.6145874	8.162841e-09	0.016386712
priorregion5_spot_45	0.42298573	1.9103132e-08	4.7321825e-07	5.1471154e-08	3.9630493e-08	4.1995797e-08	3.5829242e-08	6.186346e-08	2.1503801e-08	7.7448317e-07	5.1940134e-08	2.2367387e-07	2.5351193e-08	0.57700354	4.9536737e-08	7.730068e-06	5.1513155e-07	5.1269484e-07
priorregion5_spot_46	7.9292235e-09	0.00055103307	0.0025195885	0.0044133356	1.5766559e-06	4.1149315e-06	1.8629989e-07	8.528055e-07	1.5038286e-07	3.3844415e-06	4.417275e-08	4.3412638e-07	9.307007e-09	0.6752753	8.712931e-08	0.3172298	1.8861968e-08	1.14610145e-07
priorregion5_spot_47	1.2518061e-08	1.1577625e-08	6.9400535e-08	3.531815e-08	9.230595e-08	2.6567332e-06	1.5636745e-07	9.397358e-08	1.7133954e-05	7.505732e-06	0.0001423266	2.4556968e-07	0.0008424399	0.14358693	0.011405539	0.84377855	0.00021148259	4.674834e-06
priorregion5_spot_48	0.120038025	0.0013609073	6.3482005e-08	5.5748774e-08	1.5392754e-07	1.0351307e-07	6.850083e-08	8.072447e-08	6.9623106e-08	3.0331626e-06	9.6529206e-08	0.0025503358	1.2211463e-08	0.4962349	5.775406e-07	0.37981117	4.9856606e-08	2.4200955e-07
priorregion5_spot_49	0.26607883	2.4288147e-08	1.9454576e-07	4.04441e-08	8.848376e-08	2.0244987e-07	0.0074894954	0.0030324925	0.012645483	0.004165229	1.7065156e-08	4.1469153e-08	1.4307949e-08	0.25415194	6.95471e-08	0.4524356	1.0291906e-07	6.2106835e-08
priorregion5_spot_50	0.25802425	2.160596e-08	3.965757e-07	2.178407e-07	9.945758e-08	4.3335282e-07	6.8451776e-08	1.1788602e-07	2.9237523e-08	3.7398704e-07	2.3713845e-08	1.8810717e-07	2.4176922e-08	0.3264428	0.0012011231	0.41432968	1.4499511e-07	1.03823666e-07
priorregion5_spot_51	0.18435535	3.802373e-08	0.01653471	0.0090864785	3.2842135e-07	2.5563662e-07	8.545598e-08	1.6549588e-07	7.2649826e-08	0.0020527972	0.0009497593	0.046460282	1.17063745e-08	0.027796058	2.8519878e-07	0.7127626	8.189098e-08	6.688736e-07
priorregion5_spot_52	7.423187e-09	6.290296e-05	9.462255e-08	4.4916288e-07	9.083142e-08	1.7913503e-07	8.187383e-08	8.4077435e-08	6.314263e-08	1.7669302e-07	1.1407508e-08	1.15022374e-07	1.1319912e-08	0.22432977	9.340145e-08	0.7756057	6.9266637e-09	2.2286012e-07
priorregion5_spot_53	0.21618904	2.4358007e-08	2.5674393e-07	0.00986292	1.0445185e-06	2.0316557e-07	0.0034748958	0.0014169754	1.2777619e-07	2.849151e-06	2.091185e-08	1.2025572e-07	9.279816e-09	0.22350346	1.6149393e-07	0.5455475	7.947913e-08	3.8124736e-07
priorregion5_spot_54	0.3695674	3.708575e-08	3.8105713e-07	0.004423214	1.6046869e-07	1.13989444e-07	4.292223e-07	1.6897596e-07	1.2690819e-07	0.011598785	1.3561716e-07	1.5492387e-07	2.50046e-08	0.41931143	1.6882342e-07	0.19509088	5.2305086e-07	5.910427e-06
priorregion5_spot_55	1.1921471e-08	1.455626e-08	7.7354564e-08	0.0072414046	1.1529619e-07	1.3812435e-07	1.07354545e-07	6.689398e-08	5.4766033e-08	5.8411126e-07	2.3560364e-08	5.309328e-05	7.463563e-09	0.986433	1.6362814e-07	7.740579e-05	5.6565184e-09	0.006193687
priorregion5_spot_56	0.3479859	4.273918e-08	1.8948623e-07	1.8312109e-07	6.5434506e-07	2.1622384e-07	2.5749665e-07	0.02656509	2.1081361e-07	3.7288964e-07	2.4017954e-08	4.8091295e-07	2.7862638e-08	4.3607676e-07	3.0916948e-07	0.54949754	2.9939994e-07	0.07594771
priorregion5_spot_57	0.47650203	3.2707565e-08	8.720859e-08	1.0093115e-07	1.0474106e-07	1.14929286e-07	8.767875e-08	1.1316616e-07	6.7100174e-08	1.0444592e-06	1.3716888e-06	8.91538e-08	3.584354e-08	0.24750383	3.8176404e-07	0.27598834	1.839795e-06	3.6331036e-07
priorregion5_spot_58	0.03561706	2.452358e-08	1.300008e-07	2.1337839e-07	1.8800908e-07	1.8726041e-07	1.8811187e-07	1.14835714e-07	1.4485724e-07	3.0876583e-06	1.3752184e-07	1.1416316e-06	3.2967588e-08	0.6698432	6.9361556e-07	0.2945299	2.8373083e-08	3.5770638e-06
priorregion5_spot_59	0.14227346	2.9933016e-08	0.0040692273	1.5821188e-07	1.631596e-07	2.8969708e-07	1.2302318e-07	1.627931e-07	8.5544706e-08	8.474999e-06	2.3920382e-08	1.4969912e-07	1.6016035e-08	0.485905	1.676729e-07	0.367742	6.83362e-08	3.610689e-07
priorregion5_spot_60	0.21946289	6.3723355e-08	1.3847996e-06	1.7751864e-06	0.02216286	5.8511733e-07	1.1292889e-06	1.0054509e-06	4.055712e-07	1.4192511e-06	0.0016289407	9.0592766e-07	0.00011420964	0.30303556	4.1164705e-07	0.45358464	1.5265878e-06	2.5066657e-07
priorregion5_spot_61	5.1898393e-08	2.7500267e-08	2.815599e-07	2.4673244e-07	1.1513326e-07	2.0742497e-07	0.018695567	2.2109818e-07	8.3431985e-08	0.0063408804	1.1862024e-08	9.185446e-08	8.355614e-09	0.46437836	1.2834849e-07	0.48094603	0.0007691063	0.028868536
priorregion5_spot_62	0.41352835	6.158209e-08	2.0658985e-07	2.227981e-07	1.4526145e-07	4.8482366e-07	2.943963e-07	1.161115e-07	1.3361833e-07	0.0045705717	8.8552206e-08	1.0902248e-06	0.0003604112	0.20922817	3.8618697e-07	0.3723038	1.6304028e-06	3.7524098e-06
priorregion5_spot_63	0.32895684	4.121515e-08	0.00842405	4.2126615e-07	3.7775862e-07	3.288559e-07	3.0620754e-07	5.9588336e-07	2.1509577e-07	5.1333757e-07	3.0306968e-08	1.3853207e-06	2.0366102e-08	0.31511936	1.882324e-07	0.34749362	2.2073202e-07	1.4686643e-06
priorregion5_spot_64	1.1850909e-08	1.2548068e-08	0.0150992535	1.7624385e-06	3.5085887e-07	0.009807049	7.794577e-08	1.5934707e-07	4.204078e-08	4.5065946e-07	0.0013850181	1.4354275e-07	4.0124775e-09	0.53781104	0.007456023	0.42843848	5.5101625e-09	9.874077e-08
priorregion5_spot_65	1.9898759e-07	2.4133712e-08	3.4384684e-06	8.2373407e-07	5.8538484e-07	0.00088257995	8.7434364e-07	1.8711238e-06	5.775919e-07	1.9804413e-05	3.0995604e-08	2.4715343e-06	1.7465796e-08	0.33296672	3.220401e-06	0.6317933	1.0238649e-08	0.034323435
priorregion5_spot_66	1.078243e-08	1.2017008e-08	1.2396865e-07	1.172059e-07	1.3855663e-07	3.2155918e-07	2.0414956e-07	1.3220115e-07	6.716712e-08	6.5696213e-07	8.607176e-09	0.027165337	9.27529e-09	0.30011642	1.0176615e-07	0.6727139	6.1622294e-09	2.5247602e-06
priorregion5_spot_67	0.20807803	3.02116e-08	1.2627626e-07	2.3353667e-07	7.1071395e-07	2.0458067e-07	1.2951968e-07	1.3229266e-07	1.1068436e-07	4.2122164e-07	2.665682e-08	1.3426633e-06	1.5549663e-08	2.9031968e-05	3.0032777e-07	0.7918889	7.337233e-08	1.233416e-07
priorregion5_spot_68	3.046212e-08	0.00012013344	1.7611137e-07	2.5436557e-07	2.9669625e-06	1.620231e-07	8.648478e-07	0.02519919	1.0159833e-07	1.0195887e-06	7.025358e-08	4.4231732e-07	1.010684e-08	0.26082137	1.0309232e-07	0.7134852	0.00036778505	8.395935e-08
priorregion5_spot_69	0.23319268	1.2848585e-06	0.0027065119	3.2006774e-05	1.496254e-07	1.5090018e-07	1.6625063e-07	3.081988e-07	0.0022231548	0.006831685	1.9064732e-08	1.9342058e-07	3.1270567e-08	0.49630338	1.1279294e-06	0.25870213	1.4837468e-07	4.831651e-06
priorregion5_spot_70	0.34202605	2.1567427e-08	1.555139e-07	0.0027483844	9.7043255e-08	1.1337586e-07	7.0005896e-08	1.6238816e-07	9.115252e-08	9.0269786e-08	4.724288e-08	2.6141635e-07	3.095816e-08	0.20447287	6.036087e-08	0.45074898	3.0023176e-07	2.121857e-06
priorregion5_spot_71	0.3169149	3.921015e-08	2.843481e-07	0.011478197	1.2489205e-07	1.129311e-07	4.770346e-08	1.06964706e-07	6.585996e-08	1.7914964e-07	0.00052483525	1.4194836e-07	1.423863e-08	0.16603875	8.483215e-08	0.50504184	1.3094301e-07	1.4977506e-07
priorregion5_spot_72	0.47592714	8.4570445e-08	6.9279075e-08	7.1794105e-08	7.1251165e-08	1.3354837e-07	8.034847e-08	6.665657e-08	6.3469706e-08	3.5385754e-06	0.0027636525	1.3512117e-07	3.5711498e-08	0.37139273	1.4796977e-07	0.149911	9.1317844e-07	1.5073483e-07
priorregion5_spot_73	0.24959008	3.2417905e-08	7.379731e-08	4.025351e-08	4.556419e-08	5.7518655e-08	4.281238e-08	6.6935954e-08	2.9689057e-08	1.3938002e-07	2.985624e-08	3.57622e-08	2.0921233e-08	0.750385	6.023197e-08	2.4029638e-05	1.1043078e-07	8.0546585e-08
priorregion5_spot_74	0.09834481	7.445385e-08	2.484122e-07	2.5601796e-07	2.6307399e-07	4.938638e-07	1.6758871e-07	1.3189546e-07	0.002384065	0.0060368683	2.134971e-08	6.47914e-07	1.902842e-08	0.46090874	2.5727155e-07	0.43033674	1.0168469e-07	0.0019861588
priorregion5_spot_75	0.25469252	2.1096609e-08	0.02830083	2.577694e-07	1.5203759e-07	1.9594484e-07	5.5535654e-08	1.2541625e-07	5.3761756e-08	0.04365968	2.1604375e-08	4.0386982e-07	1.7744206e-08	0.17757322	3.853551e-07	0.49577186	1.7178158e-07	9.467992e-08
priorregion5_spot_76	1.0511445e-08	9.026639e-09	4.0490787e-07	4.383217e-07	3.570075e-07	3.2338996e-06	0.0043060672	2.0897677e-07	5.819096e-07	3.367357e-05	9.105031e-09	3.557283e-06	6.7062786e-09	0.53720874	2.6380619e-07	0.45844194	4.4124495e-09	5.674022e-07
priorregion5_spot_77	0.083992176	1.6719216e-08	7.252441e-08	6.801043e-08	5.5227368e-08	1.280748e-07	7.179154e-08	6.302776e-08	6.447856e-08	1.6679384e-06	1.1673167e-08	1.8966155e-07	2.5939453e-08	0.76212984	1.5824646e-07	0.15387501	2.9958997e-08	3.3041346e-07
priorregion5_spot_78	0.027673218	2.8059558e-08	5.86678e-07	5.8200453e-07	3.2221692e-07	1.2348613e-06	1.0090002e-06	5.0722457e-07	2.7374557e-07	0.0001749512	1.8820998e-07	0.0029693085	3.157095e-08	0.5281055	4.73737e-06	0.4218827	4.4161443e-08	0.019184796
priorregion5_spot_79	0.09204999	1.7224425e-08	1.905941e-07	0.0064558135	0.0074091353	1.0149124e-07	7.274889e-07	1.7361091e-07	1.03117785e-07	1.3243871e-06	1.1087702e-08	8.251912e-07	6.56203e-09	0.3552611	1.5616932e-06	0.53881663	4.2651674e-08	2.1784292e-06
priorregion5_spot_80	0.37720558	4.3584038e-08	5.7982835e-08	2.2331865e-06	6.368906e-08	6.7120354e-08	6.591926e-08	4.7725603e-08	3.866334e-08	3.4440868e-06	4.7104674e-08	2.9808513e-07	0.00040051347	4.6065354e-05	2.0028381e-07	0.6223391	5.8625017e-07	1.5877378e-06
priorregion5_spot_81	0.13011934	2.8429968e-08	1.0898216e-07	1.4612633e-07	1.4657057e-07	2.0783445e-07	1.366194e-07	6.518034e-08	1.2266473e-07	1.1374768e-06	1.2066828e-07	2.2735871e-07	1.6832653e-08	0.31901285	1.4627553e-07	0.5454697	5.956121e-08	0.005395314
priorregion5_spot_82	0.053469077	2.7010845e-08	9.5419644e-08	1.4147913e-07	1.3125701e-07	1.24354e-07	7.254197e-08	8.402617e-08	8.736545e-08	3.1058842e-06	1.225592e-08	2.085335e-07	2.3075378e-08	0.39022812	2.7323844e-07	0.55629796	2.1979995e-08	4.078102e-07
priorregion5_spot_83	0.08176341	4.296907e-08	1.0322971e-06	0.008404006	2.3779778e-07	5.3829183e-07	1.8187568e-07	1.1018948e-06	4.3526344e-07	0.022652319	0.0005787486	2.724359e-07	4.2570452e-08	0.38513383	4.537067e-07	0.4098966	5.242596e-08	0.09156665
priorregion5_spot_84	0.17207596	2.0074921e-08	1.4590447e-07	9.072909e-08	1.3273156e-07	2.649601e-07	2.2646242e-07	1.4601054e-07	7.8225376e-08	1.4853732e-07	3.804417e-07	1.7920084e-07	1.6470263e-08	0.45117524	1.2980259e-07	0.3767462	7.7550624e-08	5.371137e-07
priorregion5_spot_85	0.20181699	3.3722454e-08	8.813568e-08	8.452674e-08	7.281753e-08	2.0632646e-07	5.864587e-08	7.850233e-08	6.235743e-08	3.4658794e-06	1.0244456e-07	8.412312e-08	2.4139993e-08	0.6183237	3.397965e-07	0.17985272	9.398224e-08	1.8017545e-06
priorregion5_spot_86	0.21856403	2.297184e-08	4.243696e-07	3.4687164e-07	4.3825105e-07	1.12143105e-07	0.015981343	0.0012476076	1.0989964e-07	3.1152302e-07	2.4549918e-08	8.3026855e-08	1.7752573e-08	0.30115727	0.0059716622	0.4570757	4.1881347e-07	1.4635562e-07
priorregion5_spot_87	0.2896439	3.345679e-08	1.1630416e-06	7.2835076e-07	6.9174466e-06	4.4905318e-07	3.7951125e-07	9.67176e-07	2.2005885e-07	0.003868523	4.897647e-08	0.0058984985	0.0006484109	0.018705169	2.045983e-05	0.65043575	3.149231e-07	0.030768005
priorregion5_spot_88	0.40772972	0.00010229132	0.008192352	9.264576e-08	1.4670216e-07	0.02069317	7.0001086e-08	2.077579e-07	6.483573e-08	4.029398e-07	2.3460307e-06	6.4911103e-07	2.4021055e-08	0.13091694	0.012300732	0.42005494	4.8153e-07	5.255308e-06
priorregion5_spot_89	0.00050869706	1.8880836e-08	2.1032132e-07	2.5646605e-07	1.873934e-07	6.1190184e-07	1.3374449e-07	1.4806064e-07	1.0371959e-07	2.005899e-05	3.2392148e-08	1.8888813e-06	1.4013697e-08	0.47527066	3.6727448e-07	0.5241898	6.0200925e-08	6.7691576e-06
priorregion5_spot_90	0.11314835	1.7111079e-08	2.3666291e-07	7.538263e-07	2.474453e-07	2.8284342e-07	1.736798e-07	1.952397e-07	1.5581666e-07	4.6001642e-07	1.8956026e-08	1.3330376e-07	1.6934274e-08	0.58505577	2.7805035e-07	0.30179155	3.7084675e-08	1.3788872e-06
priorregion5_spot_91	0.3914807	0.0005962003	1.8429002e-07	0.028553627	1.4922044e-07	5.8274335e-08	7.276795e-08	2.5066788e-07	3.504072e-08	6.2440563e-06	3.660089e-08	6.642774e-08	2.5475197e-08	0.41878474	0.012645067	0.14793067	1.69472e-06	1.4229359e-07
priorregion5_spot_92	0.46720642	7.125228e-08	0.0027139424	0.00087235484	0.01304777	8.376986e-08	0.0036844576	1.2236441e-06	5.9300824e-08	8.1660104e-08	4.067931e-08	3.4298583e-07	2.9635908e-08	0.51247275	9.0037744e-08	9.8376596e-08	1.4588821e-07	8.7506265e-08
priorregion5_spot_93	0.04445749	7.8049895e-09	5.5498862e-08	1.2630532e-07	8.143785e-08	1.5716881e-07	4.826786e-08	5.0709286e-08	6.460549e-08	2.4179866e-07	1.4651862e-08	6.1973275e-08	6.894662e-09	0.42201674	7.170144e-08	0.5335247	1.26959945e-08	1.1267678e-07
priorregion5_spot_94	0.1017275	4.8931664e-08	0.002717064	0.009530671	4.6570557e-07	2.2582718e-07	5.420317e-07	3.2144789e-07	1.3325696e-07	5.386211e-07	1.9211848e-07	4.768323e-07	1.7272601e-08	0.2529752	1.2122716e-07	0.63304627	6.680208e-08	1.4764132e-07
priorregion5_spot_95	0.3562787	5.1673016e-08	1.4068071e-07	1.05768414e-07	2.1161202e-07	0.03169439	1.1381148e-07	1.1003561e-07	1.5263004e-07	0.011026127	5.4180422e-08	0.006342551	5.2936347e-08	0.17089872	4.5425125e-07	0.42375687	4.5441845e-07	8.5606314e-07
priorregion5_spot_96	0.5520008	0.0017600411	4.202372e-07	2.0303577e-07	1.5927661e-07	4.576333e-07	1.3348948e-07	2.044103e-07	1.1079471e-07	9.854223e-07	3.1628588e-08	0.0030462807	4.728823e-08	0.31317618	0.02199863	0.108008586	1.0946364e-06	5.520079e-06
priorregion5_spot_97	0.1919665	2.2726049e-08	4.2939433e-08	6.975125e-08	5.347931e-08	5.9271297e-08	4.5659068e-08	3.447192e-08	4.3219632e-08	1.1290778e-06	1.7141515e-08	1.2577455e-07	1.3909283e-08	0.7141183	5.579715e-08	0.09391327	5.788029e-08	1.469965e-07
priorregion5_spot_98	7.041389e-09	7.7612505e-08	1.12078375e-07	5.9857284e-06	2.0653444e-07	1.15513856e-07	9.739927e-08	9.7164545e-08	4.6613142e-08	3.0400481e-06	6.191306e-09	0.013939009	7.723598e-09	0.0010700154	0.040939126	0.93788046	3.6541923e-09	0.0061615855
priorregion5_spot_99	0.18610178	0.00028493445	5.5159305e-08	7.312232e-08	5.9187094e-08	8.8179945e-08	4.884387e-08	4.8456272e-08	5.260318e-08	2.2477236e-06	2.048543e-08	8.6242814e-08	1.8070251e-08	0.7078752	1.1803946e-07	0.105734706	6.71716e-08	3.7246772e-07
priorregion5_spot_100	0.17498629	1.9266947e-08	9.3095814e-08	1.3838464e-07	1.629055e-07	1.4443536e-06	1.01839575e-07	8.57695e-08	5.324138e-08	0.0029243715	2.1515259e-08	2.509156e-07	1.872949e-08	0.30801725	8.781233e-08	0.51406896	5.619335e-08	6.254114e-07
priorregion5_spot_101	0.2614291	5.049592e-08	1.2318573e-07	1.12650305e-07	9.8011604e-08	1.0027578e-07	7.719759e-08	9.8606954e-08	6.084305e-08	5.664726e-07	5.2646232e-08	1.7111482e-07	2.9751746e-08	0.32882217	5.9833224e-07	0.40974215	2.1496122e-07	4.2412726e-06
priorregion5_spot_102	0.41980216	1.46467665e-08	3.154892e-08	3.2911068e-08	3.3914343e-08	2.86719e-08	2.6089618e-08	2.9970874e-08	1.4628243e-08	1.9145911e-07	4.1588486e-08	5.273953e-07	2.7811607e-08	5.3570013e-05	5.322647e-08	0.5801424	6.9775274e-07	1.2265457e-07
priorregion5_spot_103	0.33877987	5.5296606e-08	3.2879905e-07	3.2933033e-07	1.683151e-07	3.0184478e-07	1.0451127e-07	2.0565317e-07	1.3142107e-07	4.1031835e-06	1.0432219e-07	7.10211e-07	5.0593833e-08	0.26853442	2.114122e-07	0.3926777	4.3690142e-07	7.125622e-07
priorregion5_spot_104	0.43554804	1.1306916e-07	5.9154427e-08	5.2673e-08	4.8975295e-08	5.4300514e-08	3.2767883e-08	7.278231e-08	3.2126284e-08	1.5423093e-07	4.7954657e-08	9.0950046e-08	3.0281452e-08	0.31196114	9.4423555e-08	0.2524897	2.7826377e-07	7.248113e-08
priorregion5_spot_105	7.024887e-05	8.428498e-09	6.305815e-08	6.651259e-08	7.8389824e-08	2.0177269e-07	3.0627984e-07	1.4226711e-07	0.0047619045	0.0039542466	2.1972683e-08	1.8418791e-07	7.1048967e-09	0.42703173	1.06426384e-07	0.56418055	2.5937843e-09	9.191535e-08
priorregion5_spot_106	0.69277483	2.4653482e-07	1.6758574e-06	3.1414547e-07	2.1585944e-05	6.2611275e-07	3.357119e-07	4.2977416e-07	1.0195764e-07	3.5792113e-05	8.0905096e-08	3.0273472e-06	1.1796068e-07	1.875891e-05	2.19975e-06	0.30712846	7.0248047e-06	4.3310415e-06
priorregion5_spot_107	0.47882834	3.142035e-08	3.3936892e-08	3.520438e-08	3.8437737e-08	4.4895277e-08	3.406228e-08	3.4388677e-08	2.0633872e-08	7.703079e-07	2.8437409e-08	1.7012708e-07	4.616173e-08	0.4072408	5.2741242e-08	0.11392867	6.276491e-07	1.17290455e-07
priorregion5_spot_108	0.35773936	0.0028917976	2.8572215e-08	5.0119983e-08	1.0289545e-07	1.0720421e-07	4.0553108e-08	5.3042804e-08	7.4147785e-08	9.236731e-07	5.9051448e-08	9.800461e-08	2.2052289e-08	0.27736232	1.1354946e-07	0.36200443	3.8794727e-07	1.257872e-07
priorregion5_spot_109	0.034664102	2.3277087e-08	7.0276414e-08	9.262642e-08	7.373104e-08	9.182089e-08	8.309695e-08	7.414607e-08	6.577866e-08	1.42921e-06	1.7292827e-08	3.5061842e-07	9.208346e-09	0.33409256	1.7184617e-07	0.63124067	1.1351133e-08	1.730472e-07
priorregion5_spot_110	1.887755e-08	2.1622869e-08	1.5996835e-06	0.015340101	5.6955975e-07	2.5177542e-07	3.820502e-07	0.00068934937	2.563404e-07	6.307247e-06	3.5458196e-08	3.3724032e-06	1.7207824e-08	0.23457381	7.275557e-07	0.7388946	1.5196548e-08	0.010488614
priorregion5_spot_111	3.8635005e-07	3.354998e-08	5.8179455e-07	5.1910143e-07	3.9404836e-07	6.0854313e-07	1.4419127e-06	6.1879683e-07	0.016846072	6.419774e-05	3.148077e-08	4.6671797e-05	3.1504857e-08	0.23743382	2.7029816e-06	0.74559975	1.7141797e-08	2.1362607e-06
priorregion5_spot_112	0.10457111	1.796144e-08	6.6281984e-08	5.8655726e-08	4.5829402e-08	9.756482e-08	4.7869293e-08	4.4690818e-08	2.9318267e-08	7.381753e-07	1.4212318e-08	8.3077225e-08	7.783391e-09	0.6352735	1.0849892e-07	0.26015383	4.7506877e-08	2.2163304e-07
priorregion5_spot_113	0.15207773	4.219002e-08	3.0643264e-07	0.0067245336	1.7182849e-07	2.2399024e-07	1.814488e-07	2.6155436e-07	1.354114e-07	8.060189e-05	0.00067372865	0.0005045896	2.2310894e-08	0.08401282	2.9785934e-07	0.7559231	6.6408624e-08	1.2046393e-06
priorregion5_spot_114	0.38852587	4.1135753e-08	5.3779882e-08	6.1891996e-08	6.681823e-08	2.0170907e-07	5.6251647e-08	4.1608264e-08	3.9498353e-08	6.294327e-07	4.4056133e-08	3.386669e-07	2.992977e-08	0.5870031	1.2816311e-07	0.024467116	6.2992206e-07	1.6509582e-06
priorregion5_spot_115	0.4565766	4.3769397e-08	3.5928256e-08	4.3120334e-08	5.3762843e-08	6.94074e-08	3.7222623e-08	4.3366704e-08	3.0908573e-08	8.0620794e-08	2.9450723e-07	7.452988e-08	2.7779297e-08	0.54339707	8.8114454e-08	2.4888303e-05	4.2475634e-07	1.2457252e-07
priorregion5_spot_116	0.1972244	2.7649635e-08	1.5121681e-07	1.0160482e-07	9.3445664e-08	1.0925565e-07	2.2212329e-07	1.2675498e-07	8.6955914e-08	2.947575e-06	2.376365e-08	9.1444167e-07	1.42264e-08	0.00011910418	8.674513e-07	0.7982894	4.1927038e-08	0.004361341
priorregion5_spot_117	0.35917816	5.1032245e-08	1.0829806e-06	1.5773797e-07	1.1307965e-07	5.57804e-07	2.0774443e-07	1.7428648e-07	8.213567e-08	1.6224347e-07	6.703721e-08	2.7121e-07	2.8883276e-08	0.10517211	1.2182976e-07	0.5356464	1.2351258e-07	1.5742779e-07
priorregion5_spot_118	6.716656e-09	1.7422542e-08	2.1792037e-07	2.7044719e-06	3.1807227e-07	9.362965e-08	9.472166e-08	2.0595573e-07	0.0008535227	0.008881883	1.0805711e-08	0.0053304606	1.0469082e-08	0.6691903	6.875203e-08	0.31573942	7.454298e-09	7.1399984e-07
priorregion5_spot_119	1.2742623e-08	6.48065e-09	3.837269e-08	4.569963e-08	4.5487784e-08	7.000215e-08	3.6001467e-08	4.4861387e-08	3.0692313e-08	1.265842e-07	1.3505244e-08	4.1926423e-08	7.991002e-09	0.9999921	5.9163856e-08	7.2856196e-06	4.67234e-09	8.898767e-08
priorregion5_spot_120	0.40935472	3.9672823e-08	1.2920145e-07	3.015606e-08	3.419439e-08	5.3468135e-08	2.6428312e-08	5.2550104e-07	2.3226532e-08	2.2919153e-07	1.8575122e-08	3.5527588e-08	1.7173269e-08	0.00023307052	3.7951615e-08	0.59041077	1.9113818e-07	6.8212834e-08
priorregion5_spot_121	0.36493298	1.0432568e-07	7.021137e-08	8.387176e-08	9.587883e-08	2.7668403e-07	8.610943e-08	5.6823364e-08	9.095703e-08	7.670692e-08	9.4087966e-08	2.7972982e-07	1.6326647e-08	0.37308455	6.979425e-08	0.25764063	0.0019700895	0.0023703838
priorregion5_spot_122	8.013166e-09	1.1529857e-08	3.2050636e-07	5.596979e-07	1.808238e-07	4.5982367e-07	9.947604e-08	1.4897265e-07	7.2027895e-08	2.2376351e-07	3.184608e-08	9.772884e-08	7.653116e-09	0.27836975	9.117183e-08	0.7216273	6.875012e-09	6.198934e-07
priorregion5_spot_123	0.28150243	4.73613e-08	1.6244339e-06	1.8315275e-07	1.42982e-07	1.2879017e-06	1.9385078e-07	4.2073864e-07	1.1113721e-07	0.0037938682	4.4993076e-08	1.4597398e-07	1.876487e-08	0.19578774	0.02044719	0.49842656	2.145924e-07	3.7838832e-05
priorregion5_spot_124	1.21435235e-08	1.3626674e-08	2.5180952e-07	0.04941293	2.5371426e-07	3.1946212e-07	2.2161628e-07	1.9896667e-07	1.4130914e-07	1.551537e-05	6.7556805e-08	0.06403532	1.24380675e-08	0.08624109	2.065679e-05	0.72209555	8.486431e-09	0.07817746
priorregion5_spot_125	0.60395193	1.1400562e-07	6.920995e-08	8.163372e-08	5.2655228e-08	9.285956e-08	6.929139e-08	4.8926008e-08	5.375098e-08	1.8609195e-06	1.5063594e-07	1.458216e-06	3.8276195e-08	0.026240928	2.2272721e-07	0.36979958	3.0994074e-06	1.835381e-07
priorregion5_spot_126	0.3070225	4.422019e-08	9.0520786e-07	5.5139284e-05	5.861252e-06	1.0675172e-06	3.2560027e-07	0.0035092991	1.0767848e-07	2.2386745e-05	4.8724637e-08	1.8542775e-07	4.3908553e-08	0.49901095	0.004089378	0.18420269	4.102772e-07	0.0020786047
priorregion5_spot_127	0.35037333	3.310451e-08	3.4432975e-07	1.1953105e-07	9.6306195e-08	7.483035e-08	9.860089e-07	0.01162655	4.2980295e-07	0.003246869	2.2358526e-08	1.8639209e-07	1.5926881e-08	0.100190945	8.03415e-08	0.5345596	1.5268544e-07	1.17307934e-07
priorregion5_spot_128	0.16848934	4.0316124e-08	3.345459e-07	1.1037935e-07	6.770293e-08	8.3427494e-08	4.4922242e-08	6.994115e-08	3.0044834e-08	3.5125353e-07	3.7792354e-08	1.08448916e-07	9.634366e-09	0.5139455	5.981088e-08	0.31756356	5.82599e-08	2.184956e-07
priorregion5_spot_129	0.119257085	6.7958325e-08	5.767818e-07	0.00018943398	2.1756666e-06	1.2358671e-06	4.5030347e-07	7.1366094e-07	4.3653668e-07	0.0150623415	7.519915e-08	0.0072632926	3.723973e-08	8.584937e-05	4.8803963e-07	0.8463636	9.254595e-08	0.011772049
priorregion5_spot_130	0.39723477	5.300779e-08	6.646995e-08	6.0286844e-08	7.831399e-08	9.645555e-08	1.1321994e-07	6.0151145e-08	1.5143674e-07	0.023983555	1.1038625e-07	2.2411781e-07	2.506317e-08	1.2324033e-07	5.018055e-07	0.57877976	1.6221765e-07	1.272794e-07
priorregion5_spot_131	0.06365321	6.205036e-08	1.6865724e-07	7.504324e-07	2.155043e-07	2.9895716e-07	1.6493965e-07	1.9273388e-07	1.6058095e-07	5.1306642e-06	3.0463484e-06	7.411255e-07	1.2036119e-08	0.36691457	2.5078887e-06	0.5694165	3.323052e-08	2.2162992e-06
priorregion5_spot_132	0.48139262	6.2034246e-08	8.416779e-07	1.6980647e-07	2.497679e-07	4.1742302e-07	4.7568233e-06	1.6178017e-05	3.481971e-07	3.3470278e-07	1.2569998e-07	7.4743843e-07	4.9442644e-08	0.23298758	1.1983774e-07	0.28559473	4.4440833e-07	1.3636046e-07
priorregion5_spot_133	0.27842554	3.3465263e-08	5.6963934e-08	5.0107076e-08	6.8866356e-08	1.2791736e-07	5.4492144e-08	4.498928e-08	4.594869e-08	2.820794e-07	2.8498556e-08	1.9401506e-07	2.1255579e-08	0.6224708	1.225749e-07	0.09910122	2.2684897e-07	1.0502732e-06
priorregion5_spot_134	0.2552065	4.7848786e-08	2.0595422e-07	1.4527778e-07	1.01675006e-07	1.4640239e-07	1.05946995e-07	1.4720248e-07	1.0062003e-07	3.6465317e-06	2.5882265e-08	1.6953813e-07	5.778479e-08	0.3373087	1.7489424e-07	0.40747893	8.1275395e-08	8.3344855e-07
priorregion5_spot_135	0.16086493	2.4560348e-08	6.8648e-08	6.75124e-08	9.89634e-08	1.3795568e-07	7.150054e-08	6.942077e-08	5.5314473e-08	1.3029672e-06	3.6951004e-08	1.00625414e-07	2.707503e-08	0.65208405	1.216861e-07	0.18704866	6.854967e-08	1.4657142e-07
priorregion5_spot_136	0.11721986	3.151986e-08	8.1516156e-08	9.4024074e-08	1.15201594e-07	1.4289682e-07	1.6300139e-07	7.8766014e-08	1.9353683e-07	4.715149e-07	4.87804e-08	1.316101e-07	2.1378392e-08	0.5217887	1.7474858e-07	0.36098853	2.9395792e-07	8.778986e-07
priorregion5_spot_137	0.024227995	6.402331e-09	4.9179768e-08	4.6777718e-08	4.904197e-08	8.249399e-08	3.401838e-08	4.25459e-08	3.2963445e-08	2.5559848e-06	9.058789e-09	1.1949959e-07	5.5745715e-09	0.6462304	6.802346e-08	0.32953817	8.12433e-09	3.465882e-07
priorregion5_spot_138	0.21378823	5.894927e-08	1.8864584e-07	1.8107853e-07	1.9668597e-07	1.9459021e-07	1.5058747e-07	1.5407751e-07	1.5816934e-07	6.653669e-07	4.7963677e-08	1.4990799e-07	3.6986375e-08	0.59845585	2.063978e-07	0.18775146	1.14185234e-07	1.9405386e-06
