	Astrocyte0	Ependymal10	Immune1	Immune8	Neurons4	Neurons5	Neurons7	Oligos3	Oligos6	Vascular11	Vascular2	Vascular9
priorregion1_spot_1	5.013556e-08	2.7263732e-07	0.37118518	0.0013024122	0.16232097	0.0018508841	0.021125102	2.4370356e-08	4.6458032e-07	0.36833873	0.07382697	4.8862832e-05
priorregion1_spot_2	3.7887133e-08	1.1331943e-07	0.41191837	3.5748053e-07	0.08815048	0.04222302	0.007197139	1.2519035e-07	0.012427349	0.39017546	0.04790659	9.3211173e-07
priorregion1_spot_3	2.4148077e-08	9.157767e-08	0.5940768	1.5125294e-06	0.078059964	3.275439e-07	8.795206e-07	1.7003368e-08	5.7993773e-08	0.29613858	0.031721205	6.111764e-07
priorregion1_spot_4	3.2554247e-08	8.990995e-08	0.51383615	3.45321e-06	0.038352128	0.014580726	0.09625369	3.655462e-08	0.0047517316	0.31347486	0.018745907	1.2755012e-06
priorregion1_spot_5	2.9459915e-07	1.2069577e-07	0.47491294	8.4203026e-07	0.121645994	0.0007656298	0.020499654	2.979842e-07	0.012341747	0.31837103	0.04643617	0.0050252997
priorregion1_spot_6	3.0388435e-08	6.166929e-08	0.48660892	0.007169882	0.115844704	1.1728839e-07	0.02780095	2.988323e-07	2.419112e-06	0.30198282	0.041831955	0.018757852
priorregion1_spot_7	3.5206926e-07	0.016512215	0.0029340591	7.969271e-08	0.21623068	0.017976722	1.8364423e-07	1.3712412e-07	0.024678832	0.64049476	0.08117075	1.3486408e-06
priorregion1_spot_8	4.8958057e-08	1.2644051e-07	0.4126881	5.7259405e-07	0.12424806	0.02872434	0.004431376	5.683745e-08	1.8378252e-07	0.343884	0.08602274	5.2795457e-07
priorregion1_spot_9	3.691057e-08	1.04654745e-07	0.30934316	4.870926e-07	0.08858054	0.15321365	0.04234881	5.3031226e-08	8.6432564e-08	0.28257042	0.123925716	1.6937971e-05
priorregion1_spot_10	6.39755e-08	2.7104215e-07	0.44325107	4.7632935e-07	0.06463462	0.16523708	1.2608673e-06	3.2889293e-08	6.2498344e-08	0.29027632	0.03659822	5.49009e-07
priorregion1_spot_11	1.5526854e-07	4.7652912e-07	0.23840556	1.3466979e-07	0.11693471	0.08464372	0.04795388	0.0025360482	1.9414107e-07	0.42569172	0.078904666	0.0049287896
priorregion1_spot_12	2.1293937e-08	6.912376e-08	0.505792	2.84374e-07	0.08240527	2.2485843e-07	0.048901327	4.0936595e-08	5.7193162e-08	0.2661163	0.09678407	1.7086745e-07
priorregion1_spot_13	3.500023e-08	1.0395377e-07	0.97524685	8.531529e-07	1.2692306e-06	1.3569405e-06	0.021001888	8.431831e-08	1.9340541e-07	0.00027313706	0.0034741978	1.2786255e-07
priorregion1_spot_14	5.5490606e-08	1.8542036e-07	0.55639523	3.3268288e-06	0.05326466	5.2604017e-05	0.02399163	9.057765e-08	0.018619126	0.291999	0.055673625	4.5463207e-07
priorregion1_spot_15	4.0227814e-08	6.7198954e-08	0.6281792	6.5118193e-06	0.06933366	1.0788785e-06	0.012969132	3.5274926e-08	2.2923957e-07	0.25663862	0.030222125	0.002649426
priorregion1_spot_16	2.3569734e-07	0.0023506174	0.25819057	3.747795e-07	0.19595888	0.0055449056	0.00069285743	2.3415352e-07	0.00301105	0.43787143	0.0963742	4.6246887e-06
priorregion1_spot_17	5.5148657e-08	1.670024e-07	0.5203756	1.5129184e-06	0.07905401	7.240826e-07	0.030148603	0.001880976	0.012470009	0.3081464	0.043946188	0.003975744
priorregion1_spot_18	7.692748e-08	1.9256771e-07	0.2607227	1.9855862e-07	0.15962233	0.02764462	0.03625607	0.0020148212	2.9280164e-07	0.42255768	0.07782989	0.013351189
priorregion1_spot_19	7.418717e-08	1.5455568e-07	0.39220586	0.008919405	1.3060651e-06	0.2927136	0.18004636	4.4056403e-08	1.6721614e-07	0.124101155	8.9817866e-07	0.0020108598
priorregion1_spot_20	4.10705e-08	1.5155075e-07	0.46835685	4.3880635e-07	0.088098966	0.05492133	7.885141e-06	2.0874362e-08	1.1257071e-07	0.3540166	0.03459647	1.1699597e-06
priorregion1_spot_21	2.3285667e-08	1.1148099e-07	0.44164136	3.9774596e-07	0.11389586	0.03981471	0.021164922	5.695795e-08	1.0601451e-07	0.28917122	0.09431088	3.6963758e-07
priorregion1_spot_22	3.3457574e-08	7.787786e-08	0.48214778	2.1445533e-06	0.07469715	0.036304712	0.097929806	2.4693952e-08	1.5790876e-07	0.15196289	0.1568793	7.585239e-05
priorregion1_spot_23	5.4201738e-08	4.2324683e-07	3.3212345e-08	2.2823684e-08	0.18092011	0.13063252	0.1007999	1.03889256e-07	2.0489405e-07	0.42032397	0.16732235	3.4113106e-07
priorregion1_spot_24	1.6225056e-07	0.0023820277	0.2981208	8.9660784e-07	0.15419582	0.023249688	5.3973504e-06	0.0006867562	0.012202805	0.45445296	0.054689832	1.2800434e-05
priorregion1_spot_25	8.966156e-08	0.0009874162	0.091068	7.402757e-08	0.16924126	0.092878535	0.102372885	2.265325e-08	1.6461165e-07	0.3640548	0.16659665	0.012800102
priorregion1_spot_26	0.0031582909	2.7178302e-07	0.43860897	0.0013207152	0.08317797	0.13883755	1.510185e-05	4.2891763e-08	3.2942683e-07	0.30499738	0.029868705	1.4606449e-05
priorregion1_spot_27	7.8143195e-08	9.659693e-08	0.2506885	1.3987038e-07	3.604858e-07	0.35066393	0.018133026	4.761297e-08	0.012199869	0.33258858	0.035725225	1.0589475e-07
priorregion1_spot_28	2.074825e-08	5.921502e-08	0.88642305	2.6320934e-06	1.18607765e-07	7.171892e-08	3.2730412e-07	3.0337755e-08	6.244661e-08	0.11357287	6.104248e-07	9.713264e-08
priorregion1_spot_29	1.4314027e-08	4.8426568e-08	0.993849	0.006035025	2.3086965e-08	3.5800678e-08	5.3996274e-07	0.00011525745	3.4624662e-08	2.536166e-08	6.382662e-08	3.8233537e-08
priorregion1_spot_30	4.2268255e-08	1.2010511e-07	5.549007e-08	1.9568688e-08	0.1307466	0.046940915	0.020128485	4.4179465e-08	6.448959e-08	0.5973249	0.19603164	0.008827025
priorregion1_spot_31	1.5575003e-08	8.140866e-08	0.5536339	7.878779e-07	0.088328786	4.4643957e-07	0.042066693	2.634337e-08	1.6372023e-07	0.2785788	0.028364258	0.009025969
priorregion1_spot_32	5.4078612e-08	1.6894695e-07	0.4663838	2.1113228e-06	0.13591342	2.9490348e-06	0.0008958435	6.0064934e-08	2.6338878e-07	0.33417007	0.05517073	0.007460438
priorregion1_spot_33	4.1696175e-08	3.0676296e-07	0.32152918	2.7452833e-07	0.2228253	0.013593957	0.024422482	5.114062e-08	8.271182e-07	0.3446484	0.072978824	3.4473436e-07
priorregion1_spot_34	7.07511e-07	0.004942938	0.13970558	1.07472985e-07	0.19190292	0.024598131	1.1841354e-06	3.292626e-07	0.0034637088	0.5111997	0.1241832	1.536225e-06
priorregion1_spot_35	7.4125964e-08	0.016954113	0.42107987	2.7463355e-07	0.14776893	3.3831319e-07	1.5238298e-07	1.072453e-07	1.6403179e-07	0.2771298	0.137066	1.9146408e-07
priorregion1_spot_36	2.8555558e-08	9.196367e-08	0.80746824	0.019298047	0.03557621	1.3116963e-07	1.7221475e-06	3.291367e-07	3.1523192e-07	0.13303174	4.406404e-07	0.004622723
priorregion1_spot_37	6.063285e-08	3.416261e-07	0.21013914	1.3670515e-07	0.20071818	0.031978324	0.055550307	0.0023097738	6.064786e-07	0.3740733	0.11964356	0.005586185
priorregion1_spot_38	7.95135e-08	9.315279e-08	0.4647601	3.0570126e-07	0.037390016	5.0395755e-07	0.1307565	0.0009954879	5.126513e-08	0.21117696	0.15491983	1.9531741e-07
priorregion1_spot_39	3.979357e-08	1.3313347e-07	0.45324525	4.3977784e-06	0.13878995	3.687504e-06	0.00975339	3.065678e-08	8.416546e-07	0.3461832	0.051156454	0.0008626078
priorregion1_spot_40	2.4208132e-08	9.233061e-08	0.48899907	1.3324943e-06	0.13365565	9.058657e-07	8.677002e-07	5.3914672e-08	9.282104e-08	0.33139518	0.043236203	0.0027106819
priorregion1_spot_41	3.8865114e-08	4.5909275e-07	0.24742413	1.7541335e-07	0.16735455	2.0708922e-07	0.0748927	1.602747e-07	1.1238048e-07	0.36763436	0.14096731	0.0017257491
priorregion1_spot_42	2.3154026e-08	1.3048968e-07	0.479228	1.1972418e-06	2.604962e-07	0.32564583	0.118937664	1.4156018e-08	4.669794e-08	0.051122606	0.025064075	6.886676e-08
priorregion1_spot_43	2.2683805e-08	1.1137924e-07	0.2876986	3.5108818e-07	0.13469975	0.029961059	0.06383254	5.571537e-08	1.6015524e-07	0.37451354	0.10754958	0.0017441937
priorregion1_spot_44	4.0352013e-08	1.3986235e-07	0.4374089	1.5475908e-06	0.11435958	0.034606397	0.04216778	9.3794284e-08	3.6414974e-07	0.31297928	0.05494099	0.0035348907
priorregion1_spot_45	0.008751682	1.0174975e-06	0.22204094	4.6804436e-07	0.1060272	0.17025922	0.05089459	4.0831548e-08	1.3397494e-07	0.39824596	0.043776628	2.1129943e-06
priorregion1_spot_46	1.0474181e-07	5.370324e-08	0.835419	1.8665234e-05	3.1859537e-07	3.1926816e-06	0.01842222	4.4226454e-08	1.7942047e-07	0.12941805	0.016717305	9.073661e-07
priorregion1_spot_47	5.6160314e-08	2.4056814e-07	0.34367833	1.5774519e-07	0.21058704	0.028907236	0.004636166	0.0021075045	2.5264092e-07	0.31943566	0.0906472	2.1593982e-07
priorregion1_spot_48	6.089992e-08	3.2677795e-07	0.47640994	3.4972862e-07	0.12254342	3.8713023e-07	0.010822376	0.0024101923	0.00992645	0.3511811	0.02670524	2.1013992e-07
priorregion1_spot_49	5.744548e-08	1.8163396e-07	0.362746	1.7491104e-06	0.1284592	0.04737809	2.2296291e-07	6.063841e-08	8.144885e-08	0.38908315	0.07232748	3.7306497e-06
priorregion1_spot_50	1.976732e-08	1.0490754e-07	0.47063977	1.6545872e-07	0.11878179	0.05949339	0.032329824	3.831877e-08	1.4160325e-05	0.27798298	0.040757578	2.004072e-07
priorregion1_spot_51	9.1903225e-08	0.0071713333	4.6956522e-08	2.8291248e-08	0.19540894	0.06617481	1.6869515e-05	2.366656e-08	0.0047153323	0.62250125	0.10257124	0.0014401156
priorregion1_spot_52	0.00015816705	0.0016888896	0.44604978	1.7609162e-06	0.12636222	2.828276e-06	5.442417e-07	8.960225e-08	0.011660595	0.3859456	0.028127268	2.2011102e-06
priorregion1_spot_53	1.8797056e-07	0.0012791983	0.2625532	4.5601774e-07	0.15891322	0.021647166	0.029209686	1.6052566e-07	0.0017792353	0.453537	0.071078	2.5544691e-06
priorregion1_spot_54	5.4746288e-08	2.1161232e-07	0.4189475	1.2104682e-06	0.14185937	0.014835946	0.02402854	2.8258518e-07	0.008423975	0.32796943	0.06393097	2.4816081e-06
priorregion1_spot_55	1.8032384e-08	1.2522447e-07	0.51543	1.2293741e-06	0.14809783	0.011283345	1.6831826e-06	3.5573887e-08	2.1860032e-07	0.27903697	0.046148438	2.4071707e-07
priorregion1_spot_56	7.147279e-08	1.9583761e-07	0.72894424	1.5532298e-06	0.040127486	1.0458251e-06	9.3518304e-07	0.0023381584	1.17709256e-07	0.19024195	0.038343605	5.5810966e-07
priorregion1_spot_57	8.443619e-08	2.601952e-07	0.6070975	5.4405467e-07	0.14261483	1.6684111e-06	4.880588e-07	4.3267942e-08	1.5371927e-07	0.21088448	0.039399747	2.0160402e-07
priorregion1_spot_58	3.5197566e-08	1.0399932e-07	0.58300483	2.2429108e-06	0.06363402	1.8660955e-06	0.059909232	1.7847948e-07	4.043121e-06	0.23039712	0.060481835	0.0025644815
priorregion1_spot_59	1.2769213e-08	2.9700225e-08	0.9994998	5.054458e-06	3.581895e-08	3.096991e-08	1.2973149e-07	4.7869776e-08	4.7793684e-08	3.6308734e-08	0.0004949063	1.2353829e-07
priorregion1_spot_60	8.278321e-08	0.002804822	3.085151e-08	1.4179279e-08	0.19142993	0.042666174	0.08784739	0.0029199047	0.0028852005	0.51437455	0.14741771	0.007654144
priorregion1_spot_61	2.3910891e-08	1.096923e-07	0.49052405	2.9368699e-05	0.11404322	4.4564234e-07	5.4443063e-07	2.9387246e-08	1.8136022e-06	0.3436673	0.05173148	1.5313348e-06
priorregion1_spot_62	8.506101e-08	0.0017556844	0.25117895	1.2071845e-06	0.17342003	0.0070779715	0.0457902	0.00078627135	0.0055436604	0.4060531	0.10518732	0.003205525
priorregion1_spot_63	0.013943309	0.015762217	0.47586757	7.093812e-06	0.16566001	1.1781642e-06	2.4749806e-07	4.4339103e-08	1.9102924e-06	0.26261616	0.066139795	3.910311e-07
priorregion1_spot_64	7.526973e-08	9.147701e-08	0.45542988	9.587925e-07	0.112662144	0.049779028	0.055725947	4.2081084e-08	1.16585426e-07	0.26339453	0.063006796	2.7637657e-07
priorregion1_spot_65	1.9002405e-08	4.094804e-08	0.7137578	9.966486e-07	0.025215622	1.4182523e-07	0.03281014	2.7828127e-08	5.115961e-08	0.15033306	0.07788191	1.411818e-07
priorregion1_spot_66	0.0045132604	1.2185532e-05	0.044469338	2.1106322e-07	0.1880935	0.15078303	0.028081793	4.4284516e-08	1.4829664e-06	0.46763468	0.10967465	0.0067357807
priorregion1_spot_67	6.3585264e-07	0.003929344	3.2707995e-08	2.1583777e-08	0.23488218	0.082049526	0.033947982	1.0902451e-07	2.299053e-07	0.43811536	0.20707422	3.189476e-07
priorregion1_spot_68	1.9293344e-07	0.009484816	0.26174268	3.4477722e-07	0.20463338	2.3797733e-05	3.4625864e-07	5.0959212e-08	2.5874826e-07	0.46598718	0.058126297	6.4682877e-07
priorregion1_spot_69	8.084399e-08	0.005461811	0.07117023	5.754844e-08	0.20798615	0.091752775	0.0025338791	8.706771e-08	0.0119246105	0.5133728	0.0891774	0.0066201645
priorregion1_spot_70	7.195817e-08	0.001104451	3.2554205e-08	2.0244705e-08	0.22526103	0.014522355	0.090090014	4.195008e-08	2.1171526e-07	0.43233472	0.22805402	0.008632929
priorregion1_spot_71	1.5706253e-07	2.2153581e-07	0.11841993	7.185048e-08	0.108858004	0.20672065	0.042963725	1.3395261e-07	2.2324629e-07	0.39694488	0.12609118	7.983079e-07
priorregion1_spot_72	2.8270295e-08	9.727893e-08	0.5217149	4.391368e-07	0.15840587	0.019118533	0.045464166	1.9802668e-07	2.0501729e-07	0.20138977	0.053905774	1.7908965e-07
priorregion1_spot_73	1.5116916e-07	0.002737195	0.1803064	2.0551258e-07	0.19858636	0.02913063	1.4790862e-05	9.4284694e-08	0.011970754	0.47992754	0.095977396	0.0013484914
priorregion1_spot_74	6.735706e-08	1.4561687e-07	0.0083777215	4.7965358e-08	0.20992175	0.056765195	0.06140534	0.0017559484	0.028692784	0.5436911	0.0893894	3.754552e-07
priorregion1_spot_75	1.03105e-07	5.5650685e-07	0.2099618	6.776495e-07	0.16741139	0.018798903	0.033349104	2.1069612e-08	9.6785974e-05	0.45354974	0.11516927	0.001661626
priorregion1_spot_76	2.5621699e-08	1.4720491e-07	0.40690354	9.565019e-07	0.1033067	0.041730218	0.014070701	0.0011860646	6.9625784e-08	0.36108422	0.071716875	4.6507344e-07
priorregion1_spot_77	1.8146649e-08	9.515866e-08	0.47786012	3.0125705e-07	0.10176642	0.0037788544	0.025615739	2.8514735e-08	8.953726e-08	0.33519387	0.055783987	4.871394e-07
priorregion1_spot_78	6.5351344e-07	0.0027879456	0.32919997	3.6028464e-07	0.13100196	0.054627333	0.06549011	0.00070887845	1.8658129e-07	0.30364504	0.11253691	6.1193106e-07
priorregion1_spot_79	7.089584e-08	8.9336345e-07	0.21823847	3.8807855e-07	0.16437843	0.010462274	0.055713393	1.8936918e-08	0.00064895576	0.4342606	0.10844629	0.007850157
priorregion1_spot_80	3.595225e-08	8.358953e-08	0.6207813	1.0990241e-06	0.0164953	0.023216046	0.0056394557	2.0305638e-08	1.1858407e-07	0.3246046	0.009260844	1.0919276e-06
priorregion1_spot_81	2.3839918e-08	7.465881e-08	0.36944675	4.3151132e-07	0.13643372	5.4375295e-07	0.13441487	4.4963393e-08	1.4034418e-07	0.29821652	0.05481984	0.0066670454
priorregion1_spot_82	3.943733e-08	1.7482154e-07	0.3767684	2.787665e-07	0.14713763	6.2636553e-07	0.081426896	4.837816e-08	1.3757769e-07	0.22918366	0.1654699	1.2261706e-05
priorregion1_spot_83	2.8753663e-08	1.0560807e-07	0.15448067	1.1485755e-07	0.19640413	1.6761937e-06	0.09415366	2.7047088e-08	6.200353e-08	0.34459096	0.21036623	2.296501e-06
priorregion1_spot_84	4.1804736e-08	8.798122e-08	0.6168928	8.209782e-07	0.071432106	0.0044824663	0.00604402	3.6104236e-08	0.0076991026	0.27338734	0.016481621	0.0035794629
priorregion1_spot_85	8.92799e-08	3.424349e-07	0.27722213	3.6538734e-07	0.13668194	0.03812213	0.08260659	6.9748005e-08	2.278996e-07	0.316831	0.14535578	0.0031793246
priorregion1_spot_86	1.9182611e-08	1.2032294e-07	0.19958884	9.3826515e-08	0.18017302	0.028352348	0.025925659	4.316081e-08	8.376268e-08	0.44884512	0.11440157	0.002713024
priorregion1_spot_87	2.8772764e-08	1.1039113e-07	0.5450338	1.8165578e-06	0.14404906	2.2488803e-07	0.0024144321	5.470213e-07	8.3392837e-07	0.2655784	0.036265407	0.0066553494
priorregion1_spot_88	4.4496883e-08	4.4130353e-08	0.43335712	3.2861047e-07	0.057363193	0.087038234	0.0017305717	1.8907178e-08	3.947348e-08	0.41218242	0.00832649	1.3919813e-06
priorregion1_spot_89	2.237475e-08	7.042422e-08	0.4457205	8.592805e-07	0.10839051	0.0022843329	0.044803485	2.6216389e-08	7.293651e-08	0.3279887	0.0708099	1.5051703e-06
priorregion1_spot_90	2.680896e-07	1.1755288e-07	0.36961973	3.438356e-07	0.12786531	0.17578821	3.56435e-07	2.9057364e-07	1.07181364e-07	0.27795812	0.045561317	0.0032058905
priorregion1_spot_91	4.6880977e-08	2.397748e-07	0.35895446	3.119482e-06	0.14013289	0.012166331	0.029539838	2.266314e-08	1.8827808e-07	0.37540293	0.08375976	4.0278057e-05
priorregion1_spot_92	0.020797906	2.2876209e-07	0.44828713	4.2032445e-07	2.9827464e-07	0.03618866	0.044144467	2.78197e-08	0.093896896	0.35357004	0.0010446825	0.002069153
priorregion1_spot_93	6.6878364e-08	0.0019104036	4.2654484e-08	2.4144525e-08	0.25177377	0.0072053922	0.023910891	5.6335974e-08	0.0026394518	0.54791975	0.16445234	0.00018777385
priorregion1_spot_94	4.6514938e-08	2.2505739e-07	0.39666528	4.933781e-07	0.10594365	0.0055723554	0.08423913	2.4447385e-08	6.3261474e-08	0.29662558	0.11088918	6.38326e-05
priorregion1_spot_95	6.746973e-08	0.00052990543	0.5221047	5.956709e-06	0.116957694	8.399246e-05	1.9944546e-06	5.4288464e-08	3.1373384e-07	0.34723824	0.013072917	4.299939e-06
priorregion1_spot_96	5.8098998e-08	1.9409416e-07	0.40927264	1.0285025e-06	0.089764364	0.040107854	0.0095833205	4.936786e-08	1.230835e-07	0.36757258	0.08369732	5.6231625e-07
priorregion1_spot_97	3.4764952e-08	1.0069729e-07	7.113061e-08	2.0166235e-08	0.19970693	0.012865315	0.11640336	4.480438e-08	9.455263e-08	0.44627073	0.22475308	1.926001e-07
priorregion1_spot_98	1.8793288e-07	0.0036542187	0.3011105	1.2707637e-06	0.1525274	0.023161238	1.827002e-06	7.113857e-08	0.001181547	0.46231788	0.056031894	1.1964957e-05
priorregion1_spot_99	8.515936e-08	0.0047576386	4.0806572e-08	3.0998027e-08	0.21115313	0.032801073	0.064501256	3.244153e-08	0.004540291	0.49915376	0.1830742	1.8399023e-05
priorregion1_spot_100	6.9775304e-08	4.6273465e-07	0.2945701	3.5050667e-07	0.1876218	8.969178e-06	0.0026781606	9.332669e-08	0.007978126	0.4057973	0.10134366	9.561882e-07
priorregion1_spot_101	5.9741424e-08	8.948241e-08	0.405861	4.1643375e-07	0.15970592	2.406926e-07	1.458713e-06	0.003327782	2.0167958e-07	0.341065	0.08496465	0.0050731287
priorregion1_spot_102	6.8560105e-08	5.2485884e-08	0.6973363	0.010553173	1.2813239e-06	0.03553266	6.389634e-07	2.359753e-08	6.732482e-08	0.25657442	9.627086e-07	3.9145246e-07
priorregion1_spot_103	3.9083815e-08	6.914717e-08	0.7516114	8.574037e-07	0.025827862	4.7400187e-07	0.0040780366	2.6016261e-08	1.1048164e-07	0.17639183	0.042089082	2.839732e-07
priorregion1_spot_104	2.5646858e-07	7.525839e-07	0.25765058	3.5629034e-07	0.17325132	0.009535957	0.03233001	3.9271967e-08	1.445745e-06	0.40789795	0.11932574	5.546535e-06
priorregion1_spot_105	1.3652487e-06	3.6891473e-07	4.0422442e-08	3.0322937e-08	0.16398288	0.065055765	0.12110127	0.001067239	2.0044685e-07	0.43014076	0.2186491	9.4001615e-07
priorregion1_spot_106	1.02390224e-07	4.4083407e-07	0.2811074	3.3299261e-06	0.18106635	2.5834639e-05	0.056366704	5.5635034e-08	0.0009419102	0.38614267	0.09074617	0.00359901
priorregion1_spot_107	5.990079e-08	1.4766513e-07	0.1495923	2.1707605e-07	0.17000549	2.025557e-06	0.16494045	2.6580214e-08	1.3239995e-07	0.24284908	0.2589879	0.01362214
priorregion2_spot_1	1.4795724e-07	0.005147562	4.880762e-08	4.0680046e-08	0.042625014	0.55528605	0.010361499	0.3865778	3.7148422e-07	6.020122e-08	8.416715e-08	1.2398026e-06
priorregion2_spot_2	0.0011580243	0.00039223963	5.1509698e-08	4.1734474e-08	0.16508289	1.1878826e-06	1.2650062e-06	0.7982319	0.035130344	1.4429575e-07	5.961058e-08	1.7448484e-06
priorregion2_spot_3	6.333978e-08	1.00018646e-07	3.118361e-08	2.1051056e-08	0.29048315	6.624755e-07	0.1226225	0.58689326	1.5710144e-07	2.736859e-08	4.8785935e-08	8.554188e-08
priorregion2_spot_4	8.327235e-08	6.745869e-08	5.6276527e-08	2.2175383e-08	0.18983813	0.00082747394	4.656576e-07	0.80490774	0.0044258377	2.5618856e-08	5.150529e-08	7.481147e-08
priorregion2_spot_5	3.4261497e-08	5.7736948e-08	2.6091328e-08	1.35970994e-08	7.8705774e-08	8.4916756e-08	1.17619514e-07	0.9998613	0.00013814557	1.6559541e-08	3.5350283e-08	5.5250787e-08
priorregion2_spot_6	1.4230088e-07	1.4412413e-07	6.6003764e-08	2.0143995e-08	6.3140556e-07	0.124011	0.00918014	0.8465412	0.020266378	2.4642517e-08	1.0188944e-07	1.9156866e-07
priorregion2_spot_7	9.177101e-08	1.0277319e-07	1.15401235e-07	1.5632518e-08	0.32455006	8.161024e-06	1.594573e-07	0.6754408	4.0000276e-07	2.5618501e-08	4.4229544e-08	7.194564e-08
priorregion2_spot_8	1.2673351e-07	3.0840246e-07	3.3189956e-08	3.9714603e-08	0.42881176	0.063413806	5.579017e-06	0.50776756	3.968709e-07	5.56267e-08	7.7025135e-08	6.4302924e-08
priorregion2_spot_9	9.936849e-08	1.0780223e-07	1.4683e-07	4.8964342e-08	0.4268542	0.187439	0.039914988	0.3457902	5.658592e-07	3.8388183e-08	6.658468e-08	5.5142175e-07
priorregion2_spot_10	5.82287e-08	4.9430394e-08	2.156076e-08	1.8115344e-08	0.14346625	5.0573914e-07	1.9480734e-07	0.8495735	0.0069593424	1.8495234e-08	3.930091e-08	4.4537956e-08
priorregion2_spot_11	1.4711381e-07	1.0305185e-07	4.4427047e-08	3.0631238e-08	0.5911687	2.2196551e-05	6.4123725e-07	0.4088072	5.285434e-07	6.191953e-08	6.938935e-08	6.2178e-08
priorregion2_spot_12	1.0865188e-07	6.3557415e-08	1.1252208e-07	2.676854e-08	0.014386744	6.012039e-07	1.6750627e-07	0.985396	1.8495428e-05	0.00019730978	1.6175123e-07	8.161513e-08
priorregion2_spot_13	4.5401098e-08	1.3174943e-07	8.231001e-08	2.262359e-08	0.27391103	1.1426282e-06	0.034128908	0.69194597	1.236253e-05	1.408657e-07	5.6494436e-08	1.0466431e-07
priorregion2_spot_14	0.00033037114	0.005382151	7.407018e-08	3.4214764e-08	0.466248	0.07794607	7.6980444e-07	0.4500917	6.6240705e-07	3.260878e-08	4.215118e-08	6.5457314e-08
priorregion2_spot_15	8.098642e-08	1.2554422e-07	7.129775e-08	5.352175e-08	0.35837933	0.098714106	2.6068053e-06	0.5428978	5.4861653e-06	4.132167e-08	7.2510566e-08	1.1568687e-07
priorregion2_spot_16	0.012271815	2.688197e-07	4.630225e-08	3.535785e-08	0.183236	0.13418756	1.0472484e-06	0.67028517	1.7835078e-05	7.949109e-08	1.0690137e-07	7.933847e-08
priorregion2_spot_17	2.6560011e-08	3.2670076e-08	1.3320155e-08	9.9162244e-05	6.7401814e-08	5.8205245e-08	5.0457903e-08	0.99187243	0.00802808	1.365468e-08	3.6909203e-08	3.2149806e-08
priorregion2_spot_18	5.615472e-08	7.637907e-08	4.1142822e-08	2.4215e-08	0.7653043	0.11261058	0.00011439404	0.1219698	4.9248746e-07	2.2907487e-08	4.0397985e-08	4.0709125e-08
priorregion2_spot_19	1.3533624e-07	1.0400606e-07	3.8131777e-08	2.5537377e-08	0.001649139	0.5059333	1.3565875e-06	0.49140882	4.3756805e-07	3.7018626e-08	7.7471455e-08	0.0010063881
priorregion2_spot_20	3.0672956e-07	1.1956459e-07	4.2281386e-08	5.5013906e-08	0.59656495	0.21723652	3.1599012e-07	0.18619707	4.0243395e-07	2.9776103e-08	6.96284e-08	8.065608e-08
priorregion2_spot_21	6.580477e-08	6.570012e-08	2.2047862e-08	2.4272776e-08	0.007008039	0.174881	1.640323e-07	0.8180058	0.00010468938	2.2897263e-08	4.501521e-08	5.592475e-08
priorregion2_spot_22	0.0006732068	9.465647e-08	4.7975004e-07	0.0016133214	0.30798227	4.222554e-07	1.6538494e-06	0.6897278	5.789353e-07	2.9648282e-08	7.271943e-08	1.1103007e-07
priorregion2_spot_23	1.2043849e-07	1.6902854e-07	3.396797e-08	1.9999169e-08	0.7472986	0.051759798	3.7018858e-06	0.20093694	3.4356444e-07	6.539479e-08	5.887623e-08	5.840529e-08
priorregion2_spot_24	1.4008552e-07	0.0003234747	2.9245497e-08	3.3012327e-08	0.25606075	9.163479e-07	1.5962522e-07	0.74361366	8.241934e-07	2.5060972e-08	4.226234e-08	4.9275588e-08
priorregion2_spot_25	1.3029224e-07	3.4325993e-07	5.0993812e-08	2.3633824e-08	0.30574712	0.007128141	8.0384825e-06	0.6871134	2.397973e-06	6.428545e-08	8.079186e-08	1.3282322e-07
priorregion2_spot_26	8.23216e-08	7.44125e-08	2.4755424e-08	1.6594267e-08	0.0894649	3.7503315e-07	4.3246945e-07	0.9101144	0.0004195546	3.4366295e-08	5.9574095e-08	7.09227e-08
priorregion2_spot_27	9.767372e-08	9.7771654e-08	4.0494683e-08	2.5944182e-08	0.26127693	5.9295473e-07	2.8012306e-07	0.68819594	0.050525848	3.4311704e-08	6.933187e-08	5.938436e-08
priorregion2_spot_28	1.794418e-07	8.573609e-08	7.196606e-08	3.2428005e-08	0.2366949	0.13384008	5.3390042e-05	0.54067254	0.08873855	2.2278854e-08	1.1385599e-07	3.7044668e-08
priorregion2_spot_29	2.1314123e-07	2.5412106e-07	6.242161e-08	2.84895e-08	0.44461212	0.00018727788	0.0031651296	0.5520333	1.197569e-06	2.3932677e-07	7.604801e-08	7.8235246e-08
priorregion2_spot_30	3.4965684e-08	3.5941927e-08	4.2345516e-08	2.5363144e-08	0.5444736	0.096835285	4.5528054e-07	0.3586896	6.609249e-07	2.0720591e-08	3.6138935e-08	2.0434709e-07
priorregion2_spot_31	7.2099255e-07	1.1819721e-07	3.9780296e-08	5.7516463e-08	5.2605753e-07	2.1611848e-07	2.2485398e-07	0.9922937	0.007703828	3.154749e-08	4.716596e-08	3.359646e-07
priorregion2_spot_32	0.010414642	0.007569062	1.8469106e-07	6.7316996e-08	0.43419254	0.38884974	1.6760262e-06	0.15897155	2.2337125e-07	3.413071e-08	9.27477e-08	2.658059e-07
priorregion2_spot_33	0.0011717004	3.3144795e-07	7.475762e-08	9.915466e-08	0.40986463	8.2728875e-05	1.3369188e-07	0.5762173	0.011330375	9.327576e-08	0.001332462	9.720792e-08
priorregion2_spot_34	3.595851e-08	2.8151423e-08	0.0010386244	0.0014027844	9.579161e-08	9.226548e-08	8.82835e-08	0.9975579	3.851837e-07	2.2552221e-08	2.4543157e-08	3.3018352e-08
priorregion2_spot_35	1.1765546e-07	1.18532334e-07	1.8268834e-07	8.692931e-08	0.097084306	0.09442799	0.02745276	0.7726599	0.00837431	1.0060053e-07	9.23718e-08	9.777312e-08
priorregion2_spot_36	0.039320935	6.947422e-07	4.2275585e-07	2.2232155e-07	0.02673144	3.609466e-06	4.521242e-07	0.92641044	5.1093923e-07	5.283386e-08	4.800616e-08	0.0075311475
priorregion2_spot_37	1.1639448e-07	1.7521197e-07	2.3394357e-08	2.5626324e-08	0.40104043	4.736092e-07	0.021238795	0.5777197	1.7453287e-07	2.5958808e-08	3.9488587e-08	1.1399462e-07
priorregion2_spot_38	2.3952674e-07	2.5150058e-07	4.148532e-08	2.9856967e-08	0.52069646	9.789106e-06	7.4964476e-07	0.46168217	0.017609913	1.0313392e-07	9.811817e-08	1.816425e-07
priorregion2_spot_39	1.7654442e-07	8.6119e-08	2.1283746e-07	0.0005744041	1.3713505e-07	0.00021725935	0.00015715252	0.9967447	0.002305402	2.5745502e-08	6.627012e-08	3.6069284e-07
priorregion2_spot_40	0.00022517465	0.006938124	5.5035986e-08	2.774633e-08	0.26629242	9.024272e-07	0.059506416	0.6670355	1.056249e-06	5.2322697e-08	6.978549e-08	6.1872214e-08
priorregion2_spot_41	1.4964245e-07	1.3351327e-07	5.8612418e-08	5.8951453e-08	0.08174825	0.03135841	1.8846005e-06	0.88687825	1.250679e-05	6.080137e-08	1.0932872e-07	1.4326662e-07
priorregion2_spot_42	1.9728093e-07	4.01619e-07	2.7150433e-08	1.633254e-08	0.79396963	2.8045008e-05	1.9145746e-07	0.20600106	2.91787e-07	2.3587628e-08	3.824877e-08	4.7424216e-08
priorregion2_spot_43	7.0064866e-06	1.2144295e-06	4.838727e-08	6.385511e-08	0.5413147	0.045860734	1.0864721e-06	0.41281447	5.174118e-07	3.480395e-08	6.70935e-08	9.9427304e-08
priorregion2_spot_44	1.2652416e-07	3.8327113e-07	1.01259765e-07	1.5660452e-08	0.56889963	4.8323705e-06	0.025502786	0.40559143	4.9307056e-07	5.2269545e-08	4.0845283e-08	7.633005e-08
priorregion2_spot_45	3.5547338e-08	5.4703946e-08	1.7822913e-08	8.995586e-09	0.17677625	0.025393158	2.3758193e-07	0.7978299	3.243249e-07	2.4653078e-08	4.4797915e-08	3.249194e-08
priorregion2_spot_46	9.857637e-08	6.057181e-08	3.8191388e-08	3.4679044e-08	0.3933476	6.053384e-07	9.236766e-07	0.58299035	0.023660135	2.523959e-08	1.0700399e-07	6.144797e-08
priorregion2_spot_47	5.4911844e-08	4.4172e-08	5.243544e-08	1.8038568e-08	1.6510403e-07	1.6697712e-07	0.053140536	0.9468552	3.7271052e-06	1.7795593e-08	5.016085e-08	3.163697e-08
priorregion2_spot_48	6.3354577e-07	0.0056236903	9.14489e-07	1.9368727e-07	4.8293637e-06	0.39367032	5.6636634e-07	0.60069776	3.0355088e-07	2.3555383e-07	1.3351108e-07	4.0040854e-07
priorregion2_spot_49	1.939735e-07	1.3847979e-07	4.952875e-08	2.3586736e-08	0.2581889	0.19707191	0.012626892	0.5321107	1.0183513e-06	3.48612e-08	5.0360363e-08	5.714143e-08
priorregion2_spot_50	1.0130463e-07	3.8726583e-07	3.0405623e-08	1.5498905e-08	8.698238e-07	0.08562874	9.386141e-07	0.9135971	0.00077163405	2.4330221e-08	4.7498926e-08	9.7526375e-08
priorregion2_spot_51	0.0038190808	4.2505536e-07	1.5443725e-07	0.00011812114	0.14418435	7.285474e-06	1.7201833e-07	0.85186833	1.965349e-06	4.164527e-08	5.8060557e-08	7.018791e-08
priorregion2_spot_52	3.11186e-08	1.1410458e-07	2.9124193e-08	1.3404622e-08	3.8815262e-05	0.11074426	1.20048e-07	0.88921607	3.1733234e-07	2.738941e-08	1.7833518e-07	3.481068e-08
priorregion2_spot_53	7.726641e-08	6.917583e-08	2.9329087e-08	2.2862642e-08	7.319027e-07	1.5082787e-07	2.4506312e-07	0.9999951	3.4758127e-06	2.995982e-08	6.2924464e-08	4.8183733e-08
priorregion2_spot_54	6.193185e-08	5.2875645e-08	2.177943e-08	1.7373806e-08	0.2375493	0.06310665	0.01206475	0.66173506	0.025543876	2.1907251e-08	6.064566e-08	5.2845955e-08
priorregion2_spot_55	1.1335989e-07	1.8718852e-07	2.6380567e-08	2.6930033e-08	0.79097223	3.805044e-05	2.437983e-07	0.20877947	4.876169e-07	0.00020900159	5.8259296e-08	7.76522e-08
priorregion2_spot_56	0.003089434	1.3360581e-07	2.0723629e-08	3.3195924e-08	1.375656e-06	0.22570716	2.4015714e-07	0.7591592	0.012042168	4.5285056e-08	8.5069615e-08	1.2238019e-07
priorregion2_spot_57	7.74434e-08	1.1381946e-07	4.1662556e-08	3.0316045e-08	0.9509778	0.0030763668	0.009698201	0.036246624	4.6031812e-07	3.5507583e-08	7.253357e-08	5.960818e-08
priorregion2_spot_58	0.001203096	5.5030455e-07	4.10428e-08	3.6947466e-08	0.012320788	0.14479914	0.014294337	0.8273008	8.093945e-05	4.0717776e-08	7.9118344e-08	5.9685554e-08
priorregion2_spot_59	1.0543282e-07	6.892426e-08	3.2367097e-08	3.46171e-08	0.55520034	3.2392993e-06	0.00594394	0.4388516	4.3900715e-07	3.5551146e-08	7.661773e-08	5.4535484e-08
priorregion2_spot_60	3.052613e-08	6.145215e-08	2.2850427e-08	1.9522133e-08	0.80571276	0.1808728	0.013413563	3.0002987e-08	8.3011784e-08	2.0849214e-08	3.2572057e-08	5.668412e-07
priorregion2_spot_61	5.703033e-08	8.987978e-08	4.8859032e-08	2.3896403e-08	0.6394729	9.8832126e-05	0.05730704	0.30311996	8.2165474e-07	6.0800055e-08	4.136926e-08	5.1187012e-08
priorregion2_spot_62	1.3167592e-07	1.8947833e-07	4.845933e-08	4.2703082e-08	0.22472464	1.0952002e-05	0.004121651	0.75797606	0.013166068	3.518909e-08	7.221412e-08	8.086433e-08
priorregion2_spot_63	0.00068902154	3.351207e-08	2.6820988e-08	1.4715655e-08	4.8363834e-08	4.6587672e-08	3.7609485e-08	0.9993098	8.4692806e-07	1.7178062e-08	4.2547196e-08	6.413045e-08
priorregion2_spot_64	5.2193127e-07	1.8184213e-07	0.0006332775	7.273705e-08	0.40416676	0.19832985	6.912511e-06	0.39686194	4.3100553e-07	3.6756354e-08	4.3894975e-08	7.8107284e-08
priorregion2_spot_65	1.16350755e-07	2.4894908e-07	8.1767254e-08	2.3789838e-08	0.28626987	3.7079976e-06	0.115050726	0.5986747	3.495093e-07	5.1250197e-08	8.0988535e-08	6.63682e-08
priorregion2_spot_66	1.9632876e-07	0.00024217674	2.9694041e-08	1.5828837e-08	0.3602452	4.252537e-06	0.012637537	0.6268567	1.3625831e-05	6.0539804e-08	6.81707e-08	1.13338224e-07
priorregion2_spot_67	1.9599642e-07	1.4417981e-07	1.06251896e-07	9.716656e-08	0.059287217	8.2915255e-07	1.6297839e-06	0.9178943	0.022813916	3.769312e-08	1.1206827e-07	1.490438e-06
priorregion2_spot_68	3.0369898e-07	1.0588823e-07	5.3703147e-08	4.2546958e-08	0.4245572	0.018827204	0.00953173	0.5409102	3.8119397e-05	6.836182e-08	0.006134675	2.7783315e-07
priorregion2_spot_69	6.037117e-08	4.994465e-08	3.872024e-08	3.5595463e-08	1.8953051e-07	0.04793847	1.4691769e-07	0.9520574	3.645543e-06	1.5438332e-08	3.5310133e-08	4.4447393e-08
priorregion2_spot_70	8.455252e-08	1.0868301e-07	4.5134726e-08	6.353697e-08	0.2814834	1.0749327e-06	6.471482e-07	0.71851325	8.178807e-07	6.083528e-08	9.541702e-08	3.3086013e-07
priorregion2_spot_71	8.5133884e-08	8.653582e-08	2.351248e-07	5.943981e-08	0.0503522	1.1140526e-06	0.008209768	0.8551597	0.08627633	4.1411617e-08	7.757375e-08	3.193894e-07
priorregion2_spot_72	7.6377965e-08	1.299578e-07	1.2314185e-07	1.4972835e-08	0.40910864	1.3668437e-06	0.123928204	0.466961	2.6554e-07	2.2421904e-08	5.310761e-08	9.162966e-08
priorregion2_spot_73	9.112426e-08	3.2809334e-07	3.34957e-08	2.7322608e-08	0.11729872	0.14390853	3.3092712e-07	0.7387809	1.0840922e-05	2.6245894e-08	7.570017e-08	6.5762286e-08
priorregion2_spot_74	5.322527e-08	1.16610295e-07	0.0003817699	6.620853e-08	1.0096189e-06	3.8696157e-07	0.0021166515	0.9973993	0.000100476645	4.536363e-08	8.085829e-08	7.789101e-08
priorregion2_spot_75	4.5016796e-07	1.8419271e-07	4.5052886e-08	4.0633687e-08	0.36316618	0.13583994	0.11073719	0.3902536	2.0147847e-06	4.3723645e-08	8.50133e-08	2.1817868e-07
priorregion2_spot_76	2.7327982e-07	5.955406e-06	1.8440627e-08	1.3801888e-08	0.9999926	7.796253e-07	1.241918e-07	5.6095253e-08	1.3328511e-07	2.8549037e-08	3.0000223e-08	3.753007e-08
priorregion2_spot_77	4.189072e-08	5.0778866e-08	7.0716e-08	0.0009063446	7.6718e-08	7.9171336e-08	3.8021433e-08	0.99893576	1.425964e-07	1.8837051e-08	0.00015742033	3.2674134e-08
priorregion2_spot_78	5.364737e-08	9.295437e-08	2.2472951e-08	1.7849231e-08	5.06855e-07	0.008259272	0.06616217	0.9255552	2.2517952e-05	2.1091605e-08	2.73386e-08	7.923727e-08
priorregion2_spot_79	0.0019293795	2.549537e-07	6.287964e-08	3.696942e-08	4.7400932e-05	0.03578738	1.8974816e-07	0.9622054	2.9375507e-05	3.9578847e-08	3.4710905e-07	1.6118263e-07
priorregion2_spot_80	1.1374386e-07	7.22978e-08	5.127069e-08	2.8129495e-08	0.027334364	1.9953637e-07	1.9805212e-07	0.9295968	0.04306799	2.4510506e-08	6.393926e-08	5.3816798e-08
priorregion2_spot_81	8.769353e-08	3.7369128e-07	2.2204569e-08	4.8387264e-08	0.87173516	0.0002871891	1.0226502e-06	0.12797567	2.2034865e-07	5.245779e-08	7.6687556e-08	5.9513344e-08
priorregion2_spot_82	2.3305118e-07	1.0897075e-07	4.831331e-07	0.00022426882	0.43523243	0.015464708	5.3527646e-07	0.5490708	6.2254258e-06	1.1651292e-07	1.1280112e-07	6.969117e-08
priorregion2_spot_83	4.6081762e-08	8.926173e-08	7.773393e-08	2.334454e-08	0.4640982	0.040232122	0.03466017	0.4610091	2.3639404e-07	2.4142054e-08	4.5135028e-08	5.152526e-08
priorregion2_spot_84	0.008432368	8.346863e-08	3.0235103e-08	3.3715217e-08	8.991567e-07	0.26698905	2.1947743e-07	0.7245768	4.3086845e-07	3.123765e-08	5.4259733e-08	6.286887e-08
priorregion2_spot_85	1.9274013e-07	2.7038357e-07	3.889163e-08	4.7729298e-08	0.45089105	0.015135373	1.9997328e-06	0.5339695	1.1900214e-06	3.5381166e-08	8.910617e-08	1.5032349e-07
priorregion2_spot_86	1.3348853e-07	8.386516e-07	3.75694e-08	2.839412e-08	0.2473539	0.10202082	0.019036135	0.6315836	4.1862986e-06	3.9425437e-08	1.03891615e-07	1.7427377e-07
priorregion2_spot_87	4.451478e-07	3.8231275e-07	4.0521574e-08	3.8459827e-08	0.45805213	0.3874468	0.055228602	0.09759287	2.2686746e-07	3.726108e-08	8.3030294e-08	0.0016782776
priorregion2_spot_88	0.082877785	0.009469927	2.6441015e-08	1.5766794e-08	5.9984956e-08	9.776544e-08	0.02886488	0.8679046	1.8948828e-07	1.9895902e-08	6.48668e-08	0.010882245
priorregion2_spot_89	4.5705637e-08	8.6252655e-08	3.505902e-08	1.887033e-08	5.4143766e-07	0.11914705	2.625506e-07	0.8416941	0.039157037	2.6407225e-08	4.51987e-08	6.879204e-07
priorregion2_spot_90	0.0024441306	2.7330935e-07	1.3071212e-07	1.9648331e-07	0.1377016	0.054878965	0.17377953	0.62621564	1.4278293e-06	2.442103e-07	7.508251e-08	0.004977802
priorregion2_spot_91	5.8388796e-08	1.5551463e-07	0.0015451938	2.8957844e-08	0.34072575	0.01580669	0.15574193	0.48617977	3.0838726e-07	2.4804256e-08	4.4200128e-08	2.0974899e-07
priorregion2_spot_92	8.3918685e-08	2.0375222e-07	2.378012e-08	1.3535331e-08	0.3441527	0.14909688	2.8311496e-07	0.50674933	3.5606976e-07	2.3844112e-08	3.4581674e-08	1.0789887e-07
priorregion2_spot_93	5.0335185e-08	5.898452e-08	1.4484896e-08	9.850054e-09	0.86176866	1.50131e-06	0.029289898	0.10843288	2.4636122e-07	4.1905466e-07	0.0005062563	7.67674e-08
priorregion2_spot_94	8.110381e-08	9.7727266e-08	1.5692063e-07	3.5803872e-08	0.07327247	1.503852e-06	0.0076708402	0.9190508	3.4632199e-06	4.9847028e-08	1.6201405e-07	2.0349826e-07
priorregion2_spot_95	6.354213e-08	6.739876e-08	1.723869e-08	1.4542e-08	0.6959379	0.14388436	1.0976794e-05	0.16016644	1.4110401e-07	2.035662e-08	3.1786353e-08	3.4551565e-08
priorregion2_spot_96	8.019644e-08	9.13306e-08	2.1182858e-08	2.3572994e-08	0.69674313	0.2861607	1.572521e-05	0.017079946	1.7614225e-07	2.7960315e-08	3.777706e-08	4.727752e-08
priorregion2_spot_97	0.00023882496	1.4526464e-05	8.219542e-08	4.7974655e-08	0.4070211	2.1293474e-05	1.1110142e-06	0.59270215	6.4743574e-07	4.6831914e-08	8.9641695e-08	1.3209791e-07
priorregion2_spot_98	8.656742e-08	1.0291007e-07	2.9275087e-08	2.6897482e-08	0.09474751	8.884571e-07	0.08852252	0.8166938	3.4778834e-05	1.9306244e-08	4.9564537e-08	2.2123672e-07
priorregion2_spot_99	2.621044e-08	4.371244e-08	5.498467e-08	1.2248115e-08	6.1758485e-08	6.090565e-08	5.8866224e-08	0.99998224	1.7372093e-05	1.44162735e-08	3.2588833e-08	3.8321314e-08
priorregion2_spot_100	9.114437e-08	2.2237352e-07	0.00013756008	4.941994e-08	0.026240727	9.554909e-07	1.4733405e-07	0.9205829	0.05303715	4.0345377e-08	9.731092e-08	5.922836e-08
priorregion2_spot_101	1.4481826e-08	1.8414179e-08	1.446896e-08	7.658038e-09	4.8352284e-08	3.8778854e-08	5.6568936e-08	0.95364636	0.046353407	1.0899314e-08	2.40301e-08	1.674133e-08
priorregion2_spot_102	1.50936685e-05	3.1928536e-07	3.484414e-08	5.4705403e-08	1.4587496e-06	0.17853928	2.425867e-07	0.82144296	3.0816014e-07	2.8544529e-08	5.3948565e-08	1.5536826e-07
priorregion2_spot_103	1.0411942e-07	8.415391e-08	4.597693e-08	2.0256808e-08	0.5164861	0.38165203	0.00012937671	0.10173206	1.6113215e-07	4.5288605e-08	5.3264706e-08	3.98285e-08
priorregion2_spot_104	0.0016574155	1.5664832e-06	9.3383946e-08	3.9584574e-08	0.42889604	0.12655953	0.0017490844	0.4411327	8.6209394e-07	1.5765751e-07	2.3477003e-06	1.0863213e-07
priorregion2_spot_105	4.279894e-08	7.138674e-08	3.2364262e-08	1.9027784e-08	0.19413476	4.4813356e-07	7.912758e-07	0.80580217	6.1532264e-05	3.8098896e-08	5.3408005e-08	7.85265e-08
priorregion2_spot_106	0.004618971	2.1757985e-07	3.7470656e-08	0.00092737365	0.13338628	2.7806618e-07	8.776865e-08	0.8610659	5.547752e-07	1.3160824e-08	4.5550234e-08	2.0451238e-07
priorregion2_spot_107	0.001828669	1.2008492e-07	4.0591985e-08	3.638792e-08	0.10483358	3.5655964e-07	1.9480347e-06	0.870431	0.022904035	3.3808387e-08	7.3859674e-08	1.4612313e-07
priorregion2_spot_108	1.1931738e-07	3.0960962e-07	4.3849823e-08	5.1034196e-08	0.30537814	3.8896704e-07	2.311015e-07	0.69312215	0.0010803371	0.000418071	9.603678e-08	1.238269e-07
priorregion2_spot_109	8.741011e-08	7.599533e-08	3.4808178e-08	2.1026098e-08	0.31525487	1.0382772e-06	9.618094e-07	0.6274439	0.05729879	2.6969925e-08	7.4821784e-08	4.6821334e-08
priorregion2_spot_110	6.739739e-08	6.316686e-08	2.8893592e-08	4.1495454e-08	6.543093e-07	0.0704241	8.133646e-08	0.9295685	6.316117e-06	3.9844494e-08	7.3520255e-08	9.062895e-08
priorregion2_spot_111	1.05108924e-07	1.4052223e-07	1.0260518e-07	6.0027304e-08	0.31005317	1.3241427e-06	0.06898533	0.6209586	3.2436756e-07	5.6675866e-08	1.8617925e-07	4.2399896e-07
priorregion2_spot_112	1.9626829e-07	2.58782e-07	3.2829078e-08	1.541545e-08	0.6920635	0.032238398	0.03265586	0.24304134	1.8379635e-07	2.9727023e-08	4.632846e-08	1.5985664e-07
priorregion2_spot_113	1.0365243e-06	1.1087663e-07	1.5632791e-08	2.0672447e-08	8.235781e-07	0.20089519	4.1631648e-07	0.799102	3.3746727e-07	1.2771263e-08	2.7795927e-08	3.333046e-08
priorregion2_spot_114	8.5614325e-08	9.5529174e-08	4.9072657e-08	3.038543e-08	0.04606074	4.2363813e-06	0.08317265	0.8704702	0.00029170897	2.7281315e-08	5.8612994e-08	8.048149e-08
priorregion2_spot_115	5.1557127e-08	2.489322e-07	1.6844444e-08	1.0210092e-08	0.20296583	4.270639e-07	8.811287e-07	0.7964782	9.5165313e-07	0.00055336964	3.9218516e-08	3.0260026e-08
priorregion2_spot_116	3.6556435e-07	5.599439e-07	3.666504e-08	2.704642e-08	0.33917743	9.075409e-06	8.086117e-07	0.6608105	9.406632e-07	3.608734e-08	2.0272972e-07	6.846882e-08
priorregion2_spot_117	6.716419e-08	9.445551e-08	6.101337e-08	1.6024334e-08	0.7665936	3.2656592e-06	0.23340254	3.2228847e-08	8.2245876e-08	5.7137154e-08	6.841347e-08	9.536179e-08
priorregion2_spot_118	1.0003352e-07	2.617432e-07	4.1155527e-08	4.6440828e-08	0.44131994	0.2021323	1.3884493e-05	0.3565327	2.8721385e-07	1.5258061e-07	7.30621e-08	1.8096462e-07
priorregion2_spot_119	1.2836273e-07	6.141261e-08	1.6469093e-08	1.1092645e-08	0.2512198	3.5753607e-07	0.057789765	0.6800075	0.009880351	1.8090175e-08	5.335703e-08	0.001102036
priorregion2_spot_120	7.629854e-08	1.9488986e-07	2.5735094e-08	1.7180803e-08	2.0516993e-06	0.31873375	3.449482e-07	0.68126315	1.3846868e-07	3.557116e-08	2.9358487e-08	1.0748086e-07
priorregion2_spot_121	0.03745054	8.537415e-08	2.2198211e-08	1.31521e-08	0.036608566	4.6343725e-05	0.11040567	0.8101867	1.9904745e-07	1.5868348e-08	3.7455088e-08	0.0053018504
priorregion2_spot_122	2.4011484e-07	1.2715464e-07	3.7063995e-08	2.7734458e-08	0.6267561	0.00026418155	1.7436913e-06	0.37297672	5.58585e-07	2.6599908e-08	5.6154967e-08	4.995149e-08
priorregion2_spot_123	7.0001434e-08	1.1543985e-07	4.8767184e-08	2.8039853e-08	0.030341346	0.10523466	0.026705734	0.837717	8.118076e-07	3.140769e-08	9.3411614e-08	7.6699585e-08
priorregion2_spot_124	3.763392e-08	3.642725e-08	3.108817e-08	2.1028193e-08	0.4605896	1.7483005e-06	2.1073815e-07	0.5316754	0.007732831	2.3228518e-08	4.72934e-08	9.4146095e-08
priorregion2_spot_125	2.7764095e-08	6.190883e-08	1.3919806e-08	9.127024e-09	1.9458072e-07	0.047299825	0.0012182259	0.9514813	2.679134e-07	1.9152766e-08	7.224678e-08	2.9929232e-08
priorregion2_spot_126	5.496328e-08	6.844001e-08	6.3310026e-08	2.4134659e-08	0.18778098	2.0643714e-07	0.0045785424	0.8031459	0.003952828	1.5266453e-07	3.114611e-08	0.0005411412
priorregion2_spot_127	3.9214704e-08	4.1682537e-08	1.4075732e-08	9.3188275e-09	2.1155667e-07	9.92662e-07	4.6891028e-08	0.9999983	2.79145e-07	1.658066e-08	4.728976e-08	2.272282e-08
priorregion2_spot_128	4.3875602e-07	4.25438e-07	8.037121e-08	5.5953397e-08	0.6723905	0.00701722	0.0028302392	0.31775925	8.510511e-07	4.928063e-07	1.5839761e-07	2.4596767e-07
priorregion2_spot_129	0.0026297085	1.0628568e-05	3.1913906e-08	6.649819e-08	0.7451304	0.07344329	2.2430274e-07	0.17878488	3.8044539e-07	1.3435096e-07	2.0828692e-07	9.456876e-08
priorregion2_spot_130	4.499307e-08	0.0010179463	1.4901605e-08	1.3957799e-08	9.608216e-07	8.4996614e-08	8.389493e-08	0.98664314	0.012336512	1.0788684e-06	6.949963e-08	3.8547586e-08
priorregion2_spot_131	5.875935e-08	5.729488e-08	2.681189e-08	2.0079268e-08	0.99999917	4.144003e-07	1.0414865e-07	2.1748662e-08	8.123683e-08	2.5421691e-08	3.0047538e-08	3.6296928e-08
priorregion2_spot_132	5.0923106e-08	6.365084e-08	3.2483293e-08	2.296514e-08	0.5803318	2.727515e-06	0.004796021	0.4148677	1.4882149e-06	2.894414e-08	4.1974893e-08	6.0131555e-08
priorregion2_spot_133	7.696286e-08	6.4247935e-08	3.3934242e-08	2.2626539e-08	0.6147131	0.019420763	4.320986e-07	0.3658606	4.7243834e-06	3.3260033e-08	5.4477702e-08	9.8369256e-08
priorregion2_spot_134	0.029389065	0.04539054	1.7051111e-07	1.4606046e-07	0.0060160137	0.22544008	2.4577022e-07	0.6937627	6.672776e-07	4.04976e-08	1.668759e-07	1.5830805e-07
priorregion2_spot_135	6.960035e-08	1.4279283e-07	3.8166924e-08	1.8775129e-08	0.08021469	4.292815e-07	1.7362254e-07	0.91885877	4.5032524e-05	0.0008802839	2.1318299e-07	8.665184e-08
priorregion2_spot_136	8.692722e-08	9.465176e-08	1.9408843e-08	9.5963735e-09	0.2926432	0.70735633	1.9958452e-07	2.9468548e-08	6.494793e-08	3.6675274e-08	4.2992674e-08	1.9272244e-08
priorregion2_spot_137	1.9247386e-08	3.669733e-08	1.1744956e-08	2.6690303e-08	5.033778e-08	4.1887844e-08	3.4708705e-08	0.99999976	1.2918247e-07	1.2113897e-08	1.5863364e-08	4.2949488e-08
priorregion3_spot_1	2.0961149e-07	0.011616967	0.05889967	0.28794456	0.15875497	0.005194721	6.2330706e-08	2.6510294e-08	0.004961524	0.4370648	0.03556197	5.635436e-07
priorregion3_spot_2	6.9120304e-08	1.4392386e-07	0.0812473	0.22906804	1.058823e-06	0.20264113	0.2909247	3.1843907e-08	1.13124344e-07	0.19610421	2.3763328e-06	1.0984259e-05
priorregion3_spot_3	1.134859e-07	2.5734673e-07	0.0068442817	0.051692612	1.4242604e-06	0.109610274	0.23796275	3.5914745e-08	3.5311365e-07	3.7036028e-07	0.5786975	0.015190004
priorregion3_spot_4	3.6503728e-08	4.9338933e-08	0.08526769	0.3395272	1.2683468e-07	4.2735772e-07	0.11102056	2.1834392e-08	1.4472954e-07	1.0466721e-07	0.3225394	0.14164428
priorregion3_spot_5	4.193406e-08	7.470568e-08	0.028220361	0.2398299	2.3014223e-07	0.3987129	0.3316254	2.0375117e-08	8.515274e-08	0.0016108885	7.3776e-08	3.6972715e-08
priorregion3_spot_6	3.1406106e-08	1.11448074e-07	0.012687577	0.1958761	2.2044317e-07	2.2247997e-07	0.03349007	0.25038847	0.029049724	7.3145884e-08	0.3702767	0.108230695
priorregion3_spot_7	3.9449823e-08	1.1063788e-07	0.03187515	0.3335626	1.8493442e-07	6.917007e-07	1.1373436e-07	0.13055967	9.1196426e-08	0.027525706	0.47647533	2.855243e-07
priorregion3_spot_8	3.179948e-08	5.461826e-08	0.025163895	0.11970577	9.3240644e-08	2.9133287e-07	0.21392463	0.2778493	0.009092354	0.025252556	0.32856527	0.00044573995
priorregion3_spot_9	3.0371144e-08	1.7413728e-07	1.6251661e-08	2.1093514e-08	6.373797e-08	6.431229e-08	8.7520185e-08	0.35074142	1.653026e-07	1.872227e-07	0.6492575	3.095946e-07
priorregion3_spot_10	4.550691e-08	6.2482655e-08	0.1009801	0.3443724	1.2475638e-07	3.116204e-07	2.6701869e-06	4.235862e-08	0.0076630986	0.0927423	0.45423743	1.3859647e-06
priorregion3_spot_11	4.2057204e-07	3.913372e-07	0.24340999	0.595448	3.8829782e-07	0.041531686	3.2390676e-07	3.441107e-08	0.11038823	5.0536123e-08	0.006149785	0.0030707496
priorregion3_spot_12	6.411945e-08	1.3516392e-07	0.07446799	0.14587803	1.1413956e-06	0.034164518	0.20777842	0.010793411	0.32163194	0.10049968	0.10478441	1.4574381e-07
priorregion3_spot_13	2.905985e-07	1.8853501e-06	1.7477015e-08	2.0727013e-08	2.327932e-06	3.2237054e-07	6.739061e-08	1.445867e-07	0.117532864	0.116699055	0.76576245	5.489733e-07
priorregion3_spot_14	4.7616713e-06	2.5853367e-07	0.041991264	0.12585156	0.11812103	4.0039797e-07	7.517641e-08	0.28794345	3.5035382e-07	0.2036472	0.058699295	0.16374041
priorregion3_spot_15	1.0575544e-07	1.2372243e-07	0.061127983	0.3830562	1.1715155e-06	0.065276705	0.1614406	4.4228265e-08	0.0801117	0.079306535	0.014516438	0.15516232
priorregion3_spot_16	4.4355815e-08	7.751064e-08	0.10653333	0.22604792	2.6225635e-07	0.121287815	8.4991547e-07	7.728094e-08	0.14256617	5.806883e-08	0.4035628	5.715006e-07
priorregion3_spot_17	0.018478919	7.495773e-08	0.16869777	0.46410674	2.2898105e-07	3.5719384e-07	3.2444794e-07	0.26629153	0.07624285	2.3856805e-08	7.576676e-08	0.0061811483
priorregion3_spot_18	0.057108793	2.5117643e-07	4.0165602e-08	5.4043763e-08	1.4244551e-05	1.0299785e-06	0.00021635638	3.1078898e-08	0.38142264	6.377392e-08	0.56123596	5.4866535e-07
priorregion3_spot_19	3.2234873e-08	8.9843496e-08	0.11568196	0.28368843	0.13078521	0.089898854	0.24142079	5.278229e-08	2.6622138e-07	0.099552974	0.03897115	1.649532e-07
priorregion3_spot_20	0.017334796	5.1327415e-06	0.0122241685	0.09925408	4.743605e-07	2.4654793e-07	2.4679023e-06	0.121502236	0.057971973	0.06464243	0.5296325	0.09742947
priorregion3_spot_21	3.2822385e-07	1.6582979e-07	1.5148059e-07	3.1815156e-07	2.817341e-06	0.07198174	0.004959722	4.740422e-08	0.07084754	5.578731e-07	0.62205905	0.23014753
priorregion3_spot_22	0.0023039011	1.540159e-07	5.3589563e-08	4.6079144e-08	1.9322347e-07	4.2060785e-07	1.8001134e-07	0.15968302	0.057521217	0.13995376	0.3725823	0.26795468
priorregion3_spot_23	0.0033818046	1.8850211e-07	2.0527242e-08	1.0088594e-08	4.3096816e-07	0.17713395	0.5208255	2.2546374e-08	0.035572294	0.104536004	0.040041238	0.118508644
priorregion3_spot_24	9.269593e-08	1.4273448e-07	7.9470816e-08	5.2314014e-08	0.063865766	0.029465377	0.019390436	6.359405e-08	0.14702314	0.1459758	0.25678292	0.3374962
priorregion3_spot_25	2.9808383e-08	5.4441895e-08	0.005769792	0.13257861	9.1417417e-07	0.0750392	0.5878633	4.1496666e-08	4.1908618e-07	4.5506354e-08	0.1987469	5.989105e-07
priorregion3_spot_26	2.8759375e-08	1.8749469e-07	0.14309882	0.41284487	0.10996834	0.020918125	0.0027613714	3.566364e-08	9.727199e-08	0.22640164	0.08400597	5.306277e-07
priorregion3_spot_27	0.0004691309	5.979175e-07	3.4072333e-08	3.8474735e-08	1.2717921e-05	0.5548655	0.24441345	4.989056e-08	4.7840325e-07	0.15996188	0.04027605	1.803577e-07
priorregion3_spot_28	6.812254e-08	1.2082548e-07	0.04310556	0.14392653	4.631968e-07	1.5158798e-06	0.09053318	3.1550506e-08	8.1747135e-07	0.041408136	0.48187768	0.19914593
priorregion3_spot_29	3.4812942e-07	6.8484223e-07	0.008142246	0.124151796	3.552661e-07	0.062419362	0.103039235	0.19365892	4.013029e-07	0.047304034	0.46128216	3.7285136e-07
priorregion3_spot_30	0.0037243213	0.0005464533	0.039596133	0.124915555	0.008799229	3.3635522e-06	0.10738658	0.11159716	3.9494756e-07	0.112160005	0.49126935	1.386261e-06
priorregion3_spot_31	6.230314e-08	1.6705829e-07	0.023098845	0.067521594	2.6768564e-07	4.1719886e-07	0.05822565	0.06980083	0.13556203	0.052518357	0.5457948	0.047476996
priorregion3_spot_32	0.0014812629	1.0218093e-07	9.5013874e-08	2.1687516e-07	1.355551e-07	1.9080053e-07	0.17139755	4.2038323e-08	3.3338003e-07	2.3277234e-07	0.71126944	0.11585039
priorregion3_spot_33	1.2158941e-06	2.3074209e-07	2.8222814e-08	9.465224e-08	0.095300615	0.07843541	0.05668872	4.2065174e-08	0.21229763	0.46642023	0.044374	0.046481714
priorregion3_spot_34	1.6363724e-07	1.5131175e-07	0.12820245	0.49014264	2.2140728e-07	1.7617332e-06	0.19302012	0.07841849	2.2984714e-06	6.783862e-08	0.0021696028	0.10804198
priorregion3_spot_35	0.0056856414	1.113446e-06	0.01849322	0.2959879	8.695261e-07	1.0713015e-06	8.009628e-08	2.9731495e-08	1.830411e-07	0.05482884	0.6231067	0.0018942619
priorregion3_spot_36	1.0268241e-07	3.476936e-07	0.08015499	0.27154338	8.5473016e-07	0.21226221	0.099109136	7.12733e-08	0.12188883	0.10056851	0.047899816	0.06657172
priorregion3_spot_37	0.00056029274	3.0587245e-07	5.489214e-08	4.3295813e-08	2.7205767e-06	0.09713038	0.1663727	0.09198976	0.14650165	0.121152714	0.18397628	0.19231315
priorregion3_spot_38	6.6618156e-08	4.7538514e-08	0.026765076	0.15829642	0.022866286	0.005270943	0.3980642	3.1223518e-08	0.011968267	0.16005313	0.045602925	0.1711126
priorregion3_spot_39	1.8549958e-06	2.0950213e-07	5.3430874e-08	5.4494574e-08	1.7448532e-07	1.3993831e-06	0.29843393	3.216589e-08	0.04324789	2.490345e-07	0.6583101	4.0035807e-06
priorregion3_spot_40	0.021028686	3.482073e-07	0.07780366	0.17099033	8.1110693e-07	0.08253269	2.8916745e-07	0.118160725	0.17150317	0.11271329	0.24526508	7.8871847e-07
priorregion3_spot_41	7.166525e-08	2.7336552e-07	0.02442932	0.10298238	2.5205547e-06	0.025386294	0.09044346	7.981959e-08	0.12605083	0.029305011	0.5820946	0.019305112
priorregion3_spot_42	2.6555935e-07	6.639722e-08	0.13868949	0.41486102	1.4836272e-07	2.1395972e-07	0.013758516	2.9810952e-08	0.0076047997	1.0185478e-07	0.31213138	0.11295392
priorregion3_spot_43	6.406585e-08	1.6845873e-07	0.069409885	0.17192708	2.5715494e-07	6.225256e-07	0.14213583	0.04720773	0.010927609	0.0006882399	0.3095342	0.24816836
priorregion3_spot_44	3.803503e-08	5.368716e-08	0.017726252	0.11111985	9.617814e-08	8.436965e-08	1.9018125e-07	0.31097925	0.3559974	0.044915676	0.159261	1.1155284e-07
priorregion3_spot_45	8.812772e-08	2.9643377e-07	0.012059174	0.031384014	1.4219321e-06	0.0003558406	0.29839316	0.3180128	0.05192283	0.032174617	0.255689	6.6870252e-06
priorregion3_spot_46	2.3181915e-08	4.2430198e-08	0.03325042	0.4514903	1.1387368e-07	6.0050763e-07	0.50284046	2.0496948e-08	8.2122966e-08	8.595807e-08	0.012417539	3.6257705e-07
priorregion3_spot_47	1.2428917e-07	3.3188465e-07	0.022930289	0.14231963	2.5169055e-07	0.14512655	0.064762615	0.420728	1.390902e-06	0.026215062	0.090426	0.08748971
priorregion3_spot_48	2.2092875e-06	6.9755025e-08	0.08335014	0.27170563	1.1099859e-07	2.4137398e-07	0.13417298	1.6335179e-08	0.058201425	0.059245545	0.393321	6.845247e-07
priorregion3_spot_49	3.092226e-08	1.5272462e-07	2.2422682e-08	1.6198442e-08	7.223317e-07	0.5164881	0.051166143	2.1705237e-07	1.1717251e-05	0.14231394	0.2900187	2.7510862e-07
priorregion3_spot_50	1.1860119e-07	1.4458509e-07	0.015925229	0.20552135	0.02627185	0.08873728	0.5709877	5.1462298e-08	1.776196e-06	0.064136386	0.028417798	2.5772707e-07
priorregion3_spot_51	5.0668124e-08	1.5379472e-07	0.10097798	0.35636094	3.5980764e-07	0.043165952	0.08006102	2.5168417e-08	1.4056165e-07	0.14056975	0.24274361	0.036120076
priorregion3_spot_52	1.5879357e-07	2.901111e-07	0.119928166	0.1947959	2.739331e-07	0.025855083	0.59691995	7.978064e-08	1.9781018e-07	1.8531021e-07	2.3429286e-07	0.062499553
priorregion3_spot_53	2.4328827e-08	2.386416e-08	0.0010090458	7.058267e-08	3.6059336e-07	4.1028807e-07	0.5248112	3.5605776e-08	2.6219914e-07	0.0142324595	0.44980344	0.010142688
priorregion3_spot_54	9.389824e-08	1.9559943e-07	0.062143665	0.16909662	6.267655e-07	4.6091347e-07	5.832368e-07	0.20195052	0.2148117	0.13346255	0.20962387	0.008909168
priorregion3_spot_55	6.510516e-08	4.430451e-08	0.00056056667	0.102820724	2.3192399e-07	6.5621646e-07	0.27890164	0.05433244	0.56338316	3.0145365e-08	9.177804e-08	3.2742338e-07
priorregion3_spot_56	3.5003615e-07	1.5019054e-07	0.017609188	0.109706484	1.186164e-06	0.14162147	0.28260306	0.043249667	0.09766659	0.048857607	0.17209503	0.086589254
priorregion3_spot_57	1.461487e-07	1.1141486e-07	0.117367685	0.36971068	3.271269e-07	0.27380484	0.04399375	3.2458615e-08	1.0963516e-07	6.4499844e-08	0.06805235	0.12707
priorregion3_spot_58	5.5786515e-08	7.985347e-08	0.06460697	0.3088587	3.8530993e-07	0.09861272	0.12256599	1.1157035e-07	0.40535438	5.001526e-08	2.9607938e-07	2.435744e-07
priorregion3_spot_59	2.9174759e-08	5.355413e-08	0.07647657	0.2662145	9.380824e-08	2.475454e-07	0.01671203	3.0043847e-08	0.105477594	0.000999372	0.31170508	0.22241433
priorregion3_spot_60	0.005337542	3.850187e-07	3.2213958e-08	3.5001858e-07	0.15245076	1.9609541e-07	0.0792253	6.8700906e-08	0.39443564	0.29029286	0.017178407	0.061078407
priorregion3_spot_61	2.2560079e-07	2.8727928e-07	0.0007655393	0.19653304	0.005934375	7.1582326e-07	0.050715216	5.20045e-08	0.0323107	0.0027013784	0.26131147	0.44972697
priorregion3_spot_62	1.0559583e-07	9.922397e-07	2.2789604e-06	1.1651102e-07	0.0041156923	1.4624825e-05	0.22109823	0.01243869	0.068477444	0.12978221	0.49980018	0.06426948
priorregion3_spot_63	0.0033630873	2.260817e-07	3.3925442e-08	2.2814636e-08	1.3637481e-07	0.17039852	0.11022147	0.38600463	2.8601363e-07	5.5620415e-08	0.33001146	7.6482394e-08
priorregion3_spot_64	6.373762e-08	0.0052330974	3.5726753e-08	4.2302066e-08	0.053660795	0.23385993	0.038587153	8.192596e-08	0.19962174	0.44684127	0.02219567	2.381374e-07
priorregion3_spot_65	1.2169858e-07	2.8315003e-07	0.03269059	0.07649173	1.4114272e-07	9.4718416e-07	0.3126094	3.195131e-08	0.05081155	0.00053114805	0.22055109	0.30631295
priorregion3_spot_66	6.980804e-08	1.1747555e-07	0.0060856286	0.06373899	3.637105e-07	6.9570933e-07	0.1507899	2.899622e-07	0.35781622	0.067157336	0.3544101	2.7585847e-07
priorregion3_spot_67	8.26421e-06	1.2372996e-07	2.331389e-08	1.9233164e-08	1.5395608e-07	0.09506272	0.1073034	0.6999509	0.09767357	2.0673015e-08	8.517687e-08	6.947658e-07
priorregion3_spot_68	0.014742427	5.820002e-07	2.7090703e-08	3.074041e-08	0.025316212	0.11103027	7.204651e-07	2.0955113e-08	0.08675052	0.096216165	0.66594267	3.5036126e-07
priorregion3_spot_69	3.0040887e-08	9.5607234e-08	0.06885505	0.3506591	0.021207709	0.11362285	0.14965224	0.1403726	4.7461854e-06	0.11794976	0.034831688	0.0028440394
priorregion3_spot_70	1.9336582e-08	3.4140395e-08	0.032269783	0.30061364	8.9031715e-08	1.8315463e-07	0.2829773	2.1713122e-08	1.16057194e-07	4.6028784e-08	0.3841384	3.8728032e-07
priorregion3_spot_71	0.0037511156	1.1855063e-07	0.06431524	0.2340899	1.2059057e-07	2.2365158e-07	1.8969045e-07	0.13443351	0.34253648	5.725512e-08	0.22087024	2.7880722e-06
priorregion3_spot_72	0.0022137484	5.503741e-07	0.005733496	0.09462835	3.709922e-07	3.4212076e-07	3.0037887e-07	1.0482855e-07	0.427216	0.050829276	0.41937408	3.3950687e-06
priorregion3_spot_73	3.2898647e-08	5.6156576e-08	0.0037365814	7.30149e-08	9.225784e-08	1.0911103e-07	1.1279751e-05	3.0146428e-08	1.1208661e-07	2.2748267e-07	0.99624234	9.033657e-06
priorregion3_spot_74	3.156886e-08	1.3040503e-07	0.043358065	0.17501003	1.10375844e-07	2.0021973e-07	0.21732253	0.0021662205	0.005792617	0.1943602	0.35332018	0.008669703
priorregion3_spot_75	2.2053506e-08	4.2815167e-08	0.08079412	0.56636906	2.0225025e-07	2.9945343e-07	0.041286837	3.7938182e-08	1.7530014e-07	4.2647066e-08	0.30985022	0.0016989226
priorregion3_spot_76	1.3154526e-07	7.897527e-08	0.04459791	0.099384375	1.2308477e-06	0.0073285215	0.34042555	4.2953367e-08	3.514876e-06	0.08331278	0.3211431	0.103802815
priorregion3_spot_77	1.5966394e-08	2.8225807e-08	0.225356	0.40623096	1.2914404e-07	1.9828558e-07	0.36841187	3.2075334e-08	1.124219e-07	5.409492e-08	2.2431263e-07	3.7755706e-07
priorregion3_spot_78	0.0016446236	0.011281631	0.13915013	0.54470575	6.637342e-07	1.6630939e-07	0.036674324	3.0917892e-08	0.25357538	2.4487804e-08	1.2905039e-07	0.012967281
priorregion3_spot_79	4.2865693e-08	0.0213192	0.001530925	1.4505416e-07	0.036097266	6.4263475e-07	0.08443176	1.5689716e-07	0.024704972	1.0271667e-06	0.5235833	0.30833054
priorregion3_spot_80	0.00046189563	1.1823606e-07	0.059921827	0.22508398	1.1194904e-07	8.093889e-07	0.13520645	4.500288e-08	1.8215429e-06	5.8331498e-08	0.55103815	0.028284736
priorregion3_spot_81	2.8608997e-07	8.648915e-08	0.10424967	0.43899477	1.6486243e-07	4.4708452e-07	0.010940877	0.2330682	0.20806307	3.2450348e-08	0.0046820333	2.4043874e-07
priorregion3_spot_82	0.000841738	3.3726423e-07	0.045676127	0.21013103	5.1193496e-07	0.009212288	0.21908486	0.24497811	0.1903055	0.046765875	0.03300343	2.1578322e-07
priorregion3_spot_83	2.1269514e-08	8.874121e-08	0.11445738	0.2900527	1.6811963e-07	0.10405643	0.33067074	1.2740244e-08	6.4544416e-08	2.3712154e-08	0.16076228	1.0156414e-07
priorregion3_spot_84	4.947944e-08	6.504281e-08	0.00330573	3.2216852e-07	2.487728e-07	2.1386e-05	0.042166427	5.8299346e-08	0.18562081	1.0193213e-07	0.76888245	2.2815823e-06
priorregion3_spot_85	0.0005262035	8.9115325e-08	0.053805497	0.3963828	0.020146217	4.2604518e-07	0.014224797	3.516162e-08	0.51299727	2.0250521e-08	0.0018421023	7.451433e-05
priorregion3_spot_86	2.2702702e-07	1.2684923e-07	4.78269e-08	3.990205e-08	3.3953193e-06	0.03571916	0.4944272	6.4242926e-08	9.583501e-07	0.15498914	0.31485948	1.8801462e-07
priorregion3_spot_87	7.06032e-08	5.872784e-08	3.947164e-08	0.0013807146	0.09424231	4.741416e-07	0.20519407	2.6986575e-08	0.100054026	0.11514368	0.48398438	2.2292654e-07
priorregion3_spot_88	1.0643804e-07	3.1491024e-07	3.546679e-08	2.7023564e-08	4.7728745e-06	0.10280021	0.110011116	6.03866e-08	0.28038403	0.19391462	0.08976055	0.22312418
priorregion3_spot_89	0.007570248	1.6672911e-07	0.1415907	0.35433853	0.0611904	0.010575654	0.033237707	0.03907835	0.023005227	0.114868045	0.17739487	0.037150186
priorregion3_spot_90	2.6658842e-08	7.097236e-08	0.034505088	0.23480338	1.2841666e-07	0.30206978	0.03951905	1.9096294e-08	4.2438128e-08	3.985078e-08	0.38910145	9.748554e-07
priorregion3_spot_91	3.89405e-08	2.134618e-07	0.04834049	0.21921946	1.4546379e-07	1.0405658e-06	0.32837477	5.6292187e-08	0.26888567	3.5952752e-08	0.1351779	1.9979532e-07
priorregion3_spot_92	2.8552325e-08	4.814545e-08	4.520071e-08	6.5716776e-08	3.4312984e-07	8.873178e-08	0.15555082	0.00034911427	1.02169125e-07	0.027786132	0.8162963	1.692963e-05
priorregion3_spot_93	4.5384382e-08	1.2471813e-07	0.0010489892	5.5210247e-08	0.058609348	0.119520396	0.33597657	1.11516854e-07	0.025865318	0.25391614	0.20506178	1.1288831e-06
priorregion3_spot_94	0.0038279626	3.9142654e-07	0.18634042	0.61096907	4.148455e-07	2.841394e-07	2.0452106e-07	1.0338977e-07	1.03990416e-07	0.009542044	0.18786398	0.0014551111
priorregion3_spot_95	6.507442e-08	5.54615e-08	6.895188e-08	5.0202434e-08	7.441899e-07	2.2077058e-06	0.61038053	6.697599e-08	0.014439388	5.4890737e-08	3.5032247e-07	0.3751764
priorregion3_spot_96	1.0171482e-07	2.3095504e-07	0.03292456	0.22676176	0.021190524	0.14811659	0.048209164	0.007695209	0.2280048	0.079004824	0.111233994	0.096858315
priorregion3_spot_97	5.447874e-08	2.8871173e-07	0.011614939	0.06942576	0.099549875	0.009718822	0.12855844	4.2077e-08	0.26853034	0.3837965	0.028804664	3.6453594e-07
priorregion3_spot_98	8.260824e-08	7.5672256e-07	0.00197532	0.09308953	0.13251439	0.008074018	0.007722901	0.03397877	0.17523131	0.34170237	0.069645666	0.13606498
priorregion3_spot_99	2.7715497e-08	7.4950435e-08	5.0091923e-08	4.2137547e-08	0.0646739	0.14161381	0.638504	3.235572e-08	3.7322917e-07	0.15424229	0.00096373504	1.7327906e-06
priorregion3_spot_100	3.9588944e-08	4.6120334e-08	0.11781193	0.27008924	1.9929115e-07	6.606504e-05	0.5022295	2.5866072e-08	0.10980284	3.4695837e-08	1.2482597e-07	5.590504e-08
priorregion3_spot_101	3.3296857e-08	4.698163e-08	1.3934364e-07	1.5452407e-08	4.010762e-07	2.3870115e-07	0.034634758	0.14389239	0.67616796	0.1304735	0.014830344	6.1416245e-08
priorregion3_spot_102	1.6195184e-08	6.481669e-08	6.269789e-08	0.0012858936	7.911926e-08	1.4495022e-06	0.26481393	1.7557552e-08	6.832472e-08	0.033540998	0.7003563	1.1246975e-06
priorregion3_spot_103	1.0934623e-07	7.3343344e-08	4.5467978e-08	3.930471e-08	1.7211259e-07	2.9585335e-06	0.6325443	7.298999e-08	8.7182244e-08	1.3790603e-06	0.36277342	0.0046772836
priorregion3_spot_104	1.2390699e-07	2.2825988e-07	0.0341414	0.18330432	4.406402e-06	2.8506086e-06	0.10388994	0.16416337	7.892703e-06	0.034278255	0.47108907	0.009118154
priorregion3_spot_105	1.0705506e-07	1.2567892e-07	0.059197616	0.17210549	5.438016e-07	8.8007355e-06	0.0030421277	0.12633151	0.06512196	0.109130494	0.4650605	7.2339697e-07
priorregion3_spot_106	4.526849e-08	4.8297448e-08	0.046209257	0.07902917	1.0257607e-07	2.1921123e-07	0.15182334	0.16043591	0.24582538	0.0694497	0.15132016	0.095906585
priorregion3_spot_107	0.016731178	5.3580726e-07	0.10082382	0.37230337	7.7646905e-07	4.989756e-07	0.024953758	3.1081587e-08	0.10418439	6.8753735e-08	0.38100114	4.3324292e-07
priorregion3_spot_108	4.4756533e-07	0.001736384	5.079039e-07	0.0027187262	0.25205153	0.009946048	0.023781247	5.914943e-08	1.9870674e-07	0.34264904	0.36711502	7.8420976e-07
priorregion3_spot_109	0.0014219478	1.214646e-07	0.037707884	0.19316977	7.5465107e-07	0.03152277	0.3311195	3.101404e-08	0.005940868	0.108659975	0.022005025	0.2684513
priorregion3_spot_110	0.008177838	0.012261367	0.0018845077	2.73854e-07	0.05178546	0.19119179	0.027888184	6.2157255e-08	0.22048618	0.37116954	0.11358439	0.0015703333
priorregion3_spot_111	2.9680675e-07	8.965672e-08	0.008567369	0.16730224	7.910795e-08	4.8642917e-08	5.643358e-08	0.69910127	1.957757e-06	3.7249066e-08	1.2200964e-07	0.1250264
priorregion3_spot_112	0.32316527	0.044727463	5.1202257e-08	4.094533e-08	0.025574788	0.04131213	0.0154052125	9.060429e-08	1.6940021e-07	0.3921487	0.015612062	0.14205395
priorregion3_spot_113	5.976943e-08	1.622381e-07	0.07576129	0.29639906	9.483773e-07	6.6954715e-07	1.4259954e-06	6.938376e-08	0.11712665	0.06290858	0.38272083	0.06508018
priorregion3_spot_114	6.1215457e-07	0.008814167	7.727508e-08	3.5352677e-08	0.14235434	1.6039553e-06	0.020909082	5.3410307e-08	0.011588351	0.1930444	0.42206407	0.20122327
priorregion3_spot_115	3.814014e-07	2.765337e-07	0.11362342	0.18688558	6.5016553e-07	0.033690754	0.13767603	3.3694196e-08	0.006807067	0.30553898	0.21577643	3.384622e-07
priorregion3_spot_116	1.5803244e-07	0.009243017	2.265844e-08	2.0604597e-08	0.1508081	6.288172e-07	9.0221654e-08	5.6505318e-08	6.8787e-07	0.28817055	0.5517764	3.1018627e-07
priorregion3_spot_117	0.043533277	7.103329e-07	5.2478065e-08	7.554968e-08	0.054032907	0.06485029	0.26925534	3.055363e-08	1.8441723e-06	0.25942796	0.17303422	0.13586324
priorregion3_spot_118	6.29677e-08	5.8645202e-08	2.237064e-07	0.0005950693	2.332468e-07	0.107430756	0.08937204	9.687678e-08	0.20843928	1.00826526e-07	0.5924937	0.001668314
priorregion3_spot_119	0.015414414	1.2912797e-07	0.03741151	1.7475276e-07	1.5465491e-07	4.986913e-07	0.07029702	0.0046604252	0.41875553	0.008792442	0.26626134	0.1784064
priorregion3_spot_120	1.9069424e-07	2.9191557e-07	0.042301167	0.078804865	1.0442021e-05	0.03253956	0.23769115	6.951699e-08	0.22904003	0.1328703	0.23180237	0.014939574
priorregion3_spot_121	4.6624315e-08	4.471565e-08	5.9209167e-08	0.004397589	1.3858869e-07	1.2221237e-07	1.3218968e-07	9.0987226e-07	0.9956009	1.0749723e-08	3.354547e-08	4.4180247e-08
priorregion3_spot_122	5.242375e-08	1.04472576e-07	3.3688927e-08	4.0653607e-08	0.12006114	5.340553e-07	0.013047042	0.003863722	0.0060383608	0.17442888	0.68254876	1.1351773e-05
priorregion3_spot_123	5.3069265e-08	9.045813e-08	0.00317746	0.09463408	3.0878354e-07	6.0252967e-07	0.2175744	0.13285618	0.20486353	0.06648426	0.18250987	0.09789912
priorregion3_spot_124	0.06189787	2.0227485e-07	3.0726376e-05	0.19375539	8.5486056e-07	5.8677677e-05	0.44961858	2.5934767e-08	2.6339217e-07	0.049080547	0.21506062	0.030496184
priorregion3_spot_125	4.1753474e-08	1.1226611e-07	0.120777614	0.30735558	0.109887704	9.544988e-07	0.07695164	4.0893017e-08	0.006326593	0.23920386	0.13948049	1.534656e-05
priorregion3_spot_126	4.5897405e-08	7.7403115e-08	0.008571147	0.097632654	1.2439486e-07	1.0745993e-07	0.24915795	0.52695376	0.01565782	1.653481e-07	0.04234403	0.059682086
priorregion3_spot_127	5.86722e-08	1.14656515e-07	0.019642215	0.22888194	1.2781325e-06	0.111894354	4.105279e-07	0.0002424704	0.0025001727	0.040468298	0.40055093	0.19581774
priorregion3_spot_128	4.1112436e-08	1.9843917e-07	9.799251e-08	6.94407e-08	0.009313586	0.023923058	0.21579897	8.6457895e-08	2.7113123e-07	0.24083751	0.34115216	0.16897403
priorregion3_spot_129	7.297238e-08	6.9412715e-07	0.019763336	0.17920943	2.8499414e-07	0.14653388	0.03764361	2.4547052e-08	8.254326e-08	0.034021765	0.41141722	0.17140965
priorregion3_spot_130	2.3311916e-08	4.384142e-08	0.0008627565	3.9643587e-07	8.858425e-08	5.63799e-08	1.9874115e-07	0.0068294005	0.5084726	6.061018e-08	0.48383412	2.3076592e-07
priorregion3_spot_131	0.00048876967	7.071358e-08	0.021839684	0.14398165	3.552768e-07	0.306917	7.574709e-07	3.7663813e-08	0.046010457	1.3460311e-07	0.48076048	5.584823e-07
priorregion3_spot_132	0.0101200165	1.4704344e-07	0.01669954	0.087325916	3.4176165e-07	0.0048194635	0.027866822	0.6637595	0.057997633	3.8837527e-07	0.07110145	0.060308732
priorregion3_spot_133	3.109043e-08	9.796346e-08	0.0195637	0.12166727	1.5016776e-07	1.0080562e-06	0.28367788	0.006831974	0.12132444	0.0045534554	0.30848935	0.13389058
priorregion3_spot_134	0.046833593	0.005338466	4.442605e-08	3.5452626e-08	1.2501971e-06	0.04867166	0.09407976	0.0027829262	0.11956347	0.049201693	0.44054836	0.19297874
priorregion3_spot_135	0.049181994	3.602028e-07	0.104031354	0.043651268	9.1873494e-07	0.065768294	0.065046586	2.2182526e-07	0.29889998	0.07374882	0.29966998	2.2891965e-07
priorregion3_spot_136	0.008878487	7.48659e-08	0.084313765	0.09436373	2.5932482e-07	1.9423069e-06	0.11651552	5.6599553e-08	0.12812413	0.0023631472	0.523691	0.04174786
priorregion3_spot_137	2.3816616e-08	5.3485916e-08	3.4902743e-07	0.0017004464	1.5610614e-07	1.4882536e-07	0.06489072	0.14588904	0.23111178	0.1355701	0.42083648	7.4533006e-07
priorregion3_spot_138	1.5739343e-07	1.4132696e-07	0.021866225	0.12085239	1.732404e-07	0.014943315	0.0023880478	0.39868197	0.08898903	6.499487e-08	0.22907585	0.12320267
priorregion3_spot_139	1.5934698e-07	8.627785e-08	8.5159805e-08	8.603841e-08	7.601023e-07	0.021345243	0.08661209	0.25045598	0.21602455	0.02409849	0.35886714	0.042595357
priorregion3_spot_140	1.9102051e-08	3.198179e-08	1.44725805e-08	1.1912634e-08	2.4209712e-07	0.4314606	0.45812872	1.9420565e-08	5.0448865e-08	1.512657e-08	0.10933536	0.0010750389
priorregion3_spot_141	5.6340224e-07	1.00164314e-07	0.12028478	0.57765263	1.8276081e-07	8.367283e-07	0.054120284	2.4844201e-08	0.0975196	1.9376463e-08	0.15042017	8.3039936e-07
priorregion3_spot_142	6.6632545e-08	6.175219e-08	4.7325665e-07	0.15887955	5.3784356e-07	1.1049441e-06	0.34847578	2.9857716e-08	0.058717877	0.11567311	0.3182482	3.1632119e-06
priorregion3_spot_143	3.1749101e-07	0.00543707	3.29832e-08	2.3639885e-08	0.13042904	0.0021909543	0.1336321	0.1220877	0.019655723	0.36949882	0.21705398	1.4193365e-05
priorregion3_spot_144	2.894759e-08	4.3716916e-08	0.08527873	0.4474232	1.4871159e-07	2.9448472e-07	0.14821284	7.826003e-08	0.23729144	0.08178614	6.6568778e-06	3.0213636e-07
priorregion3_spot_145	7.888685e-08	1.0453371e-07	0.014853975	0.05639882	7.794735e-08	0.052486584	3.857707e-07	0.37973768	0.081817545	6.3662725e-08	0.4147046	9.7962335e-08
priorregion3_spot_146	1.3843501e-07	1.0287295e-06	0.08147022	0.32359985	0.01854948	3.6417314e-06	7.5302734e-07	0.10684192	0.13149913	0.1335739	0.20445834	1.5513427e-06
priorregion3_spot_147	6.558105e-08	1.3721686e-07	0.0022931374	7.174361e-08	3.9315307e-07	6.6762993e-07	0.29076752	3.698731e-08	0.020478211	0.21147919	0.47497848	2.1393403e-06
priorregion3_spot_148	1.6541064e-08	4.2297817e-08	0.026100736	0.19381572	0.01646545	0.19624309	0.47072935	3.7018538e-08	7.651826e-08	0.09293516	9.223981e-06	0.0037010321
priorregion3_spot_149	1.8612909e-08	5.2136908e-08	6.086594e-08	5.588993e-08	7.0594615e-07	0.0067297416	0.5604677	4.384704e-08	5.161966e-07	0.07197974	0.36082122	1.7557672e-07
priorregion3_spot_150	0.000760804	1.411671e-07	0.02608243	0.051199183	1.5384353e-06	0.20185745	0.43498284	3.078145e-08	1.207495e-07	0.05728906	0.22782615	2.3503121e-07
priorregion3_spot_151	6.429223e-08	7.8255596e-08	5.0543505e-08	4.2928928e-08	0.0666372	0.011957528	0.07637457	0.3728116	0.048115384	0.07313248	0.286204	0.06476697
priorregion3_spot_152	4.702986e-08	7.905595e-08	0.028539686	0.0848118	7.035414e-07	0.50079757	0.064554475	4.3868518e-08	0.11013018	0.07457442	0.020172583	0.11641836
priorregion3_spot_153	2.746148e-05	1.5095866e-07	6.120728e-08	1.6446362e-06	2.2493877e-07	4.808507e-07	8.231551e-07	5.7315138e-08	0.06673057	2.2707967e-07	0.93323773	5.814693e-07
priorregion3_spot_154	1.0095697e-07	5.7412444e-07	0.0124788685	0.110088855	2.4779558e-07	3.8405494e-07	3.5707623e-07	0.20405595	0.26950765	0.06678954	0.3370766	7.973635e-07
priorregion3_spot_155	0.04195118	0.009961587	4.8141203e-08	8.950564e-08	0.10969302	0.13837232	0.0231763	1.1520312e-07	0.3515498	0.23775202	0.08753653	7.076083e-06
priorregion3_spot_156	4.024321e-07	0.0017616643	0.093053296	0.36953506	0.09192749	0.008034808	7.832577e-07	3.182462e-08	0.06497657	0.2504272	0.030426629	0.08985604
priorregion3_spot_157	2.8820028e-07	1.094603e-07	2.3636587e-06	0.16946751	1.9070036e-06	0.023733584	0.3328009	2.9686868e-08	0.056152813	0.14729072	0.1570331	0.11351665
priorregion3_spot_158	0.0035598755	0.009770994	5.3176063e-08	3.7369976e-08	3.2597984e-06	0.3278205	0.32961178	9.499053e-08	0.094549924	0.0766677	1.0702018e-05	0.15800513
priorregion3_spot_159	1.9965082e-08	4.8248996e-08	0.08227273	0.15477549	2.2898969e-07	0.40088487	0.1135632	2.8845818e-06	0.1284339	0.10109871	0.018967934	6.52921e-08
priorregion3_spot_160	3.119807e-08	4.365264e-08	6.600072e-08	3.093755e-08	4.3660947e-07	0.30859932	1.8410599e-07	0.028326083	0.66307366	1.1156466e-08	7.320007e-08	2.4921237e-08
priorregion3_spot_161	6.920507e-08	5.8035955e-08	0.06911826	0.20334661	5.2505465e-07	0.013530511	0.18335283	0.0029268719	0.36314785	4.2968384e-08	0.16457221	4.1120456e-06
priorregion3_spot_162	2.0110966e-07	1.5676227e-07	0.12486577	0.35790864	2.2712028e-07	2.4602312e-07	3.721179e-07	0.25653633	7.308197e-07	1.8578429e-07	0.011450535	0.24923652
priorregion3_spot_163	4.4915858e-08	1.5598913e-07	0.015126724	0.33254522	4.34264e-07	0.22116819	0.42477193	2.5374426e-08	1.810286e-07	2.7998752e-08	0.0063870563	8.2924124e-08
priorregion3_spot_164	0.024757165	0.010754317	7.9909185e-08	2.3631637e-07	1.354604e-07	9.871152e-08	3.3511668e-07	3.8985988e-08	0.18532592	1.8946717e-07	0.7791607	8.0415396e-07
priorregion3_spot_165	2.1874646e-08	6.3531125e-08	4.143132e-08	3.261005e-08	0.012312376	0.016577771	3.4567033e-06	2.2351804e-08	1.2124908e-06	0.027035905	0.7548399	0.18922919
priorregion3_spot_166	3.3024355e-07	0.002986774	0.06100473	0.17812407	0.04888411	0.01523209	0.09687352	0.10631961	0.08996791	0.29555932	0.105047315	3.0258872e-07
priorregion3_spot_167	3.4077996e-08	3.6888256e-08	0.054628383	0.23755518	3.3982562e-07	0.029931007	0.018912885	0.035552893	0.6227566	4.0653372e-08	0.0006625703	8.6065086e-08
priorregion3_spot_168	1.3507376e-07	1.0407737e-07	0.02699778	0.18919905	3.2328091e-07	0.3166563	0.14863259	4.2547637e-08	0.0711144	4.5278842e-08	0.17203058	0.07536863
priorregion3_spot_169	3.6404604e-08	5.548889e-08	0.008202915	0.2857256	0.033474345	0.015274698	0.23660351	3.226965e-08	2.2574321e-07	0.12675601	0.29396215	3.5998752e-07
priorregion3_spot_170	4.0754753e-07	1.416867e-07	0.07326076	0.25535873	1.5733708e-06	4.5958795e-06	0.247584	3.510245e-08	0.03508012	0.00065447204	0.17734753	0.21070747
priorregion3_spot_171	0.061389912	1.6573002e-06	0.045793135	0.14806977	2.6642795e-07	7.501479e-07	0.2645791	0.12111456	0.1692539	5.3894013e-08	0.13958119	0.050215796
priorregion3_spot_172	2.5692858e-08	4.1986578e-08	4.0503373e-08	2.688639e-08	1.5479173e-07	1.1593182e-07	1.0694829e-05	0.37649864	0.4336715	0.06773457	0.12208025	3.9202814e-06
priorregion3_spot_173	0.019294582	6.387586e-08	5.7837237e-08	7.079896e-08	2.9507777e-07	0.18092313	0.26420185	0.15384875	0.15141936	2.4119158e-08	1.6355392e-07	0.23031172
priorregion3_spot_174	7.5791554e-08	1.2285938e-07	0.2436763	0.7079027	0.042234026	1.7883812e-06	1.7283939e-07	4.2888527e-08	1.7323601e-06	5.091073e-08	8.5838576e-07	0.006182052
priorregion3_spot_175	0.0016880307	2.1284507e-07	4.363881e-08	4.3470752e-08	3.2271717e-07	3.1926368e-07	2.9610399e-06	0.1427361	0.4281325	1.0793036e-07	0.27475688	0.1526825
priorregion3_spot_176	5.9191112e-08	5.8290784e-08	0.013318926	0.15489273	1.99799e-07	0.121036805	0.111097135	4.3012278e-08	0.14853163	0.070285484	0.24023426	0.14060272
priorregion3_spot_177	0.02861226	0.0014288508	7.379614e-08	6.173072e-08	2.4471325e-07	4.4337006e-07	0.019959416	6.0835255e-08	0.1546747	1.1083631e-07	0.7953235	2.8126578e-07
priorregion3_spot_178	0.01948123	1.3090154e-07	0.07123957	0.38959554	5.2878084e-07	3.4032624e-07	2.5942054e-05	3.5738637e-08	0.29439583	6.710523e-08	0.21182676	0.013434001
priorregion3_spot_179	6.366583e-08	9.445829e-08	1.3329661e-06	0.00049832615	5.150858e-07	1.2261197e-05	0.26518038	4.2784728e-07	0.17619692	3.8685695e-07	0.43802395	0.12008529
priorregion3_spot_180	1.4849256e-07	5.662174e-07	0.021461066	0.06368312	0.097976856	0.03435271	0.01607717	1.5686693e-07	0.2030503	0.40013295	0.102535374	0.06072956
priorregion3_spot_181	6.026235e-08	2.0800812e-07	9.5055356e-08	5.297106e-08	1.4994996e-06	1.0212516e-06	0.016068902	0.40062064	0.007998967	0.1373451	0.43796244	1.062825e-06
priorregion3_spot_182	8.4706386e-08	1.4219664e-07	1.2837933e-07	9.4102745e-08	4.3700675e-06	2.2442848e-06	0.090194866	5.6333025e-08	0.0019018148	0.094663545	0.6967852	0.116447434
priorregion3_spot_183	0.0015150162	1.0918476e-07	4.653086e-08	4.4322007e-08	0.022304956	0.07216625	0.38106558	1.0083981e-07	0.0012605246	0.1937676	0.32791907	6.637427e-07
priorregion3_spot_184	6.607924e-07	7.176053e-07	0.022359632	0.08312369	8.6209826e-07	0.056828238	0.1354667	0.18112682	0.06732883	0.046104684	0.27888343	0.12877578
priorregion3_spot_185	3.3138797e-08	4.5547782e-08	0.024288518	0.29637825	1.1332476e-07	2.847824e-07	0.21902168	1.5032775e-08	7.914214e-08	5.1075045e-08	0.46031058	3.735895e-07
priorregion3_spot_186	0.002855709	8.069117e-08	0.053790342	0.41311568	1.0927774e-07	7.106104e-08	1.0518003e-07	0.3160459	3.7686125e-06	4.1147732e-08	0.2141868	1.4344802e-06
priorregion3_spot_187	3.3586026e-08	7.377624e-08	0.002729076	0.008440029	2.4903898e-07	3.5394956e-07	0.3177652	7.2509195e-08	0.0419792	0.002340261	0.03014673	0.5965987
priorregion3_spot_188	9.7917926e-08	1.8810503e-07	0.08199932	0.105895005	1.8360105e-07	6.0701944e-07	0.09872507	0.35322735	0.007001489	0.00085845473	0.07720412	0.2750881
priorregion3_spot_189	1.3176887e-07	1.6327856e-07	0.03069448	0.2040065	0.02706852	1.6286349e-05	0.27749774	6.5267265e-08	0.061732635	0.05779271	0.055047538	0.28614327
priorregion3_spot_190	9.0941505e-08	7.8862735e-07	0.0004223541	3.8446743e-08	3.700435e-07	6.136204e-07	0.056656722	0.42342842	0.05085062	0.18445039	0.23527451	0.048915092
priorregion3_spot_191	0.0073425756	0.0020000152	0.0023052641	9.7741264e-08	7.541201e-07	1.9738598e-06	0.51453704	0.20526214	0.17218843	5.646461e-08	6.3681824e-07	0.09636093
priorregion3_spot_192	4.678632e-08	5.3262063e-08	0.053984556	0.2998809	1.620564e-07	9.720577e-06	0.049451098	0.2797954	0.042734537	0.12287611	0.03931611	0.111951314
priorregion3_spot_193	1.2509477e-07	1.2440678e-07	0.0567664	0.17302144	1.8923471e-07	0.05745639	0.29785165	0.04794973	0.058265068	0.093951106	0.15581873	0.058918986
priorregion3_spot_194	9.49273e-08	8.147093e-08	0.07226187	0.32189676	3.8904778e-07	0.04464323	0.07605442	4.166404e-08	0.20613168	6.88918e-08	0.20036194	0.07864946
priorregion4_spot_1	0.041931853	0.35794574	0.006397383	4.8855895e-06	0.19151059	2.6782352e-06	0.07527233	1.4913984e-07	2.2156108e-07	0.22660601	0.091502115	0.00882595
priorregion4_spot_2	0.034340974	0.39775229	0.0016858078	1.5813913e-07	0.2687101	1.0410777e-05	0.027824424	1.8989498e-07	0.0076264893	0.16734499	0.09470318	9.943046e-07
priorregion4_spot_3	0.040702563	0.4582095	5.140406e-08	2.9718475e-08	0.25236773	0.053928412	2.3773217e-07	8.978093e-08	1.6442251e-06	0.15734895	0.03744031	3.1289096e-07
priorregion4_spot_4	2.5600744e-07	0.0016618237	2.9948186e-08	2.3844672e-08	0.16250439	0.011865632	0.2103653	0.0006441812	3.0325068e-06	0.30984002	0.27526927	0.027846018
priorregion4_spot_5	0.10152348	0.50510705	0.0031992395	1.449772e-07	0.27792674	0.07576085	0.016319389	4.0075165e-08	2.3721796e-07	1.2967165e-07	0.009068521	0.011094341
priorregion4_spot_6	0.021647422	0.18443885	0.00247934	5.3470625e-08	0.1511186	0.090582296	0.068668135	0.006214692	0.025781581	0.35709912	0.09196645	3.477144e-06
priorregion4_spot_7	0.034993634	0.44762164	2.2681448e-07	0.004555096	0.24598862	0.027026253	2.541463e-07	1.6781675e-07	0.04868713	0.18269105	0.007949586	0.00048641162
priorregion4_spot_8	0.12471229	0.5862449	8.206287e-08	1.5587634e-07	0.23827428	4.5283284e-07	1.267289e-07	0.005788832	0.024757834	0.003099823	0.014754626	0.002366662
priorregion4_spot_9	0.048835516	0.5103871	9.029314e-07	0.004820587	0.2515821	0.029860629	0.016592083	1.418371e-07	0.018013697	0.09646143	0.005046133	0.018399522
priorregion4_spot_10	0.049837507	0.44673237	0.00075686217	5.8784554e-08	0.3023306	5.04547e-06	1.2835273e-05	8.080941e-08	0.016291471	0.15128246	0.01953565	0.013215044
priorregion4_spot_11	0.07063524	0.5601017	0.011515619	0.0012233644	0.26567793	3.340214e-07	0.04972581	0.0012862451	0.0010040232	0.0074896244	1.215889e-06	0.031338926
priorregion4_spot_12	0.05463394	0.4953279	0.0051063076	0.00213889	0.30065596	3.2940858e-05	0.02055027	0.0022402185	0.0004357951	0.080844305	0.0051562213	0.03287721
priorregion4_spot_13	0.059848607	0.49340734	0.0048213485	1.3194493e-06	0.2873831	0.001992542	7.343331e-06	2.2076678e-07	0.02367516	0.09909665	0.02031052	0.009455831
priorregion4_spot_14	0.08515828	0.5112655	0.019124107	1.5295504e-07	0.2508683	1.9267238e-05	0.014293244	0.0035640833	0.007032003	0.058154695	0.05051958	7.1637567e-07
priorregion4_spot_15	0.043698043	0.41370544	0.0013474383	0.0008584058	0.23349874	0.0003147002	0.018269887	0.0013700152	0.008184195	0.20425525	0.06698853	0.0075093345
priorregion4_spot_16	0.033469472	0.40027124	0.01928714	2.1499304e-06	0.28448966	0.019422667	0.002383916	1.2538213e-07	0.020559425	0.18011065	0.026464324	0.013539162
priorregion4_spot_17	0.013957214	0.31216258	3.319475e-08	4.257271e-08	0.16321793	0.13930467	0.012858846	5.924463e-08	2.0747878e-07	0.29115307	0.044735488	0.02260987
priorregion4_spot_18	0.046749346	0.44313213	3.3093407e-08	5.4761195e-08	0.2738566	0.017982379	2.0097144e-07	1.278072e-07	2.4277665e-07	0.17330611	0.017602513	0.02737017
priorregion4_spot_19	0.057094265	0.5526317	1.7944166e-07	0.0059648287	0.2735771	0.02862414	0.01197327	0.0013612796	0.03461429	0.012472725	0.0031525958	0.018533554
priorregion4_spot_20	0.040898055	0.4718826	0.019830093	1.3936916e-06	0.29457557	0.0046390956	0.012676829	2.0198978e-07	0.015301358	0.0851333	0.041447565	0.013613971
priorregion4_spot_21	0.034605198	0.4600464	0.0006106173	0.0010955797	0.23776484	0.06268389	0.023348289	9.705003e-08	0.031007154	0.09341658	0.050840925	0.004580581
priorregion4_spot_22	0.05864648	0.5430085	8.140647e-08	3.691244e-08	0.2800035	8.324741e-07	5.001931e-07	9.810645e-07	0.0007599458	0.06907101	0.048508048	1.742185e-07
priorregion4_spot_23	0.022187011	0.3012801	0.021206059	1.2705867e-07	0.27876022	0.017654853	0.016719177	7.459384e-08	9.002155e-06	0.22252437	0.09657721	0.023081629
priorregion4_spot_24	0.049560275	0.31233773	0.034748938	1.3364199e-07	0.2460101	0.012212872	1.5884966e-06	0.0022458222	0.021296587	0.2558398	0.056338627	0.009407664
priorregion4_spot_25	1.6626444e-07	0.23022673	4.056958e-08	2.1034856e-08	0.1675279	0.12537149	0.0864552	5.574084e-07	1.383946e-06	0.28458294	0.105832994	5.072891e-07
priorregion4_spot_26	0.017676137	0.42849645	7.96306e-08	4.417389e-08	0.2590448	0.03843613	0.008210496	8.15826e-08	2.9546615e-07	0.18568914	0.032628838	0.029817563
priorregion4_spot_27	0.04320648	0.37132248	9.625221e-08	5.7700575e-08	0.2922274	0.049289457	0.031290982	5.5166502e-08	2.537729e-07	0.1479232	0.045161065	0.0195784
priorregion4_spot_28	0.046361476	0.3275882	0.018740023	2.3981963e-07	0.25558266	0.011562608	1.5631407e-07	2.8963955e-06	0.013441679	0.29814506	0.028209105	0.0003658016
priorregion4_spot_29	0.07288365	0.5014048	0.01766767	2.1812243e-06	0.27868974	0.021869102	8.302518e-05	0.0030241776	0.019367183	0.045719244	0.036615547	0.0026735906
priorregion4_spot_30	0.004560083	0.1758861	3.827087e-08	3.3045946e-08	0.25787517	0.025505735	6.7972826e-07	5.4375228e-08	0.0066916943	0.45730817	0.06804339	0.0041288454
priorregion4_spot_31	0.0657438	0.50658363	0.021829389	3.2072253e-07	0.27219597	0.0025948805	3.922313e-07	9.588023e-08	0.017152965	0.098333545	0.013002686	0.0025623254
priorregion4_spot_32	0.021828035	0.30013806	0.0006140254	5.918315e-07	0.23470426	0.04058644	0.012157611	9.5780194e-08	0.0098016765	0.3022698	0.07778737	0.00011204182
priorregion4_spot_33	0.07438728	0.5370381	0.0032540641	6.817879e-07	0.26338094	0.0004168536	1.5187151e-06	0.0022030817	0.024847887	0.076268785	0.013297477	0.004903309
priorregion4_spot_34	0.027307678	0.27488467	3.3612957e-07	0.0040943436	0.23965935	0.011283567	3.1917614e-07	3.5828755e-08	0.0054964805	0.39393088	0.043339282	3.0904189e-06
priorregion4_spot_35	0.045785006	0.39533147	0.027822163	1.4866069e-07	0.2329883	0.055345304	0.017852575	0.0021392403	0.020049876	0.14099158	0.0591577	0.0025365076
priorregion4_spot_36	0.018260807	0.22144237	3.8796543e-07	0.0021446792	0.232688	0.016144853	0.051155083	5.5224543e-08	0.0027110572	0.35036442	0.09687517	0.008213126
priorregion4_spot_37	0.014793238	0.29594517	5.782827e-08	3.9120717e-08	0.24842024	0.027552558	0.058557313	7.344541e-08	8.265469e-07	0.20865	0.14607692	3.4076265e-06
priorregion4_spot_38	0.036044937	0.43019804	0.0016771704	3.403243e-07	0.26797047	0.040626142	1.5213213e-06	3.4279296e-07	0.029573122	0.15783222	0.018247958	0.017827725
priorregion4_spot_39	0.051504686	0.41943946	0.018887755	1.2266023e-07	0.2755828	0.00012853826	0.04218992	1.3735604e-07	1.7004729e-06	0.09900501	0.093248725	1.1099927e-05
priorregion4_spot_40	0.03366706	0.39090753	0.019155651	1.4747077e-07	0.2568659	0.0030541925	0.06395136	1.1905262e-07	0.0038336597	0.12519224	0.09112593	0.012246215
priorregion4_spot_41	0.05980488	0.47001925	4.8946347e-08	5.941921e-08	0.22881371	0.04111989	2.697974e-07	0.0022089074	0.017670678	0.14976153	0.01772818	0.012872589
priorregion4_spot_42	0.07442953	0.52390826	0.0072826743	4.9991576e-07	0.27253023	0.013112875	0.035786144	5.5088924e-07	2.4733814e-07	0.027381763	0.04494037	0.00062686467
priorregion4_spot_43	2.3084424e-07	0.16965827	3.4536466e-08	3.380339e-08	0.21950212	0.043109786	1.6126448e-07	2.8693304e-08	0.0062874914	0.5047164	0.05672479	5.5483304e-07
priorregion4_spot_44	0.08048924	0.53565174	0.022573808	0.010371757	0.27700758	1.2048988e-05	2.1809343e-07	0.003889108	0.04749343	0.0073644267	0.009356639	0.005789993
priorregion4_spot_45	0.014524341	0.50058013	2.716168e-07	7.8497656e-08	0.31415004	0.032406025	1.0131785e-06	0.0011381728	6.035161e-07	0.068182044	0.04404521	0.024972089
priorregion4_spot_46	0.021394096	0.26838097	0.00036396342	1.10986036e-07	0.24034163	0.06015423	0.07239849	3.9008864e-08	2.1193217e-07	0.22957185	0.10739337	1.0010993e-06
priorregion4_spot_47	0.075062215	0.5130747	0.00030175823	5.5790437e-08	0.26802176	1.4816299e-06	1.279315e-07	0.002326578	0.02351994	0.09761569	0.012177736	0.0078978725
priorregion4_spot_48	0.03691207	0.4340944	0.0007411644	7.435621e-08	0.2907776	0.0023335225	0.0010819475	0.0034847376	0.016370669	0.17163986	0.024103012	0.01846109
priorregion4_spot_49	0.02121716	0.22983055	0.0011990932	5.52497e-08	0.20754042	0.058134142	0.0020006439	2.3331647e-07	0.013432649	0.40544415	0.061169792	3.1203308e-05
priorregion4_spot_50	0.06062917	0.47126013	0.0014208654	5.46919e-06	0.26561815	0.016993975	2.2092954e-07	0.004036199	0.01731857	0.13119997	0.0313592	0.00015809914
priorregion4_spot_51	0.008779107	0.30314323	6.21647e-08	1.1304853e-07	0.28127584	2.3012356e-06	0.03880729	1.5468524e-07	1.1829262e-06	0.28484395	0.048127923	0.035018828
priorregion4_spot_52	0.03748257	0.42786703	0.0024331373	1.0327302e-07	0.22800337	0.045546595	9.1955303e-07	1.9859603e-07	0.028167183	0.1969101	0.033587065	1.7955409e-06
priorregion4_spot_53	0.025493547	0.31679794	5.598196e-08	3.5690604e-08	0.28264666	0.011323248	4.8475783e-07	1.1356832e-07	3.491307e-07	0.3053765	0.009595321	0.04876576
priorregion4_spot_54	0.041169148	0.41694915	0.0022671747	2.538855e-07	0.2650891	3.07015e-05	3.3799472e-07	0.0014320374	0.011262105	0.237869	0.023234839	0.0006961266
priorregion4_spot_55	0.034384616	0.29270563	0.0018873874	3.8016697e-08	0.2226635	0.057065416	0.030372635	0.0023119077	0.013872869	0.28714865	0.057586145	1.2259176e-06
priorregion4_spot_56	0.03375212	0.42880487	0.0032365024	1.2384196e-06	0.24702469	0.0057184836	0.025041943	2.722126e-07	0.0041482314	0.18610555	0.065475844	0.00069033
priorregion4_spot_57	0.08063998	0.574271	6.569223e-08	5.2241713e-08	0.31327122	2.7478145e-05	3.9193569e-07	4.7653273e-07	0.006150699	0.0022402885	0.010968985	0.012429143
priorregion4_spot_58	0.03573741	0.33041558	2.035396e-08	1.1983158e-08	0.2831179	0.010143904	0.016886307	7.0881796e-08	3.9670397e-07	0.2575925	0.06610573	1.2756985e-07
priorregion4_spot_59	0.111737065	0.56317836	0.048804153	5.166704e-07	0.25924882	4.868297e-07	1.694006e-07	2.9499924e-07	0.008938676	0.00039215985	0.0076991087	1.849493e-07
priorregion4_spot_60	0.095804974	0.5857022	9.568154e-08	4.0904948e-07	0.26718798	6.2500095e-07	2.3063751e-07	0.01172495	0.014514732	0.0016953443	0.015063626	0.008304888
priorregion4_spot_61	0.016183075	0.46851376	1.2993992e-07	3.453607e-08	0.30292463	0.0012850377	3.6241584e-06	2.8906702e-06	4.948286e-07	0.11398954	0.082298264	0.014798605
priorregion4_spot_62	0.06062396	0.4659282	0.011886701	0.0010630589	0.24430257	0.0049289307	0.0636151	4.3377872e-07	0.0012798825	0.11381127	0.013618588	0.018941173
priorregion4_spot_63	0.050416153	0.4693106	1.7682773e-07	5.0834267e-08	0.25540426	0.04352858	0.010364957	1.0884708e-07	3.2340145e-07	0.14012565	0.023942262	0.0069068614
priorregion4_spot_64	0.054221533	0.59021926	5.891459e-08	4.066618e-08	0.27700335	1.4116457e-06	0.05163529	1.5976909e-07	5.033318e-07	2.0721754e-07	0.0093241045	0.017594118
priorregion4_spot_65	0.046242993	0.3622365	0.0007146329	5.532268e-08	0.2533541	0.045142412	0.08590828	4.4080693e-08	2.5957337e-07	0.16256118	0.043836027	3.5344929e-06
priorregion4_spot_66	0.051944952	0.38235676	2.8349648e-08	2.8187785e-08	0.20435499	0.032683536	0.04624335	6.776141e-08	2.5553945e-07	0.218242	0.064173415	5.3679e-07
priorregion4_spot_67	0.05139465	0.41853958	0.0016686495	4.5820485e-07	0.26631925	0.00058514485	0.049331486	8.639802e-08	3.4592097e-07	0.10988942	0.102246955	2.4054767e-05
priorregion4_spot_68	0.016666938	0.23627083	5.056676e-08	2.6839281e-08	0.21303962	0.019244073	0.07752731	6.2753365e-08	4.1030418e-07	0.280568	0.15668057	2.0778064e-06
priorregion4_spot_69	0.077342965	0.40197703	0.046852827	1.9908785e-07	0.24262774	0.0031841558	0.0030146013	0.00567246	0.036932126	0.117735445	0.06127595	0.0033845408
priorregion4_spot_70	0.057056002	0.51479775	0.0028965976	5.2913003e-07	0.29813558	0.0105911875	7.111578e-05	0.001740123	8.188234e-07	0.068494044	0.02858688	0.01762935
priorregion4_spot_71	0.03635891	0.36399975	0.0014961394	0.00030315318	0.25267342	7.5203934e-06	0.09178338	5.2487348e-08	5.6356305e-07	0.13734278	0.10364576	0.012388541
priorregion4_spot_72	0.065868296	0.5548166	1.5189848e-07	0.0046534617	0.26863807	0.03735382	2.0302481e-05	0.0023549232	0.034304198	0.008113971	0.00795619	0.01592012
priorregion4_spot_73	0.038864005	0.44745788	4.0013845e-07	4.379698e-08	0.26264888	0.00611984	0.0029638212	9.941033e-08	4.3527083e-07	0.16927594	0.071104184	0.0015643704
priorregion4_spot_74	0.05799079	0.4536403	0.016172556	1.142983e-07	0.27544942	0.005219617	0.012086956	0.0027144758	0.009717049	0.116477266	0.04746692	0.003064519
priorregion4_spot_75	0.02800208	0.30999207	0.0011229122	3.9185927e-08	0.22003685	0.0015933326	0.027779356	0.001032774	1.1117819e-07	0.27830482	0.13213524	3.8741075e-07
priorregion4_spot_76	0.046659928	0.4037549	0.0034281397	8.441552e-07	0.2543298	0.010944117	0.06475845	1.8951555e-07	6.1702815e-07	0.14027725	0.06750232	0.008343468
priorregion4_spot_77	0.0662762	0.5763893	0.025407106	0.0009886964	0.30348304	0.005149899	4.9880504e-07	0.0036473833	2.0441103e-06	1.096567e-06	0.006269796	0.012384932
priorregion4_spot_78	0.062221237	0.40014777	7.0387428e-06	0.0034402134	0.2199977	3.2329422e-06	0.035196558	0.0032782503	0.0074155037	0.18401296	0.07440303	0.009876421
priorregion4_spot_79	0.013225707	0.23208208	2.1906917e-08	2.5368275e-08	0.21296181	0.052027866	9.857845e-08	1.8830947e-07	0.008236989	0.44201148	0.039453007	8.177922e-07
priorregion4_spot_80	0.1085842	0.50687176	0.12272744	4.6238557e-07	0.25304323	5.1660766e-07	5.29249e-07	7.4988213e-07	8.232841e-07	7.44968e-08	0.0077783377	0.0009920342
priorregion4_spot_81	0.042125884	0.46026236	0.019473797	2.36006e-07	0.25999796	0.017744208	0.0153923575	1.8175846e-06	0.006284072	0.11583279	0.06288004	4.5873344e-06
priorregion4_spot_82	0.045990232	0.39092726	0.026891217	2.730558e-07	0.26419297	0.051876888	7.603889e-07	1.1639646e-07	5.356226e-07	0.18030073	0.020890003	0.01892909
priorregion4_spot_83	6.575924e-07	2.0974998e-07	0.027076831	2.8819127e-07	0.2052665	0.006519468	2.416123e-07	0.010739432	0.05810906	0.6450588	0.047227938	5.8802954e-07
priorregion4_spot_84	0.020906415	0.34644186	0.00091569027	2.3111636e-06	0.236403	0.06686941	0.011336777	9.664479e-08	0.017707283	0.24289227	0.044990018	0.011534871
priorregion4_spot_85	0.06305821	0.51305884	0.004174265	0.00054292014	0.27867207	0.012411282	6.81427e-07	0.0032413073	6.616451e-07	0.09453686	0.016917575	0.013385248
priorregion4_spot_86	0.04470675	0.38873845	0.02040108	2.3783673e-07	0.24266462	0.0008764039	0.054005966	2.0472321e-07	8.177791e-07	0.15682891	0.08655868	0.0052178707
priorregion4_spot_87	0.022004224	0.32020757	5.0684587e-08	4.8036156e-08	0.2965835	1.5637372e-06	0.073684916	7.344548e-08	4.62764e-07	0.11716997	0.118134275	0.052213397
priorregion4_spot_88	0.0681001	0.5220776	5.18035e-07	5.0764378e-08	0.2852318	0.09147481	5.5627834e-07	6.1503144e-08	4.90972e-07	0.006393583	0.0052860533	0.02143435
priorregion4_spot_89	0.0700948	0.43879375	0.02461245	0.00023429062	0.27324995	4.483793e-05	2.846394e-07	0.0030385596	0.013034829	0.14769061	0.012988504	0.016217235
priorregion4_spot_90	0.05328343	0.4074774	0.019263363	1.3461986e-06	0.24956502	0.022148445	9.886838e-07	0.001432537	0.03632941	0.17902832	0.03043154	0.0010381824
priorregion4_spot_91	0.0329029	0.45908976	0.0017652273	0.0011683853	0.26805457	0.014918837	0.004990387	0.0010281769	0.03722956	0.13634339	0.027827485	0.014681343
priorregion4_spot_92	5.805754e-07	0.13690351	4.4014786e-08	4.5565752e-08	0.23893334	0.0052743857	1.4422456e-07	2.9579393e-08	0.010712558	0.55200046	0.05617448	3.946718e-07
priorregion4_spot_93	0.07181192	0.4420366	0.04764266	1.02584515e-07	0.23934808	0.016771484	1.9291328e-07	0.0018596479	2.4998374e-07	0.15256052	0.027967384	1.1034754e-06
priorregion4_spot_94	0.049415257	0.40941098	0.0012645568	2.3578094e-07	0.23849168	2.5201589e-05	0.03316113	0.0013072443	0.019870432	0.19635144	0.040099613	0.010602179
priorregion4_spot_95	0.04625649	0.4502775	0.0032144212	5.0091523e-07	0.26176375	0.015702022	0.04589818	3.7261842e-07	3.1819832e-07	0.09780217	0.06989823	0.009186068
priorregion4_spot_96	0.04827639	0.46223962	6.056462e-08	6.5901126e-08	0.22076303	0.061026525	4.82188e-07	0.0046693613	0.019877471	0.1466387	0.034004513	0.0025037604
priorregion4_spot_97	5.6618245e-07	0.22527173	6.872577e-08	4.3260016e-08	0.20957953	0.075998634	0.015499385	1.4431811e-07	3.2758362e-07	0.3217171	0.15193167	7.7187184e-07
priorregion4_spot_98	0.0520686	0.42600495	8.434479e-08	6.0085846e-08	0.28268063	0.012293552	4.4325643e-06	0.0033335094	0.007204968	0.16607906	0.034684237	0.015646018
priorregion4_spot_99	0.0437096	0.37254706	0.014916362	5.739375e-07	0.27202025	0.0040943422	1.6232138e-06	2.692534e-07	0.02103954	0.24665447	0.024942284	7.3582734e-05
priorregion4_spot_100	0.05022454	0.48363954	0.0012846098	1.3921196e-07	0.28289816	0.00083761173	0.013342388	1.237254e-07	9.968724e-07	0.11846129	0.04930754	3.05952e-06
priorregion4_spot_101	0.09836444	0.5950897	9.87915e-08	8.7277705e-08	0.2645575	2.8401494e-06	1.4601791e-07	0.009381779	0.01239736	0.0033314573	0.014112087	0.0027625302
priorregion4_spot_102	0.076992705	0.4610116	0.028911175	1.5898166e-07	0.23204349	6.398358e-06	1.8521725e-06	0.002490295	0.009350106	0.13543609	0.053751133	4.976253e-06
priorregion4_spot_103	0.03372532	0.5754909	1.3206105e-07	1.15464346e-07	0.33117875	0.017737126	1.5697992e-07	0.0030726448	3.493776e-06	0.0018473611	5.784941e-07	0.03694326
priorregion4_spot_104	0.05213031	0.5118392	0.0017499182	1.6485718e-07	0.26512793	0.019084733	2.6112673e-07	1.0250184e-06	0.011768931	0.1063844	0.031912528	6.1300614e-07
priorregion4_spot_105	0.06758923	0.4267231	6.4121963e-07	0.0026407684	0.24096	0.02183772	0.035568345	0.0011790822	0.010725545	0.14131044	0.0371591	0.014305914
priorregion4_spot_106	0.067160204	0.46667707	3.3647776e-08	2.96346e-08	0.30016223	1.9574018e-06	1.8822902e-07	0.0034410292	0.011842674	0.10100991	0.030586181	0.0191184
priorregion4_spot_107	0.018356403	0.3025073	3.3973132e-07	0.0017723675	0.24376337	0.013691831	0.0727144	7.3394936e-08	3.1629278e-07	0.20961148	0.10726918	0.030312832
priorregion4_spot_108	0.04255827	0.38133052	0.032498363	2.4026633e-07	0.2715871	0.027108388	0.016846986	1.5319248e-06	7.340517e-07	0.15180543	0.073960505	0.0023019242
priorregion4_spot_109	0.050114404	0.45430496	0.000399481	5.2895657e-06	0.26578918	0.0046397564	0.03298431	1.7980203e-07	0.010361265	0.107211314	0.05854532	0.015644472
priorregion4_spot_110	0.065504506	0.5280943	1.0986818e-07	3.8567745e-08	0.28316745	3.0254341e-06	1.4617581e-07	0.0013017735	1.1774188e-06	0.101480484	0.014000798	0.0064461427
priorregion4_spot_111	0.034478642	0.4109604	5.942788e-07	0.0022191599	0.26957625	0.007211183	0.06792529	1.5368859e-07	4.992078e-05	0.09789525	0.0821981	0.027485045
priorregion4_spot_112	0.051363327	0.48768345	0.0011071482	3.8315088e-07	0.3054625	0.019731665	4.6119956e-07	2.679395e-07	0.016897554	0.07950485	0.022103231	0.01614509
priorregion4_spot_113	0.038259525	0.4762721	7.104376e-08	5.85334e-08	0.25087282	0.028460993	1.3058261e-06	0.0042478433	0.0145446425	0.1412215	0.046030693	8.848703e-05
priorregion4_spot_114	0.08367775	0.5103272	0.02210762	1.8986846e-07	0.28411555	1.510061e-05	2.613272e-07	0.00049680774	0.015113718	0.05067382	0.03235533	0.0011166929
priorregion4_spot_115	0.04927579	0.46315897	3.379211e-08	3.848894e-08	0.26450077	0.009488463	0.022982098	0.0032396838	0.023895957	0.1217708	0.03561358	0.0060738646
priorregion4_spot_116	1.938557e-07	0.23476997	2.7609499e-08	2.3354913e-08	0.26056626	0.05239739	0.05565574	1.1215685e-06	0.0020276376	0.30739215	0.059499305	0.027690278
priorregion4_spot_117	0.063407935	0.46992108	0.024094373	4.818099e-07	0.2574222	5.7518613e-05	9.758573e-07	1.6662436e-07	0.024511501	0.1446982	0.013211309	0.0026741745
priorregion4_spot_118	1.7055237e-07	0.23476818	2.5606983e-08	3.71255e-08	0.2605546	0.052401423	0.055658106	1.3504037e-06	0.0020273863	0.30736694	0.059529316	0.02769251
priorregion4_spot_119	0.056152526	0.528599	0.032051772	0.0074960114	0.2941737	0.009569746	1.9087058e-07	2.4800434e-07	0.043088987	0.013578282	0.0074486006	0.007840957
priorregion4_spot_120	0.038601376	0.437602	7.2548644e-08	5.9386227e-08	0.27663013	2.7274142e-05	0.015954169	0.005537656	0.014471739	0.12814566	0.06736461	0.01566518
priorregion4_spot_121	0.09013634	0.59050775	0.0005732493	4.5874778e-08	0.2890234	0.015656114	2.7874083e-07	7.079642e-08	0.012906967	0.0011785941	1.6931603e-05	2.8186116e-07
priorregion4_spot_122	0.022406196	0.28470215	6.0741365e-07	0.00393303	0.22301908	6.3462467e-06	0.1342993	4.7088793e-08	3.3460162e-07	0.17511283	0.12802373	0.028496243
priorregion4_spot_123	0.0077312123	0.30073932	8.664252e-08	5.2159734e-08	0.19210899	0.057697363	0.092182346	2.3146744e-07	1.0222777e-06	0.21795678	0.10235573	0.029226942
priorregion4_spot_124	0.060115956	0.5112841	8.634418e-07	0.00080246956	0.29220128	0.012097916	1.3459335e-06	0.001146703	0.02709075	0.070718005	0.0084920935	0.016048547
priorregion4_spot_125	0.046502355	0.44616014	0.0032329503	0.0022592444	0.28219196	0.0076976107	0.04150887	5.793337e-07	4.1919708e-07	0.09094904	0.054527342	0.024969477
priorregion4_spot_126	0.04829214	0.4246359	0.017769132	1.7273106e-07	0.27203414	0.039260015	0.0025521612	2.051532e-07	0.00790764	0.12826495	0.05927439	9.169708e-06
priorregion4_spot_127	0.048041962	0.46065542	0.0017668557	2.9838475e-07	0.24603276	0.025297549	0.018047227	0.0029648293	4.841448e-06	0.13341156	0.06376524	1.1566114e-05
priorregion4_spot_128	0.010013221	0.20609365	1.4544818e-07	2.905486e-08	0.21494026	4.214586e-07	0.1439679	2.9954926e-08	1.4003011e-07	0.21728149	0.19200747	0.015695302
priorregion4_spot_129	0.067981154	0.49885622	2.7366576e-07	7.038695e-08	0.29048246	0.0039226585	0.012774139	1.6676937e-07	0.0066112457	0.0852809	0.034090262	3.7577382e-07
priorregion4_spot_130	0.050449617	0.37070072	0.0173603	2.962955e-07	0.24382333	0.018376736	1.4986387e-07	0.0015103017	0.0116001265	0.26311475	0.022547314	0.00051633385
priorregion4_spot_131	0.028528446	0.33717397	0.0015464898	2.4891298e-07	0.26732498	0.0335052	0.0029426883	1.02014575e-07	0.01304383	0.27531394	0.039432775	0.0011872598
priorregion4_spot_132	0.05368665	0.43703943	0.0021092095	0.0017927906	0.28809476	0.0001303245	8.222381e-06	1.8422622e-07	0.0019423431	0.19545056	0.010636203	0.009109364
priorregion4_spot_133	0.030460311	0.45467246	0.0028906795	5.3549115e-08	0.26149502	0.03626052	6.242158e-07	0.0009911278	0.016557923	0.16411904	0.032546733	5.5932987e-06
priorregion4_spot_134	0.055873793	0.4982465	7.156725e-07	1.137514e-07	0.26938087	0.027106564	0.007839265	0.0024442275	4.286241e-07	0.0707256	0.06838143	4.971116e-07
priorregion4_spot_135	0.047188547	0.4976908	2.1524295e-08	2.4561269e-08	0.27648	0.021108214	5.321392e-07	4.9714487e-08	1.4392963e-06	0.10317981	0.05435032	1.8857057e-07
priorregion4_spot_136	0.036884252	0.42537314	0.0021807626	2.6368872e-07	0.253311	0.046349917	0.031290226	5.588477e-07	0.01056237	0.13123454	0.06281232	6.994223e-07
priorregion4_spot_137	0.026239684	0.37132296	0.0014282836	4.634742e-08	0.22851226	0.048947264	0.0062249363	0.00064852356	0.010283473	0.25531355	0.045299914	0.0057791513
priorregion4_spot_138	0.034040615	0.3963417	0.0014416259	1.2219675e-07	0.25369102	0.03757131	0.029829584	2.0318991e-07	0.0040657646	0.1698565	0.07315989	1.6476762e-06
priorregion4_spot_139	0.066547886	0.49314097	9.325777e-07	0.0025816495	0.26183805	0.034729708	0.022850536	0.0017126524	0.013124092	0.065213524	0.026325209	0.011934751
priorregion4_spot_140	0.06096778	0.4996072	0.020361384	0.0008199201	0.28861704	0.018300893	0.01790814	3.1492587e-07	0.007918785	0.049682546	0.021403428	0.014412605
priorregion4_spot_141	0.036171805	0.26757535	0.0051786816	4.6946685e-08	0.22129537	0.007550159	0.06141905	1.248422e-07	0.01158546	0.29343057	0.09579266	5.7546606e-07
priorregion4_spot_142	0.06457415	0.5332477	0.0034915255	0.0029661204	0.29077098	0.00636605	0.023488937	0.0013214527	0.009335161	0.027757974	0.031198723	0.0054810643
priorregion5_spot_1	0.5221213	1.2370455e-06	0.096863165	0.37802246	1.7144448e-07	1.6053284e-07	1.8199947e-07	2.2410212e-08	9.7119006e-08	1.9189232e-08	1.0443517e-07	0.002991243
priorregion5_spot_2	0.62868285	2.8895977e-06	0.046943065	0.32339785	1.3688e-07	1.0858666e-07	1.2795093e-07	5.726578e-08	1.9357124e-07	5.8921703e-08	1.1543269e-07	0.00097242143
priorregion5_spot_3	0.31784856	3.8713932e-07	0.16771463	0.50489956	4.0513515e-07	2.8528484e-07	9.422669e-07	3.879879e-08	0.007719056	4.667059e-08	0.001814268	1.8293266e-06
priorregion5_spot_4	0.44352227	7.963759e-07	0.13124183	0.3289675	1.788377e-07	1.4268541e-07	2.2668875e-07	2.7611243e-06	0.0021345126	6.13267e-08	2.8993696e-07	0.094129324
priorregion5_spot_5	0.9974895	6.409067e-07	2.3624981e-08	3.2940772e-08	0.0025071197	3.173168e-07	1.4061038e-07	8.989584e-08	1.5137608e-06	4.0703025e-08	2.1084804e-07	3.8597528e-07
priorregion5_spot_6	0.39148343	5.732688e-07	0.1118934	0.43010277	6.247421e-07	9.383266e-07	0.0617787	5.3280793e-08	6.21254e-07	6.470031e-08	5.3260135e-07	0.0047383206
priorregion5_spot_7	0.5847045	1.0625205e-06	0.055110257	0.25603133	2.4377437e-07	1.6160696e-07	2.1805269e-07	4.6526846e-08	2.0723893e-07	6.440646e-08	2.2180879e-07	0.104151614
priorregion5_spot_8	0.99999875	6.575345e-07	1.825219e-08	1.4989707e-08	1.1897934e-07	8.237937e-08	1.6894072e-07	3.550623e-08	7.341292e-08	2.2632443e-08	6.5435444e-08	6.1712505e-08
priorregion5_spot_9	0.98629767	3.8290645e-07	0.013700385	5.1355357e-08	4.825942e-07	5.27732e-07	1.0474988e-07	4.2881037e-08	1.8686507e-07	3.1353785e-08	4.685382e-08	5.5669627e-08
priorregion5_spot_10	0.3087704	4.3418945e-07	0.15527666	0.5357091	5.6593433e-07	2.6002493e-07	2.3125853e-07	2.955286e-08	8.948084e-07	4.8221445e-08	0.00024044112	7.4851357e-07
priorregion5_spot_11	0.61269903	4.7211844e-07	0.06080843	0.31590423	4.1021497e-07	3.0680533e-07	5.365016e-07	3.7357584e-08	3.9779005e-07	3.1724948e-08	0.010585993	2.0778585e-07
priorregion5_spot_12	0.66138166	5.7576796e-07	0.025712872	0.310824	1.1175455e-06	3.6083483e-07	0.0007903578	6.789983e-08	3.5934107e-07	5.5244094e-08	0.0012882245	3.2987043e-07
priorregion5_spot_13	0.5990179	1.2157144e-06	0.040918935	0.1274628	3.2138996e-07	0.1725053	0.060093142	3.3567343e-08	2.2064896e-07	1.7200769e-08	9.082154e-08	1.0057041e-07
priorregion5_spot_14	0.5459449	2.7729754e-07	0.05714819	0.39690316	5.0683025e-07	2.7233958e-07	3.9717398e-07	4.976203e-08	1.9066776e-07	2.8280786e-08	3.9975413e-07	1.5456595e-06
priorregion5_spot_15	0.45600036	3.397874e-07	0.1316014	0.41083583	1.3553692e-07	1.9465158e-07	1.1065195e-07	2.8050446e-08	6.656012e-08	2.5814192e-08	9.621896e-08	0.0015613268
priorregion5_spot_16	0.42023426	6.8845884e-07	0.09733082	0.36263502	4.337288e-06	2.6807243e-06	0.005836983	2.9771567e-08	2.9546936e-06	6.251866e-08	3.3660713e-06	0.11394872
priorregion5_spot_17	0.9855807	2.912497e-06	1.60128e-07	5.9563412e-08	3.3087633e-07	3.944138e-07	0.014414174	2.8567393e-07	7.761054e-07	1.1246435e-07	5.4269137e-08	9.523762e-08
priorregion5_spot_18	0.99584115	2.1031235e-07	6.325051e-08	0.004154533	4.633159e-07	8.947104e-08	3.0803285e-08	3.613506e-08	2.0394033e-07	4.102213e-08	2.9664873e-08	3.1916502e-06
priorregion5_spot_19	0.57666224	1.600248e-06	0.11983049	0.22282718	6.293397e-07	0.08067574	3.8120226e-07	2.5269637e-07	3.0074995e-07	6.101808e-08	6.335209e-07	3.9099993e-07
priorregion5_spot_20	0.7648413	1.7768299e-06	0.053768374	0.17921618	7.0779527e-07	6.785556e-07	5.5647424e-06	6.110466e-08	6.1642146e-07	3.745242e-08	1.5108996e-07	0.002164604
priorregion5_spot_21	0.378496	3.193458e-07	0.09337419	0.45461705	6.199635e-07	0.0013816494	0.058447152	8.763381e-08	0.013677604	1.07617744e-07	4.2061157e-07	4.957714e-06
priorregion5_spot_22	0.58621615	1.5805617e-07	0.06611635	0.3450578	2.5922597e-07	3.436099e-07	2.0506681e-07	3.8384538e-08	3.1246432e-07	5.2294986e-08	1.5032748e-07	0.0026081887
priorregion5_spot_23	0.15025751	4.9930463e-08	0.2532028	0.59644324	1.5166685e-07	2.8939593e-07	1.8104276e-07	1.3338461e-08	2.1745629e-07	1.7657836e-08	1.1189467e-07	9.5454e-05
priorregion5_spot_24	0.47246233	3.2374507e-07	0.046051145	0.45416665	2.938235e-07	2.9480384e-07	0.022541074	2.1611516e-08	4.5108516e-07	3.3773432e-08	0.004775586	1.8179989e-06
priorregion5_spot_25	0.89829874	1.9628112e-06	0.007567313	0.042107232	9.616452e-07	0.05202313	1.7109922e-07	2.6155787e-08	3.5239606e-07	2.2565581e-08	7.8678795e-08	7.506439e-08
priorregion5_spot_26	0.72140193	3.7474058e-07	0.016911473	0.14405376	1.9733854e-07	1.0102019e-07	7.646697e-08	5.5062728e-08	1.151404e-06	6.539597e-08	1.5097181e-07	0.11763074
priorregion5_spot_27	0.99429387	0.0057045356	1.6158294e-08	1.4340693e-08	4.433666e-07	7.7625134e-07	4.5891817e-08	3.8187128e-08	1.1392549e-07	4.213419e-08	3.4309096e-08	2.8472119e-08
priorregion5_spot_28	0.3291844	5.9488167e-07	0.09714648	0.45787832	7.4711835e-07	1.0082747e-06	0.034106832	4.108382e-08	7.786418e-06	4.922226e-08	4.1004223e-06	0.081669636
priorregion5_spot_29	0.99999857	4.983721e-07	1.347816e-08	1.1744396e-08	1.4389805e-07	4.1365e-07	6.418744e-08	2.327245e-08	1.288914e-07	2.5591932e-08	4.467625e-08	6.0810876e-08
priorregion5_spot_30	0.7228913	0.0058846436	0.06197934	0.2091764	4.1755158e-07	2.6938002e-05	2.0862092e-07	3.807954e-08	3.940314e-05	4.432735e-08	6.306185e-08	1.307065e-06
priorregion5_spot_31	0.65900356	2.6175556e-07	0.049662173	0.28492662	2.0254568e-07	1.5243175e-07	1.196116e-07	3.4449968e-08	9.748415e-08	1.640989e-08	4.662167e-08	0.006406692
priorregion5_spot_32	0.7161662	1.5962305e-06	0.044094127	0.23973581	6.6302255e-07	1.4839613e-07	2.0539099e-07	1.7688421e-08	2.428812e-07	2.7535563e-08	9.042847e-08	1.0383618e-06
priorregion5_spot_33	0.9601173	2.2627003e-07	3.4350677e-08	3.6929666e-08	0.012545642	4.0888693e-07	3.8302383e-07	5.782633e-07	0.027334362	2.1320611e-08	7.400944e-08	9.0263114e-07
priorregion5_spot_34	0.7679909	4.3065646e-07	0.015645586	0.2163583	1.807169e-07	7.9273796e-08	3.9735414e-06	5.7649874e-08	3.8611097e-07	1.5173107e-08	4.9454865e-08	5.8053892e-08
priorregion5_spot_35	0.63162506	7.346586e-07	0.02774278	0.26168263	2.2133511e-07	0.07785658	4.268446e-07	2.4519476e-08	2.2209463e-07	2.9373792e-08	0.0010913201	1.06273525e-07
priorregion5_spot_36	0.4880804	1.7475668e-07	0.04141474	0.46024728	9.3189755e-08	1.18283594e-07	1.212439e-07	2.3778457e-08	2.6990207e-07	2.2564018e-08	8.0408974e-08	0.010256716
priorregion5_spot_37	0.81859744	1.1270092e-06	0.035753656	0.12399105	2.760644e-07	4.123104e-07	0.01379771	7.7620896e-08	0.00731536	6.7842755e-08	1.7134684e-06	0.0005412378
priorregion5_spot_38	0.6300696	4.7391757e-07	0.033365533	0.258996	4.8536674e-07	0.07545007	2.7362205e-07	2.9145495e-08	2.210617e-07	4.4397964e-08	1.08300945e-07	0.0021172804
priorregion5_spot_39	0.7187421	1.4541872e-06	0.028919386	0.23758546	1.5543181e-06	7.261737e-07	0.0030276622	6.517235e-08	0.011721089	3.625134e-08	2.172191e-07	3.498608e-07
priorregion5_spot_40	0.51120687	6.220491e-07	0.10725066	0.38153917	1.627088e-07	1.3683743e-07	1.3973498e-07	7.6559466e-08	1.4109145e-06	4.700979e-08	5.2983836e-07	1.3905486e-07
priorregion5_spot_41	0.40213412	5.4622967e-07	0.2047693	0.39309424	1.6441027e-07	2.7780695e-07	2.2802926e-07	3.8394677e-07	1.4102369e-07	8.667877e-08	2.3419292e-07	1.3808085e-07
priorregion5_spot_42	0.8574476	2.1177602e-06	1.0105715e-06	0.12369852	8.4069586e-07	1.6512121e-06	0.010287338	7.251758e-08	1.9125532e-06	5.2006055e-08	0.008460221	9.8711156e-05
priorregion5_spot_43	0.62241346	2.918394e-07	0.07908349	0.2541792	5.797324e-07	7.0949463e-06	0.031629074	6.778321e-08	0.010793305	5.8088542e-08	1.7614545e-07	0.0018931448
priorregion5_spot_44	0.9999958	2.3735804e-06	6.054113e-08	3.4462257e-08	2.43822e-07	3.1663077e-07	1.2551126e-07	7.543951e-08	4.5933078e-07	5.1661463e-08	7.101224e-08	3.4640684e-07
priorregion5_spot_45	0.8320095	1.4005767e-05	0.028936954	0.13758369	1.7594289e-06	1.4289604e-06	9.716888e-07	5.5777917e-08	4.6517462e-07	2.0072986e-07	0.0014503251	5.2013604e-07
priorregion5_spot_46	0.6541327	5.089141e-07	0.045502715	0.2681075	3.9028902e-07	0.025879249	1.7722095e-05	3.8125087e-08	2.417144e-07	4.574739e-08	2.3361437e-07	0.006358737
priorregion5_spot_47	0.7832208	7.767085e-07	0.0046275165	0.21214886	3.5321605e-07	2.2501791e-07	1.5148926e-07	4.7678768e-08	7.181884e-07	3.2389195e-08	7.8373404e-08	3.5900894e-07
priorregion5_spot_48	0.40188763	2.7637915e-07	0.11505595	0.38448304	4.6013238e-07	0.09409989	3.1882394e-07	4.5618997e-08	2.6421574e-07	3.0825063e-08	1.7506129e-07	0.0044718776
priorregion5_spot_49	0.56858784	3.066625e-07	0.09942049	0.33198887	2.430121e-07	2.2403977e-07	1.6291558e-07	3.6693606e-08	1.4315751e-06	2.4783297e-08	1.7308857e-07	1.72668e-07
priorregion5_spot_50	0.9718661	1.8196699e-06	3.1850778e-08	6.7451666e-08	4.0879493e-07	2.2550987e-07	0.003400534	5.5813597e-08	0.024723116	1.1752491e-07	2.2296658e-07	7.4009326e-06
priorregion5_spot_51	0.39958212	6.872937e-07	0.09901742	0.38990188	4.2481125e-07	0.019889686	0.022274049	4.29659e-08	0.069328964	8.000995e-08	1.2722631e-06	3.4314055e-06
priorregion5_spot_52	0.6860314	2.860853e-06	0.034061853	0.22755496	4.7818537e-07	2.0096265e-07	0.04248083	2.4755726e-08	0.0037486388	2.646266e-08	0.001743857	0.0043749176
priorregion5_spot_53	0.39278716	4.5009853e-07	0.10065617	0.4891961	7.434023e-07	0.0051499987	1.4456847e-06	2.7587292e-08	1.7939217e-07	2.5016009e-08	0.011174035	0.0010337393
priorregion5_spot_54	0.6268528	5.0618155e-07	0.044407792	0.32350782	6.4520714e-07	2.632704e-07	1.4408815e-07	3.7047236e-08	3.7887634e-07	1.8556008e-08	3.114011e-07	0.005229227
priorregion5_spot_55	0.9999979	2.2417608e-07	3.054348e-08	2.184329e-08	2.9637735e-07	1.9039567e-07	4.835169e-08	4.0657856e-08	2.1607691e-07	7.8768954e-07	7.336844e-08	9.370628e-08
priorregion5_spot_56	0.43469092	2.3853576e-07	0.101736404	0.4635709	1.8449448e-07	9.288998e-08	2.425332e-07	3.1216032e-08	6.189155e-07	2.2533495e-08	9.778467e-08	3.217022e-07
priorregion5_spot_57	0.9040028	3.992125e-07	0.005074159	0.09092108	4.051102e-07	2.842243e-07	4.3767905e-08	5.1191027e-08	2.742682e-07	4.1469736e-08	2.3059808e-07	1.5002719e-07
priorregion5_spot_58	0.2779162	0.0011391384	0.16401373	0.53183794	0.014864868	4.04838e-07	1.6023017e-07	1.1123902e-07	0.0010546247	1.3604431e-08	2.3347604e-07	0.009172505
priorregion5_spot_59	0.5367445	3.2465778e-07	0.09462234	0.34443778	4.732724e-07	0.024193482	2.6818034e-07	4.045489e-08	1.0223309e-07	8.837252e-08	1.5666697e-07	4.598459e-07
priorregion5_spot_60	0.5805873	2.3432467e-07	0.08013716	0.30620345	3.4218053e-07	4.744403e-06	0.028549917	3.2866218e-08	4.163337e-07	3.4003932e-08	3.0067764e-07	0.0045160693
priorregion5_spot_61	0.9999974	6.26095e-07	2.1711246e-08	2.1153344e-08	1.5532756e-06	8.634106e-08	8.310646e-08	2.5514874e-08	1.6983564e-07	1.895881e-08	2.7891398e-08	1.2743435e-07
priorregion5_spot_62	0.51713496	4.9648526e-07	0.09380151	0.387281	8.577371e-07	1.6805747e-07	1.7390548e-07	2.1518822e-08	2.559131e-07	5.2936123e-08	0.0005738871	0.0012066225
priorregion5_spot_63	0.47202963	3.5071196e-07	0.112948	0.41502047	3.4417357e-07	1.4273387e-07	1.941352e-07	2.6525768e-08	2.028945e-07	2.4680144e-08	1.359081e-07	4.7589288e-07
priorregion5_spot_64	0.6231547	8.550085e-07	0.03903258	0.11864629	2.1161128e-07	0.21916479	3.390522e-07	2.7682798e-08	7.217783e-08	2.3001844e-08	7.3092885e-08	7.169801e-08
priorregion5_spot_65	0.7719894	4.4115893e-07	0.022980243	0.20037302	1.1986103e-06	3.94821e-07	3.857882e-06	7.54992e-08	6.607017e-07	6.091605e-08	0.002112353	0.0025382796
priorregion5_spot_66	0.7241065	8.022928e-07	0.005493516	0.2661188	6.108368e-07	1.663015e-07	1.4309508e-07	5.4693135e-08	1.1441075e-06	3.8094875e-08	0.0019051691	0.0023730933
priorregion5_spot_67	0.8099678	8.1725614e-07	0.006434766	0.15258148	2.1550439e-07	0.029628135	1.3489193e-07	0.001378154	4.285918e-07	3.1088938e-08	1.0509489e-07	8.037844e-06
priorregion5_spot_68	0.69815797	5.0642706e-07	0.046034053	0.2558047	2.3142083e-07	1.6038769e-07	7.097978e-08	2.1810315e-08	9.424666e-08	3.432921e-08	9.3541146e-08	2.240882e-06
priorregion5_spot_69	0.9999979	1.4682334e-06	2.52275e-08	2.1656982e-08	8.561317e-08	7.516579e-08	3.2517516e-08	4.2287887e-08	2.0250354e-07	2.4963382e-08	4.840965e-08	8.913175e-08
priorregion5_spot_70	0.2744263	4.4230538e-07	0.12566388	0.44806033	1.0654142e-06	3.086346e-07	6.8720163e-07	1.0735067e-07	5.1858177e-07	6.660573e-08	1.6560952e-06	0.1518447
priorregion5_spot_71	0.7395053	8.6411535e-07	0.05423372	0.20463489	2.4296455e-07	4.0019825e-07	1.9332695e-06	2.4068946e-08	1.6793834e-07	1.6107685e-07	0.0016222242	1.2661431e-07
priorregion5_spot_72	0.32965678	1.5608134e-07	0.100186974	0.55021185	7.0929055e-08	8.869229e-08	0.011328797	2.5382118e-08	4.6175782e-07	4.7390596e-08	0.00855414	6.063606e-05
priorregion5_spot_73	0.29192007	1.7083195e-07	0.1509711	0.5450108	0.0070772255	0.005019092	4.433363e-07	4.6228696e-08	3.1697562e-07	2.8150783e-08	2.5635563e-07	4.35799e-07
priorregion5_spot_74	0.9950566	3.2572143e-07	2.8450343e-08	3.0337436e-08	1.3412307e-07	1.4463606e-07	6.5223404e-08	0.0045775627	4.977342e-07	2.43232e-08	0.0003646153	8.0503185e-08
priorregion5_spot_75	0.49788567	1.4649819e-06	0.04998157	0.18709345	2.1504574e-07	2.4068544e-07	6.4522084e-07	3.5158166e-08	0.077996515	4.92393e-08	1.2407279e-06	0.18703896
priorregion5_spot_76	0.62345904	1.4703085e-07	0.10410812	0.27243227	6.6301865e-08	8.755665e-08	5.064869e-08	2.3591436e-08	1.054378e-07	2.6958688e-08	4.5840842e-08	8.465363e-08
priorregion5_spot_77	0.57257205	1.845372e-07	0.02789099	0.28048843	4.784124e-07	4.314052e-07	1.5864754e-07	4.0833477e-08	0.11734696	2.1408072e-08	1.6781911e-07	0.0017000159
priorregion5_spot_78	0.9999983	3.9560172e-07	4.285742e-08	2.9875824e-08	1.385914e-07	1.7102032e-07	1.6340475e-07	7.197519e-08	3.806287e-07	6.8092454e-08	4.735937e-08	2.2896295e-07
priorregion5_spot_79	0.42418998	4.952567e-07	0.13740952	0.43010786	1.4303475e-07	2.1564335e-07	0.008290737	3.5171638e-08	3.6464587e-07	3.4495272e-08	2.1868439e-07	4.0081906e-07
priorregion5_spot_80	0.7775913	8.575184e-07	0.035404064	0.16598186	1.0655137e-06	6.032595e-07	3.379959e-07	7.310251e-08	0.011090399	7.059857e-08	8.467919e-07	0.00992849
priorregion5_spot_81	0.8063716	0.008846076	9.3857054e-08	3.948246e-08	1.2422726e-07	3.8915815e-07	0.18095201	3.523051e-08	1.3002126e-07	0.003828421	5.894093e-08	9.024938e-07
priorregion5_spot_82	0.27965534	2.0519617e-07	0.19502017	0.4830108	2.08958e-06	0.04230798	1.2918923e-06	2.7256295e-08	7.349372e-08	3.627913e-08	1.9021682e-06	2.5438626e-07
priorregion5_spot_83	0.41376156	7.342791e-07	0.086769015	0.40497068	4.0279912e-07	3.4964864e-07	5.0015956e-07	6.3055396e-08	0.016674548	7.749802e-08	1.0757993e-06	0.07782098
priorregion5_spot_84	0.28036666	4.298769e-07	0.1122525	0.6005681	4.8657625e-07	0.0059490413	1.4042135e-06	3.171615e-08	9.942703e-07	3.232045e-08	0.000853953	6.3370762e-06
priorregion5_spot_85	0.98874265	2.626702e-07	4.2512212e-08	3.8347082e-08	1.320383e-07	1.5970491e-07	5.5220415e-08	4.6679897e-08	2.8424583e-07	3.0608287e-08	5.0161425e-08	0.011256094
priorregion5_spot_86	0.86255693	5.5833484e-06	0.0025062268	0.13492836	1.2790753e-06	3.030018e-07	4.8948357e-07	4.1334705e-08	4.821736e-07	4.572886e-08	1.0238392e-07	3.7163716e-07
priorregion5_spot_87	2.224787e-08	6.027182e-08	0.25053287	0.700138	0.023997668	0.011504619	2.96125e-06	1.4391686e-07	0.0001426627	2.9990005e-08	0.013680765	3.6169547e-07
priorregion5_spot_88	0.43452105	0.0017505771	1.6189713e-05	0.5016091	1.4539997e-07	1.4206985e-07	0.036198612	4.6228084e-08	1.1183449e-06	9.735836e-08	1.2903662e-07	0.025903042
priorregion5_spot_89	0.5672757	3.674207e-06	0.014042375	0.36559138	6.0791456e-07	3.3739937e-07	0.041252762	1.5866614e-07	0.011831516	1.4738475e-07	2.7971333e-07	1.0885022e-06
priorregion5_spot_90	0.63525903	1.3470255e-06	0.023654154	0.31019613	1.9295115e-07	1.9394957e-07	0.030887293	4.2478863e-08	9.793905e-07	6.33577e-08	1.8994832e-07	3.2665932e-07
priorregion5_spot_91	0.999999	2.8737884e-07	1.4949078e-08	2.9491732e-08	2.1045751e-07	1.2497163e-07	3.330563e-08	3.1249094e-08	2.115381e-07	1.904264e-08	3.4413954e-08	3.728392e-08
priorregion5_spot_92	0.4038211	0.0004642862	0.10538301	0.45399562	6.2386715e-07	5.042308e-07	0.007534387	6.322576e-08	0.018508984	2.7544525e-07	3.6941657e-07	0.010290705
priorregion5_spot_93	0.9983101	1.9519327e-07	6.302924e-08	0.001669384	3.4900475e-07	1.3775912e-07	5.616843e-08	6.9271614e-08	2.8569295e-07	1.896498e-05	6.625937e-08	3.1177217e-07
priorregion5_spot_94	0.5081692	5.833022e-07	0.10231923	0.38950968	2.83255e-07	2.3926168e-07	1.5128062e-07	3.0642937e-08	1.7336231e-07	1.0645344e-07	1.4877783e-07	2.4557497e-07
priorregion5_spot_95	0.48178172	5.7886035e-07	0.08896067	0.35197434	4.9169216e-07	0.0748012	3.5924197e-07	4.203839e-08	2.516906e-07	3.1405165e-08	0.0024796461	6.5383534e-07
priorregion5_spot_96	0.9946098	1.8993975e-07	2.256412e-08	0.0053891456	9.45196e-08	4.1188674e-08	3.1206195e-08	6.1507016e-08	3.12674e-07	3.2573144e-08	3.6723097e-08	1.2934102e-07
priorregion5_spot_97	0.7753619	2.0197382e-07	0.003820039	0.19478753	1.8770666e-07	1.776323e-07	2.3996532e-07	3.9733838e-08	1.9341428e-06	2.6747385e-08	1.2679683e-07	0.026027495
priorregion5_spot_98	0.31497163	0.005420171	0.14341207	0.46299744	1.3580535e-07	1.451714e-06	0.073192686	4.9354966e-08	1.1780743e-06	2.1408907e-08	1.7746229e-06	1.294219e-06
priorregion5_spot_99	0.61027247	3.628721e-07	0.058593225	0.29513675	0.009714216	0.003078417	6.9628044e-07	4.0705242e-08	0.023192506	2.1441904e-08	1.7309325e-06	9.660724e-06
priorregion5_spot_100	0.6163492	6.1991227e-07	0.007576251	0.28892145	2.1852843e-07	1.0419136e-07	1.7837795e-07	7.072595e-08	3.345105e-07	4.6550603e-08	2.1307643e-07	0.08715129
priorregion5_spot_101	0.67741865	7.3898747e-07	0.062263727	0.25361225	5.4168197e-07	3.2864618e-06	0.0066956007	4.6985523e-08	6.620447e-07	7.224147e-08	1.5233422e-07	4.164618e-06
priorregion5_spot_102	0.7874623	4.9374864e-07	0.008621797	0.20391417	1.8642413e-07	1.6661392e-07	5.7399575e-08	7.246607e-08	2.559441e-07	2.451768e-08	7.034601e-08	2.6402338e-07
priorregion5_spot_103	0.9999974	4.4816264e-07	1.9715497e-08	1.5774384e-08	1.1378855e-06	4.6499957e-07	5.5424646e-08	7.493799e-08	1.9680336e-07	4.288497e-08	4.520286e-08	4.417545e-08
priorregion5_spot_104	0.8120737	9.504025e-07	0.015028014	0.16679655	1.1713445e-06	2.9368243e-07	1.8409688e-07	1.3930224e-07	0.0060966266	5.023211e-08	7.2587255e-07	1.6573161e-06
priorregion5_spot_105	0.7391525	9.551882e-07	0.08310988	0.1538434	3.6303493e-07	5.819711e-07	0.020510616	4.9649707e-08	3.3511112e-06	3.5800415e-08	2.1346261e-07	0.0033782043
priorregion5_spot_106	0.22415133	2.4103014e-07	0.0487282	0.5223471	2.0988458e-07	2.4070718e-07	0.08330415	3.6750475e-08	0.10813364	5.2017615e-08	0.0027628688	0.010571912
priorregion5_spot_107	0.7828823	9.3459465e-07	0.012327298	0.10946724	3.3083103e-07	1.9915069e-07	8.3928555e-08	4.430554e-08	4.851139e-07	4.3922114e-08	2.0616103e-07	0.09532078
priorregion5_spot_108	0.79242563	8.593551e-07	0.060377713	0.14719263	1.0638661e-06	4.372944e-07	6.322724e-07	4.829137e-08	4.408228e-07	7.086186e-08	1.8848318e-07	2.790962e-07
priorregion5_spot_109	0.31109554	2.8618027e-07	0.09336993	0.47623986	4.2187682e-07	3.223548e-07	0.01181824	2.5394641e-08	1.0329833e-06	3.4683257e-08	3.1601642e-06	0.107471064
priorregion5_spot_110	0.74642617	1.7218368e-06	0.03819158	0.21533768	2.2116446e-07	9.253869e-08	4.3569397e-08	8.46108e-08	4.210943e-05	3.0659617e-08	5.193684e-08	1.2971755e-07
priorregion5_spot_111	0.50712466	3.6132826e-07	0.08763448	0.3974538	4.4786051e-07	3.2259211e-07	0.0018146767	2.9332838e-08	6.013691e-07	2.2476513e-08	1.3275018e-06	0.005969389
priorregion5_spot_112	0.7977695	1.3110218e-06	0.008168623	0.1940597	1.6007236e-07	1.3601775e-07	3.1900592e-07	2.645964e-08	1.4360975e-07	1.8718682e-08	6.823719e-08	9.693618e-08
priorregion5_spot_113	0.7685954	4.6930205e-07	0.00022351682	0.23117724	2.7181946e-07	1.6726301e-07	2.0557127e-06	3.520049e-08	5.5752486e-07	2.7958558e-08	7.0864665e-08	1.4260624e-07
priorregion5_spot_114	0.5885782	3.605093e-07	0.054883286	0.3547423	3.9380203e-07	3.3665575e-07	3.4185416e-07	3.590139e-08	1.3755191e-07	4.891327e-08	0.0017944335	2.787707e-07
priorregion5_spot_115	0.73368764	2.7464037e-06	0.03205146	0.19984373	3.4608578e-07	3.9441406e-07	0.031753525	6.628629e-08	0.0004982319	4.08335e-08	0.0021613168	4.5966092e-07
priorregion5_spot_116	0.5551556	6.108348e-07	0.056090858	0.29891592	7.504849e-07	4.4818273e-07	2.0527632e-06	4.054023e-08	4.2223857e-07	5.265938e-08	3.453345e-07	0.08983289
priorregion5_spot_117	0.6769448	1.3930035e-06	0.052804735	0.26888785	2.632246e-07	2.8544798e-07	2.189573e-07	3.3060964e-08	1.3078595e-07	4.1784542e-08	1.2637068e-07	0.0013600846
priorregion5_spot_118	0.8474698	7.998353e-07	0.030647071	0.119281195	3.9450015e-07	2.4002886e-06	2.409753e-07	2.276024e-07	4.6454147e-07	9.211343e-08	1.1880051e-07	0.0025972042
