	B	CCL5.CD8T	CCR7.CD8T	CD14.Mono	CD4T	DC	FCGR3A.Mono	NK	Platelet
priorregion1_spot_1	2.3781215e-07	4.4008374e-07	0.30975473	0.40362948	0.09450692	6.2635365e-07	0.1921074	2.0257194e-07	4.269933e-08
priorregion1_spot_2	0.020852534	4.8852806e-05	0.21481898	0.61731493	0.03189651	0.017623708	0.077460274	0.019983932	1.6060122e-07
priorregion1_spot_3	1.6255394e-06	8.9691844e-07	0.19432767	0.63899153	0.023653854	4.140675e-06	0.14301994	2.696968e-07	5.6638363e-08
priorregion1_spot_4	7.583797e-07	2.2519838e-07	0.5575968	0.20330986	0.18288733	0.036424976	0.019779958	1.8740118e-07	1.2460043e-08
priorregion1_spot_5	1.5173325e-06	2.3499283e-06	0.11597064	0.620277	0.005408339	5.0503254e-06	0.2477582	5.5204777e-07	0.010576304
priorregion1_spot_6	2.697452e-07	1.1964732e-07	1.3525715e-07	0.72840565	2.0064773e-07	0.004387022	0.2672065	1.1969298e-07	1.6414472e-08
priorregion1_spot_7	1.396578e-07	1.8479385e-07	0.59004116	0.122243814	0.28771433	6.559509e-08	1.1462931e-07	7.409999e-08	1.1850306e-08
priorregion1_spot_8	1.7832407e-07	7.860264e-08	1.3124819e-07	0.79464847	1.2014833e-07	1.7450095e-06	0.20534901	1.5410562e-07	4.1139444e-08
priorregion1_spot_9	3.9849644e-07	1.6432361e-07	0.5616279	0.15222213	0.25518516	7.527743e-08	0.03096404	5.4612652e-08	1.3596487e-08
priorregion1_spot_10	1.5097942e-07	1.0454958e-07	6.5841995e-08	0.9856829	1.0893155e-07	0.014304375	1.2206094e-05	7.0877626e-08	2.284124e-08
priorregion1_spot_11	5.207835e-07	1.8905737e-07	0.48134065	0.27687523	0.241783	9.30006e-08	1.6911439e-07	5.662311e-08	1.4566232e-08
priorregion1_spot_12	2.0353308e-07	1.5537758e-07	1.5154123e-07	0.9999942	9.1552415e-08	2.7329565e-06	2.2644738e-06	1.5548669e-07	2.588335e-08
priorregion1_spot_13	1.3986215e-07	1.2634955e-07	7.4331346e-08	0.77341825	1.07142824e-07	0.00284151	0.22373945	3.3603442e-07	2.8164106e-08
priorregion1_spot_14	5.401272e-07	1.7112806e-06	0.3132592	0.39445263	0.29204443	5.380067e-07	0.00018509688	1.1548322e-07	5.566208e-05
priorregion1_spot_15	9.585828e-06	9.575161e-07	0.3984434	0.49971813	0.016256792	7.0101055e-07	0.07469817	0.01087225	2.790068e-08
priorregion1_spot_16	0.015829364	2.0555028e-05	0.37498784	0.46231788	0.11529585	1.8611815e-06	0.031546198	5.256285e-07	3.9095305e-08
priorregion1_spot_17	1.2454458e-06	2.4592214e-07	2.589364e-07	0.70787674	2.3513864e-07	7.2139206e-05	0.29204896	1.757474e-07	5.8668817e-08
priorregion1_spot_18	1.5121476e-07	4.5134905e-07	0.002621115	0.99737364	3.279829e-07	2.9873996e-07	3.783975e-06	1.767813e-07	7.23608e-08
priorregion1_spot_19	1.003719e-06	8.367342e-07	0.18315384	0.6397181	4.0868636e-06	5.436696e-05	0.17706706	5.6363115e-07	1.3862697e-07
priorregion1_spot_20	1.2870772e-06	6.8438726e-07	0.4678742	0.33537197	0.19222097	0.004486076	2.6217185e-06	1.4712046e-07	4.2246516e-05
priorregion1_spot_21	4.986075e-08	1.8146102e-07	0.81410384	1.0781281e-08	0.18589582	1.3529513e-08	9.608542e-09	6.049946e-08	3.4081784e-09
priorregion1_spot_22	1.7833103e-06	3.993991e-07	0.47638965	0.26632714	0.10848012	0.006553659	0.14224714	1.1669497e-07	1.6027153e-08
priorregion1_spot_23	3.6193163e-07	4.5078542e-07	0.39386356	0.60065013	0.00021428577	3.3476363e-07	1.46888115e-05	2.0808892e-07	0.005256009
priorregion1_spot_24	3.3715412e-07	3.6681572e-06	2.4231963e-07	0.5260261	3.8828148e-07	0.042816076	0.43115205	1.0115172e-06	7.067561e-08
priorregion1_spot_25	0.049277365	5.5563787e-06	0.31733537	0.54538256	2.752552e-06	2.5075458e-06	0.08390878	0.0040851487	3.4871245e-08
priorregion1_spot_26	5.464688e-06	3.4114385e-07	0.18731509	0.66104877	4.819746e-06	1.4874721e-05	0.15161027	3.6249352e-07	2.9514702e-08
priorregion1_spot_27	1.7969941e-07	1.3322797e-07	0.00010527735	0.8981326	1.1799941e-07	1.5241028e-06	4.7391117e-07	0.10175963	2.8709545e-08
priorregion1_spot_28	1.529344e-07	1.1957684e-07	1.4542245e-07	0.90296113	1.6765617e-07	8.0964156e-07	0.09550109	1.7905786e-07	0.0015362463
priorregion1_spot_29	1.8609322e-07	1.1089055e-07	8.421337e-08	0.9999966	2.3477355e-07	1.8855693e-06	7.936368e-07	1.2603076e-07	2.4017595e-08
priorregion1_spot_30	1.7685815e-06	7.4192512e-06	0.41165164	0.35945213	0.1531524	0.042041406	0.033390537	2.1349193e-07	0.00030254736
priorregion1_spot_31	0.008709589	2.3090188e-07	0.4648299	0.2531874	0.16643496	0.021856671	0.08427221	8.468138e-08	0.00070897496
priorregion1_spot_32	0.017713187	1.5290388e-07	0.49734724	0.101473965	0.38346446	4.3579035e-07	5.354666e-07	7.201643e-08	1.398345e-08
priorregion1_spot_33	7.7752084e-08	3.097336e-07	0.33313304	0.5219261	0.1448986	7.5792656e-08	2.9429527e-06	2.0013887e-07	3.8652026e-05
priorregion1_spot_34	0.0014344656	6.193184e-07	0.41601738	0.43292382	0.14907074	3.0031396e-07	1.2793046e-06	1.9155782e-06	0.00054953486
priorregion1_spot_35	2.3353553e-07	3.5023675e-07	0.47016755	0.20088838	0.32894313	1.0512961e-07	2.208609e-07	8.911942e-08	2.5788788e-08
priorregion1_spot_36	4.5978396e-07	2.9170323e-07	0.263337	0.61031556	0.041659433	5.296143e-06	0.08468144	4.874797e-07	2.0879176e-08
priorregion1_spot_37	0.008826667	5.308008e-07	0.2837119	0.45750877	0.24055044	0.0032501607	0.006151129	3.7305273e-07	3.0253574e-08
priorregion1_spot_38	0.0009679831	1.2650509e-06	0.33771783	0.4951071	0.16618529	1.3197857e-06	1.8909097e-05	2.099486e-07	1.2009212e-07
priorregion1_spot_39	0.029822769	1.7845369e-07	0.39222768	0.5586074	6.965371e-07	2.9381704e-07	0.019118328	1.7029802e-07	0.0002224829
priorregion1_spot_40	1.5535801e-07	9.177486e-08	1.6511142e-07	0.87496406	1.3985594e-07	1.1548037e-05	0.12502366	7.054336e-08	4.4333053e-08
priorregion1_spot_41	1.0848484e-07	2.5536724e-07	1.5294958e-07	0.7340767	1.3647666e-07	8.492567e-07	0.26592144	2.0462056e-07	1.7588441e-07
priorregion1_spot_42	2.9890705e-07	3.138893e-07	0.009959141	0.7826545	3.0196415e-07	5.62443e-07	0.2073846	1.6606496e-07	7.493776e-08
priorregion1_spot_43	2.1772045e-07	2.6430666e-07	1.3605693e-07	0.9336974	1.5885517e-07	7.30996e-07	0.0662895	1.1586438e-05	3.17811e-08
priorregion1_spot_44	0.03674285	4.083746e-07	0.37143227	0.54949313	6.9861664e-05	0.042256955	4.3391633e-06	2.2449366e-07	3.4161552e-08
priorregion1_spot_45	1.6233473e-07	2.1909997e-07	0.61008686	0.38991025	1.3955245e-06	1.259483e-07	8.292083e-07	9.7842545e-08	1.820865e-08
priorregion1_spot_46	3.0263928e-07	2.3230295e-07	1.3142145e-06	0.6913267	2.2212294e-07	3.2814414e-06	0.3086677	2.1743699e-07	4.5446043e-08
priorregion1_spot_47	0.036606845	6.257223e-07	0.30092597	0.4185762	0.068797015	4.305676e-06	0.17508878	1.8466875e-07	3.571921e-08
priorregion1_spot_48	3.7908572e-07	2.1089217e-07	4.3059586e-07	0.9484856	2.9966614e-07	1.2528055e-06	1.2503863e-06	0.01565959	0.035850808
priorregion1_spot_49	4.9607826e-07	4.0745388e-07	0.113103546	0.6069832	4.504784e-06	0.0005432189	0.27936423	4.6955157e-07	3.9569635e-08
priorregion1_spot_50	0.07054768	5.450299e-07	5.19659e-07	0.51504624	3.9333196e-07	0.11359682	0.30080694	7.987448e-07	5.285784e-08
priorregion1_spot_51	2.1846111e-07	3.3806575e-07	0.28664985	0.67854315	0.023055421	5.1331926e-07	0.0091012865	0.002649179	8.773418e-08
priorregion1_spot_52	1.4582997e-06	6.84653e-07	0.16075063	0.5524166	6.104798e-06	0.039964426	0.21052167	0.03633838	4.8885642e-08
priorregion1_spot_53	5.2137857e-06	5.827437e-07	0.14327013	0.6296259	0.07196831	0.080431156	0.0746979	8.415774e-07	3.8045034e-08
priorregion1_spot_54	4.8160945e-07	5.7398177e-07	0.3864684	0.35197362	0.25826272	1.9022667e-06	0.003292089	1.6930848e-07	1.8714916e-08
priorregion1_spot_55	0.037943844	3.9675328e-07	5.2781265e-06	0.58896196	0.11621909	0.12503114	0.13183798	2.6214389e-07	2.4599826e-08
priorregion1_spot_56	7.538818e-07	2.0780804e-07	0.38918972	0.31438062	4.3564846e-06	0.029958038	0.26646602	9.547491e-08	1.7173872e-07
priorregion1_spot_57	3.7731024e-07	1.4475336e-07	1.6025135e-07	0.7061322	1.25882e-07	0.09813409	0.1957306	1.0684529e-06	1.2636841e-06
priorregion1_spot_58	1.5956941e-07	3.1622648e-07	0.49365333	0.48429865	0.022046758	1.4209593e-07	3.9949902e-07	1.8529268e-07	1.4181692e-08
priorregion1_spot_59	2.0714252e-07	0.0014043798	0.44284022	0.47000363	0.069946736	1.3401086e-07	0.01580423	5.3582033e-07	2.7488213e-08
priorregion1_spot_60	4.9941934e-07	3.7686272e-07	0.31902024	0.26323283	0.3976404	1.750587e-07	4.7863386e-07	1.5703219e-07	0.020104907
priorregion1_spot_61	0.0012423424	1.0311373e-06	1.2739284e-07	0.7734075	1.8349213e-07	5.332338e-06	0.21350102	0.011842456	7.139309e-08
priorregion1_spot_62	3.4568068e-06	1.1203557e-06	0.11271372	0.48264575	0.0032249955	3.8504568e-05	0.40137187	5.079871e-07	5.908482e-08
priorregion1_spot_63	0.019309849	3.2491192e-07	0.14625539	0.6336655	0.063999765	0.0008373117	0.13593139	3.107862e-07	3.1800248e-08
priorregion1_spot_64	1.7149482e-06	6.7816546e-07	0.31197894	0.5949949	0.0019792458	0.033942785	0.055009563	3.9218065e-07	0.0020917677
priorregion1_spot_65	0.016040038	4.121045e-07	0.4485396	0.2558707	0.27886853	8.71447e-07	2.8451723e-07	8.2322195e-08	0.0006794293
priorregion1_spot_66	7.7245755e-07	0.020278795	0.12298348	0.5719893	9.498908e-07	4.571967e-05	0.28470027	6.6867017e-07	8.879492e-08
priorregion1_spot_67	2.1442449e-05	9.624282e-07	0.42993736	0.1587543	0.337514	0.050057948	0.02371381	5.8441334e-08	1.0700359e-08
priorregion1_spot_68	2.9061516e-07	5.9569675e-07	0.43095657	0.5066255	0.058839805	3.5801358e-07	1.5290245e-06	2.1806338e-07	0.0035750768
priorregion1_spot_69	2.2346508e-07	5.8812606e-07	2.2641012e-07	0.55927736	2.3642257e-07	6.017164e-07	0.44072005	2.5962382e-07	4.5032655e-07
priorregion1_spot_70	0.010506615	4.875809e-07	0.15380503	0.8137582	0.0019263356	2.0736538e-06	0.019999815	1.453139e-06	3.265588e-08
priorregion1_spot_71	0.030054258	3.926545e-07	0.5101868	0.4518923	0.007865646	2.307743e-07	2.5436452e-07	1.4541786e-07	1.4550093e-08
priorregion1_spot_72	4.7000458e-07	1.8612283e-07	0.58676004	0.054882914	0.3583557	5.97188e-08	5.715108e-07	3.2024083e-08	9.555051e-09
priorregion1_spot_73	0.021777911	1.6432462e-07	0.6061175	0.3194962	0.052322365	4.0326879e-07	1.5838783e-05	9.5623996e-08	0.0002695377
priorregion1_spot_74	3.0010015e-06	5.3104366e-05	0.38016897	0.26691818	0.34752548	9.477228e-07	3.384281e-07	0.0053299596	2.4451966e-08
priorregion1_spot_75	0.0074420045	2.821587e-07	0.38250488	0.49171975	0.11833153	4.4935575e-07	9.56731e-07	1.947053e-07	2.0316792e-08
priorregion1_spot_76	2.941247e-06	4.3309163e-07	0.44748902	0.4776477	0.07255567	1.7106365e-06	3.0462484e-06	1.4959137e-07	0.0022993204
priorregion1_spot_77	1.6360616e-06	1.767114e-07	0.7035586	0.23080912	0.058533404	1.4329224e-06	0.0070954342	1.5140967e-07	3.6077576e-08
priorregion1_spot_78	4.1593953e-06	2.183188e-07	0.4400593	0.26808995	0.16624002	0.058068518	0.06753757	1.066088e-07	2.2406438e-08
priorregion1_spot_79	4.932276e-07	1.7672187e-07	0.5513965	0.1511398	0.29317838	0.0042843246	1.3531333e-07	1.2267188e-07	1.2447949e-08
priorregion1_spot_80	0.068515815	6.852837e-07	0.12326078	0.5313353	2.3336252e-06	9.635871e-05	0.27677026	3.0781202e-06	1.5479967e-05
priorregion1_spot_81	1.1019606e-07	1.081974e-07	2.4937418e-07	0.740358	2.0942126e-07	5.827874e-07	0.25964057	8.9027985e-08	2.2124834e-08
priorregion1_spot_82	1.1749042e-06	8.4118653e-07	0.475595	0.33752564	0.17885794	0.0020578087	0.0059611993	3.4596096e-07	1.8008722e-08
priorregion1_spot_83	2.3413699e-07	0.05548389	9.1196586e-07	0.6417905	0.0400847	8.612782e-07	0.26263854	1.2497212e-07	3.2763344e-07
priorregion1_spot_84	0.004453398	5.275372e-07	0.2960139	0.44258845	0.12690598	0.034076165	0.09596132	2.2568094e-07	3.467886e-08
priorregion1_spot_85	6.620132e-07	1.186919e-07	1.4957699e-07	0.96039987	1.7805195e-07	0.026819665	0.012779056	2.5135694e-07	1.5124712e-08
priorregion1_spot_86	2.1864012e-07	4.064526e-07	0.15244459	0.6628181	1.7817819e-06	5.280269e-06	0.18437918	1.1479277e-06	0.00034930315
priorregion1_spot_87	0.0035741753	1.4138108e-07	0.59607315	0.17781931	0.1383175	1.4789848e-07	0.08421538	8.155048e-08	2.483165e-08
priorregion1_spot_88	1.9335485e-07	2.1076258e-07	0.52911854	0.29797563	0.17290497	1.7665235e-07	1.689997e-07	6.513057e-08	1.1621997e-08
priorregion1_spot_89	1.11649605e-07	2.8263509e-07	0.3786027	0.526475	0.09492041	2.0140585e-07	3.555386e-07	8.894585e-07	3.5688863e-08
priorregion1_spot_90	1.0101587e-06	6.547561e-07	0.4680578	0.13436222	0.39757788	2.1102969e-07	9.5660475e-08	6.094725e-08	1.1890826e-08
priorregion1_spot_91	8.7152216e-08	9.489392e-08	4.3203578e-08	0.9102308	5.8163003e-08	0.006764223	0.08300431	2.91851e-07	3.315019e-08
priorregion1_spot_92	1.812614e-07	4.4278016e-07	0.07030456	0.92478776	1.3257476e-06	1.7843846e-07	5.0722565e-07	0.0049050855	1.5392677e-08
priorregion1_spot_93	2.0040552e-07	2.2673491e-07	2.6570126e-07	0.8218843	2.3949394e-07	6.1529267e-06	0.17628571	4.2309236e-07	0.0018224483
priorregion1_spot_94	2.7926217e-07	9.3056116e-08	1.4044637e-07	0.8956373	9.747656e-08	8.157989e-06	0.10435373	2.5575557e-07	3.491321e-08
priorregion1_spot_95	0.0036929294	3.704487e-06	0.30064917	0.64362985	2.6910855e-05	2.1563583e-06	0.051994715	4.303497e-07	6.6296e-08
priorregion1_spot_96	8.617188e-07	2.5744512e-07	0.31116366	0.58194804	0.017710162	1.2530184e-06	0.077760145	3.1560904e-07	0.011415324
priorregion1_spot_97	1.9872053e-07	2.6695622e-07	0.36009902	0.47771743	0.014872443	4.1840613e-07	0.14730994	2.7421885e-07	1.873578e-08
priorregion1_spot_98	0.005814889	2.2641782e-07	5.643807e-07	0.64184904	6.2430433e-07	0.024987321	0.32734695	1.7966389e-07	5.8667055e-08
priorregion1_spot_99	3.4394927e-07	9.273323e-07	2.340486e-07	0.98228717	3.1259245e-07	2.1814924e-06	0.017708242	5.0191846e-07	5.193025e-08
priorregion1_spot_100	1.2267888e-07	6.926401e-08	8.414236e-08	0.99999577	9.714102e-08	2.298404e-06	1.4340504e-06	8.077459e-08	3.3848902e-08
priorregion1_spot_101	1.2713475e-07	1.0450791e-07	2.4570326e-07	0.86680776	1.263837e-07	1.6842627e-06	0.13142905	7.7519935e-08	0.0017607958
priorregion1_spot_102	0.013508412	0.0037569392	0.3525364	0.48882508	0.12402308	4.934294e-06	0.017344803	3.2247732e-07	2.0878188e-08
priorregion1_spot_103	0.038425762	3.9179884e-07	0.4132777	0.4269721	6.9563994e-06	0.04807426	0.07324259	2.639205e-07	3.272365e-08
priorregion1_spot_104	1.9075443e-07	4.527174e-07	0.1578994	0.6760705	3.9232512e-07	1.7209111e-06	0.10833721	0.05769012	2.0118895e-08
priorregion1_spot_105	2.466261e-07	1.794296e-07	3.594494e-07	0.9999763	3.1854987e-07	5.513926e-07	4.1783e-06	3.714753e-07	1.7621036e-05
priorregion1_spot_106	1.0635727e-07	1.1659951e-07	7.696781e-08	0.76947886	9.3321034e-08	1.3617693e-06	0.23051916	2.2345517e-07	5.835085e-08
priorregion1_spot_107	2.8277043e-07	1.8296893e-07	4.960486e-07	0.98066485	2.8981964e-07	0.019319283	1.4101713e-05	1.3319013e-07	2.9668047e-07
priorregion1_spot_108	4.569036e-07	7.7262905e-07	0.36900634	0.38402858	0.18571664	5.540104e-07	0.061246376	2.69833e-07	1.6202733e-08
priorregion1_spot_109	3.2760593e-07	3.029507e-07	0.54410195	0.32490644	0.1103782	2.5128048e-07	0.019478546	2.2683426e-07	0.0011337722
priorregion1_spot_110	2.672152e-07	1.03984455e-07	1.9381811e-07	0.9701938	2.438987e-07	4.852894e-07	0.029164115	9.554582e-08	0.0006407362
priorregion1_spot_111	3.1657053e-06	7.106972e-07	0.24018826	0.5202981	0.075154215	0.015208456	0.14872241	2.8638522e-07	0.0004244691
priorregion1_spot_112	1.1370739e-06	5.538483e-06	1.6467459e-06	0.6850922	8.630825e-07	0.055335872	0.2595317	3.1106105e-05	3.985851e-08
priorregion1_spot_113	0.02220754	8.760328e-07	0.2910818	0.3137036	0.032685425	0.09515936	0.24474837	2.1197252e-07	0.00041287293
priorregion1_spot_114	8.603117e-08	7.788342e-08	8.093574e-08	0.99959564	8.7261455e-08	1.8184252e-07	8.0223555e-07	8.681333e-08	0.00040293028
priorregion1_spot_115	5.4689224e-07	1.5563442e-06	0.4073666	0.31442854	0.06965438	0.0028363806	0.20571181	1.2485549e-07	1.722861e-08
priorregion1_spot_116	1.3966088e-07	3.859676e-07	0.38454717	0.49942976	0.11602066	4.2398753e-07	1.1373074e-06	2.2901224e-07	2.4052953e-08
priorregion1_spot_117	4.0641413e-07	3.2395954e-07	3.9214103e-07	0.8186638	3.1393088e-07	3.4195446e-06	0.18133047	8.001723e-07	5.504284e-08
priorregion1_spot_118	7.204427e-08	1.06482446e-07	1.317649e-07	0.9515232	1.3545008e-07	1.3361738e-06	0.04847372	6.442552e-07	6.76535e-07
priorregion1_spot_119	5.158281e-05	7.326219e-07	0.40201378	0.30487913	0.23526393	0.013801926	0.043988492	2.9765448e-07	3.1891577e-08
priorregion1_spot_120	2.015888e-07	1.7615098e-07	0.4614545	0.32165387	0.21689048	1.1809872e-07	4.9977996e-07	1.0414512e-07	1.1132549e-07
priorregion1_spot_121	2.8322484e-07	2.6534192e-07	2.0037038e-07	0.99999696	3.2805238e-07	3.4688844e-07	1.1150868e-06	4.2817751e-07	8.029076e-08
priorregion1_spot_122	3.188169e-07	4.0337127e-07	0.15305094	0.7044531	0.041590232	2.2837285e-06	0.10090259	1.368076e-07	3.2060832e-08
priorregion1_spot_123	0.025866967	1.208615e-05	0.39761254	0.19592239	0.32442906	0.03071932	0.025436135	1.5208365e-06	3.602213e-08
priorregion1_spot_124	0.052050054	2.2003442e-07	1.8169132e-07	0.68093383	1.9813288e-07	0.03511963	0.23131508	2.2364863e-07	0.0005805335
priorregion1_spot_125	1.263773e-07	1.4066664e-07	1.2487949e-07	0.9961132	1.1518219e-07	4.3615572e-07	1.9431986e-06	0.0038839355	2.0160266e-08
priorregion1_spot_126	7.9806034e-07	6.926535e-07	0.2391692	0.62732023	0.055735573	0.00936356	0.06840949	4.0728256e-07	4.9634558e-08
priorregion1_spot_127	4.6439808e-07	5.8885297e-07	0.43028793	0.1937473	0.37577534	1.0872753e-06	2.6811628e-07	1.7821681e-07	0.00018681891
priorregion1_spot_128	0.0028121453	0.008488779	0.2871706	0.4972249	0.084344044	2.9664316e-06	0.11995633	2.2894939e-07	2.6768467e-08
priorregion1_spot_129	8.672521e-07	2.917729e-07	0.5777862	0.19143945	0.2307721	4.2646232e-07	5.0319653e-07	1.0860593e-07	3.6437275e-08
priorregion1_spot_130	8.997281e-08	1.5428344e-06	0.49625376	0.19650233	0.3072419	5.825557e-08	6.7231525e-08	6.91452e-08	1.0908986e-08
priorregion1_spot_131	4.4703475e-07	1.1572329e-07	9.5637695e-08	0.9132631	7.7268034e-08	9.550561e-06	0.08672641	1.476507e-07	5.7936955e-08
priorregion1_spot_132	1.1665211e-07	8.224691e-08	5.965145e-08	0.97863567	8.237558e-08	6.510595e-07	0.02136289	3.793977e-07	3.7666272e-08
priorregion1_spot_133	3.1163856e-07	1.3785869e-07	0.32933977	0.46330294	0.18403362	0.023322599	4.611831e-07	1.0313874e-07	2.6181478e-08
priorregion1_spot_134	3.205884e-07	3.152669e-07	0.21114738	0.59324664	1.22963e-06	6.508349e-07	0.19560334	8.782191e-08	1.6041987e-08
priorregion1_spot_135	7.7865366e-07	9.333159e-07	0.34759605	0.4163031	0.2358367	7.48023e-07	0.00026132987	1.3845094e-07	1.5924752e-07
priorregion1_spot_136	1.6564375e-07	4.904934e-07	0.47231477	0.27619624	0.07279352	3.2026446e-07	0.1786942	2.6952068e-07	1.33946285e-08
priorregion1_spot_137	2.04647e-07	4.1925247e-07	0.2762865	0.7237077	2.7644533e-06	6.0997877e-07	9.01434e-07	8.623216e-07	3.9479232e-08
priorregion2_spot_1	3.5624807e-06	1.5244785e-07	0.6732371	3.7213916e-08	0.03287274	0.29388618	4.8663086e-08	6.523168e-08	2.0717453e-08
priorregion2_spot_2	7.603757e-07	6.514169e-08	0.59078133	1.0938379e-07	0.30057463	0.10864296	4.6167507e-08	4.2739778e-08	6.3529755e-09
priorregion2_spot_3	5.185578e-06	2.7597005e-07	0.40874723	2.9682008e-07	0.2915406	0.2997062	1.09390626e-07	1.4330288e-07	1.5631741e-08
priorregion2_spot_4	0.024538117	2.6081912e-06	0.033603653	0.00012924896	7.79094e-06	0.92158866	0.019626968	9.142295e-06	0.00049374014
priorregion2_spot_5	7.039854e-08	1.4824544e-06	0.4991834	1.0366445e-08	0.50081503	1.2944131e-08	8.449654e-09	2.7495942e-08	3.5379364e-09
priorregion2_spot_6	0.09068788	0.04741899	0.2638863	3.6245405e-07	0.21300063	0.3850051	2.2103795e-07	4.4675124e-07	1.5906037e-08
priorregion2_spot_7	0.09067887	6.7295537e-07	0.23879178	5.228409e-08	0.4398306	0.23069774	1.2340575e-07	1.6080166e-07	1.1733883e-08
priorregion2_spot_8	4.0429917e-08	5.5311926e-07	0.5667932	7.697514e-09	0.4332062	1.4647701e-08	9.06635e-09	2.846154e-08	5.686488e-09
priorregion2_spot_9	0.07089817	1.4188086e-05	0.36973137	2.442121e-07	0.11644444	0.4429109	1.7538689e-07	3.134051e-07	9.9224714e-08
priorregion2_spot_10	1.1367755e-06	1.05705304e-07	0.16256237	0.18428738	1.459556e-07	0.6517176	2.2008011e-05	1.5057411e-06	0.001407582
priorregion2_spot_11	0.008485539	4.239637e-07	0.44428423	2.7923713e-07	0.3073473	0.23988207	1.1876842e-07	9.208478e-08	1.8014441e-08
priorregion2_spot_12	0.13485743	5.4021393e-06	0.34249708	1.8388556e-07	0.082560785	0.44007862	1.8960843e-07	1.7487788e-07	9.641104e-08
priorregion2_spot_13	0.040121626	1.5538426e-06	0.17912477	2.0988732e-07	0.42038497	0.36021402	1.0396692e-07	1.311403e-07	0.00015262749
priorregion2_spot_14	0.012477133	8.077023e-06	0.5001292	9.510912e-08	0.43217364	0.055190466	6.741549e-08	9.684531e-08	2.1228534e-05
priorregion2_spot_15	0.13921654	0.0003012924	0.39544562	5.976918e-08	0.38713583	0.07790037	4.8327017e-08	1.0620699e-07	6.157992e-08
priorregion2_spot_16	0.099303246	3.5692673e-07	0.52062356	5.5687227e-08	0.15144414	0.22862837	5.358174e-08	7.8487844e-08	9.972736e-08
priorregion2_spot_17	0.13364163	8.610297e-07	0.19495776	1.101412e-07	0.23666866	0.43473035	1.1908955e-07	2.4416713e-07	1.9548226e-07
priorregion2_spot_18	0.06175365	4.1608752e-07	5.4400225e-06	1.173415e-06	8.4035685e-07	0.9381545	8.370135e-05	1.4304645e-07	3.105227e-08
priorregion2_spot_19	0.0010163047	1.0246481e-07	0.8329701	1.0602724e-08	0.16601342	1.868031e-08	1.2677472e-08	4.390652e-08	6.5395986e-09
priorregion2_spot_20	0.07517052	3.1706146e-05	0.39925796	7.2194744e-08	0.32919744	0.19634183	8.3920774e-08	3.3614072e-07	1.9733438e-08
priorregion2_spot_21	0.0019012098	7.63538e-06	0.2887973	1.6120691e-06	0.3518237	0.35746825	2.0337042e-07	2.3130917e-07	2.2062103e-08
priorregion2_spot_22	0.040781155	2.6474675e-06	0.4722143	1.3213332e-07	0.2571484	0.22807759	1.2290953e-07	2.2736047e-06	0.0017733285
priorregion2_spot_23	0.17226069	8.937319e-05	0.36775726	7.44142e-08	0.33885285	0.120932065	5.282759e-08	3.4353374e-07	0.000107396256
priorregion2_spot_24	0.18749614	0.005986177	0.21667548	7.0877627e-07	0.08156225	0.50827795	9.452815e-07	3.728593e-07	1.3885316e-08
priorregion2_spot_25	5.382267e-07	1.713635e-07	0.693784	0.027312554	0.13807966	0.14082299	9.480086e-08	8.6145086e-08	2.197791e-08
priorregion2_spot_26	8.353032e-07	2.5082447e-06	0.36642525	0.035363566	2.0476951e-05	0.5981861	2.9756555e-07	1.0317161e-06	1.41014125e-08
priorregion2_spot_27	0.10737601	7.741785e-06	0.37884095	3.3997278e-08	0.3373183	0.17645678	4.677584e-08	7.774996e-08	1.5337516e-08
priorregion2_spot_28	0.1823901	4.576053e-06	0.014701747	8.814656e-08	0.1636016	0.6326189	1.5210931e-07	0.0062687052	0.00041416223
priorregion2_spot_29	0.056966607	1.2822861e-06	0.3500982	0.0046756566	9.643639e-06	0.5806033	3.799946e-06	0.0074067065	0.00023474495
priorregion2_spot_30	0.081270464	9.104711e-07	0.280827	7.9728615e-08	0.09309447	0.5448068	1.05515014e-07	1.6945792e-07	1.3584852e-08
priorregion2_spot_31	0.07431856	3.1222153e-06	0.27217433	7.210247e-08	0.41767266	0.23582995	6.8678155e-08	1.2442804e-06	1.6782137e-08
priorregion2_spot_32	0.007965625	9.362714e-08	0.56628686	1.906793e-07	0.260955	0.16423026	6.937641e-08	5.559334e-08	0.0005618409
priorregion2_spot_33	0.06142519	3.3125517e-07	0.43235606	4.6429715e-08	0.1785304	0.32768545	5.021433e-08	6.070878e-08	2.3473362e-06
priorregion2_spot_34	0.17170238	0.027425196	0.032922644	1.5709402e-07	0.115243584	0.61741275	2.0227587e-07	0.035293113	2.234588e-08
priorregion2_spot_35	0.0048158877	4.633141e-07	0.45059374	0.0052503836	0.24463676	0.29470244	1.9353901e-07	1.13471806e-07	2.7420432e-08
priorregion2_spot_36	5.9133992e-08	1.4436412e-06	0.6023722	8.132781e-09	0.39762622	1.3800503e-08	9.27471e-09	3.798032e-08	3.692786e-09
priorregion2_spot_37	0.017157944	9.616388e-07	0.41366342	0.013126524	0.27367008	0.28238085	2.1568468e-07	8.488834e-08	2.085705e-08
priorregion2_spot_38	2.5137024e-06	9.986012e-08	0.23301063	1.679326e-07	1.3006024e-07	0.76613235	2.15275e-07	1.7822546e-07	0.00085364655
priorregion2_spot_39	5.5275436e-06	0.0174052	0.25323057	0.0026312417	0.52272755	0.20399877	1.6199547e-07	8.772706e-07	1.0199487e-08
priorregion2_spot_40	4.545846e-06	7.422107e-06	0.5867021	4.639835e-08	0.3966801	0.016605519	4.3294456e-08	9.886721e-08	1.3893832e-08
priorregion2_spot_41	6.107145e-05	1.1061178e-06	0.39475477	4.0728705e-07	0.24539872	0.35978368	1.2821643e-07	9.853597e-08	1.4576003e-08
priorregion2_spot_42	0.026146684	0.0020650814	0.4272728	1.9994069e-07	0.41199058	0.13252437	7.451663e-08	1.2534873e-07	8.51806e-09
priorregion2_spot_43	0.08130031	0.05836563	3.312385e-07	3.5611913e-07	0.016365658	0.781391	4.0273721e-07	0.06257624	2.6863342e-08
priorregion2_spot_44	0.20362903	0.08137695	8.0834e-07	2.94743e-07	0.03942805	0.67556244	4.159909e-07	1.936446e-06	3.4465042e-08
priorregion2_spot_45	9.268094e-08	1.02760055e-07	0.6263324	1.4184755e-08	0.37366733	2.1488367e-08	1.4918442e-08	4.3988777e-08	6.8962294e-09
priorregion2_spot_46	1.8286296e-07	2.2289927e-07	0.7274762	1.8931257e-08	0.27252325	3.3403328e-08	2.037431e-08	4.4733593e-08	1.0536418e-08
priorregion2_spot_47	0.03717549	1.4393387e-05	0.4609891	7.651116e-08	0.45309106	0.048729837	3.2899543e-08	4.8949545e-08	9.61266e-09
priorregion2_spot_48	0.11078858	0.024849681	6.362735e-07	2.5072066e-07	0.541627	0.31897905	2.6480706e-07	0.0037545564	3.4166217e-08
priorregion2_spot_49	0.23904867	8.438511e-07	0.2042146	3.202013e-07	0.00049160473	0.5562415	6.750508e-07	4.70742e-07	1.2018166e-06
priorregion2_spot_50	0.13459797	2.8427363e-05	0.19935472	3.3944283e-07	0.2586132	0.4074047	2.7702526e-07	2.5880013e-07	8.854995e-08
priorregion2_spot_51	5.2877917e-06	2.2525815e-05	0.0627719	0.24691649	1.4485174e-06	0.69028157	3.927583e-07	2.996704e-07	2.8926909e-08
priorregion2_spot_52	0.041840836	2.2193223e-07	0.20024823	6.373903e-07	0.1194169	0.63849074	6.24221e-07	1.8181953e-06	1.42171475e-08
priorregion2_spot_53	0.20179757	2.3014674e-05	0.11374247	1.1313953e-06	0.15222262	0.52406955	2.4942162e-06	0.008087537	5.3762415e-05
priorregion2_spot_54	0.14292409	0.0035522499	0.28929716	3.1766038e-07	0.10222961	0.46171966	2.9206072e-07	3.4942494e-07	0.00027632472
priorregion2_spot_55	0.006774295	9.342765e-07	0.6383207	2.3315488e-08	0.3273382	0.027438294	2.2462741e-08	1.4019191e-07	0.00012742425
priorregion2_spot_56	0.021266926	3.7861562e-07	0.5479867	3.2741593e-08	0.3406363	0.09010956	2.8686689e-08	1.4966179e-07	8.035967e-09
priorregion2_spot_57	0.0872019	2.1161604e-06	0.16522223	8.195383e-08	0.63335705	0.11421643	6.386892e-08	1.9923397e-07	2.0843475e-08
priorregion2_spot_58	0.07195631	7.090697e-05	0.4164536	9.200627e-08	0.33677867	0.17469686	7.123133e-08	2.3838147e-07	4.3250417e-05
priorregion2_spot_59	0.015236087	1.0270996e-07	0.49809504	3.047197e-07	0.3918012	0.09486718	5.975734e-08	4.8028276e-08	1.1064585e-08
priorregion2_spot_60	0.09002024	5.8559663e-06	0.17247267	1.5575715e-07	0.24185176	0.49564883	1.672726e-07	2.1981693e-07	6.103796e-08
priorregion2_spot_61	0.178289	0.00970822	0.22125545	8.327236e-08	0.20274055	0.388004	9.299841e-08	2.4200194e-06	1.09409086e-07
priorregion2_spot_62	0.09364435	1.4475128e-06	4.8806132e-06	3.7928956e-07	0.059370436	0.8469703	5.7923944e-06	1.5237932e-06	8.9421064e-07
priorregion2_spot_63	0.10822576	3.5909298e-07	1.4391875e-07	2.9102577e-07	1.5693442e-07	0.8737232	5.006046e-07	0.01779413	0.00025535488
priorregion2_spot_64	2.360665e-05	3.2804837e-06	0.6022536	3.6775663e-08	0.35901612	0.03849892	3.075116e-08	1.1064553e-07	0.0002042815
priorregion2_spot_65	0.005485694	1.8430184e-07	0.5484365	5.467766e-08	8.614132e-07	0.44607663	6.3875504e-08	4.2413543e-08	1.1959878e-08
priorregion2_spot_66	0.113495685	3.425598e-05	0.31775495	1.1937975e-07	0.3040544	0.2645261	8.887458e-08	1.3759566e-07	0.00013429696
priorregion2_spot_67	0.0033243045	1.411604e-06	0.44289368	4.600306e-08	0.4127552	0.14102526	4.6045063e-08	6.479777e-08	1.0932213e-08
priorregion2_spot_68	4.2504224e-05	3.0186624e-07	0.43237737	4.80189e-07	0.39583895	0.17174023	7.614692e-08	7.158142e-08	1.7404378e-08
priorregion2_spot_69	0.005240568	2.2519977e-07	0.83230656	1.9902208e-07	1.0599676e-06	0.16167235	1.6955866e-07	2.576107e-07	0.00077849266
priorregion2_spot_70	0.08717384	0.008794188	0.34292337	0.010517091	0.040614974	0.5058117	5.3311385e-07	0.0041643227	2.6310735e-08
priorregion2_spot_71	0.039762024	4.4909444e-07	0.43437707	3.7401657e-07	0.11985614	0.40144536	2.5951428e-07	0.004558367	1.9415582e-08
priorregion2_spot_72	0.19706176	7.9122606e-07	0.16258161	4.722384e-08	0.20957696	0.43072575	5.346757e-08	1.1176295e-07	5.281217e-05
priorregion2_spot_73	3.3610684e-06	3.5029942e-07	0.5235391	3.41693e-07	0.38743246	0.08878712	3.768555e-08	3.949e-08	0.00023714112
priorregion2_spot_74	0.11749748	2.60712e-07	0.3860976	1.8310242e-07	0.025245931	0.47100672	1.7438131e-07	1.09763604e-07	0.00015147259
priorregion2_spot_75	0.026955046	1.3414888e-07	0.39753798	9.9442644e-08	0.20727827	0.3681928	1.112417e-07	7.4909394e-08	3.5521785e-05
priorregion2_spot_76	8.212679e-08	2.1504673e-07	0.67681175	1.0401753e-08	0.32318786	1.40313e-08	1.3650396e-08	1.0888561e-07	5.059978e-09
priorregion2_spot_77	1.5951487e-07	1.2026864e-07	0.66119945	0.014955462	0.21844637	0.10539843	4.87365e-08	4.9025196e-08	2.9054661e-08
priorregion2_spot_78	0.021843456	1.3683144e-06	0.4238422	1.7851404e-07	0.2443371	0.3099751	1.3997226e-07	8.655226e-08	4.25025e-07
priorregion2_spot_79	1.4110486e-05	2.0934993e-07	0.5941192	9.147273e-08	0.28912246	0.11661014	4.6495906e-08	5.651228e-08	0.00013383711
priorregion2_spot_80	0.047681663	7.5214245e-07	0.34895918	0.094256446	0.008668821	0.500307	7.9232814e-07	2.4719546e-07	0.00012513512
priorregion2_spot_81	0.20774803	2.3758737e-06	0.18657213	0.004224359	1.7964832e-05	0.6014326	1.3835916e-06	7.212137e-07	2.921982e-07
priorregion2_spot_82	7.4238975e-05	3.6867027e-07	0.5171608	2.5811667e-07	0.060278017	0.42224792	2.4566182e-07	1.3511716e-07	0.00023814017
priorregion2_spot_83	0.07679124	8.868475e-07	0.27260512	1.2557152e-07	0.19002841	0.46057382	1.13755156e-07	2.5825324e-07	3.537825e-08
priorregion2_spot_84	1.14941486e-07	4.5697794e-07	0.47061813	1.4436174e-08	0.52938104	2.226506e-08	1.9255873e-08	1.8472402e-07	1.1042654e-08
priorregion2_spot_85	0.06960308	3.8919784e-06	0.43571857	2.3485735e-07	0.22222653	0.27244717	1.9593544e-07	2.5428983e-07	1.8864275e-08
priorregion2_spot_86	0.02276186	9.084782e-06	0.24532636	1.18096004e-07	0.37705317	0.3548491	9.647302e-08	1.9050535e-07	1.319567e-07
priorregion2_spot_87	0.24739833	0.07575969	3.9595775e-06	6.094526e-07	0.00017927145	0.66138166	7.589497e-07	0.015275609	3.8365908e-08
priorregion2_spot_88	0.083997525	3.7962984e-06	0.3379871	2.2659711e-07	0.11404767	0.46393603	2.8805346e-07	2.7425664e-05	1.7008237e-08
priorregion2_spot_89	0.16126513	4.778252e-06	0.38315767	3.0970068e-07	0.016667528	0.43845308	2.0824403e-07	2.736713e-07	0.00045099095
priorregion2_spot_90	9.9350544e-08	5.16309e-07	0.53819793	2.1531342e-08	0.4618013	2.560438e-08	2.0441359e-08	1.5047637e-07	1.3958957e-08
priorregion2_spot_91	0.068619594	2.9934536e-06	0.41460526	1.2121541e-07	0.104348734	0.41242316	8.367696e-08	1.18905746e-07	1.9563167e-08
priorregion2_spot_92	0.03942791	0.049660206	8.772805e-07	0.1119046	0.04844584	0.7500878	7.826198e-07	1.5229439e-06	0.000470432
priorregion2_spot_93	0.02137153	3.8088274e-07	0.48093778	8.650429e-08	0.18577875	0.31191126	8.4848715e-08	8.331116e-08	1.15853185e-08
priorregion2_spot_94	0.08867388	2.2350692e-07	0.3469565	5.2788668e-08	0.17271328	0.39165592	5.9286947e-08	6.5401366e-08	8.491314e-09
priorregion2_spot_95	0.103926726	1.6071713e-06	0.39999616	1.6984578e-07	0.09942014	0.39665508	1.10727726e-07	8.9460855e-08	2.4714703e-08
priorregion2_spot_96	0.036788117	4.2469176e-07	4.2691542e-07	0.18108529	1.2806568e-06	0.780832	7.033517e-06	1.5038232e-06	0.001283927
priorregion2_spot_97	2.83897e-05	4.1620565e-06	0.34866792	1.8749397e-06	0.2785667	0.37206513	3.6229852e-07	3.3970133e-07	0.00066511525
priorregion2_spot_98	0.062386647	0.031094728	0.29227197	3.2244017e-07	0.3909807	0.22316554	1.8604348e-07	2.373785e-06	9.7570446e-05
priorregion2_spot_99	0.019351281	6.296116e-06	0.4284034	4.7756487e-07	0.21316645	0.33907145	2.1047555e-07	2.441613e-07	1.4090892e-07
priorregion2_spot_100	5.4133176e-07	1.2310957e-06	0.59891963	3.6667263e-08	0.40107825	1.0608725e-07	3.6520753e-08	6.513511e-08	7.629002e-09
priorregion2_spot_101	0.096960545	0.04942021	0.012189908	4.6093658e-07	0.23269342	0.5815823	2.2484224e-07	0.027152903	2.1454714e-08
priorregion2_spot_102	0.06827992	0.041722886	0.43882233	3.2099493e-08	0.4224925	0.028682202	3.4388517e-08	8.0020975e-08	1.256599e-08
priorregion2_spot_103	0.09615523	2.1524346e-07	0.37894273	2.9037714e-08	0.34113586	0.18376587	3.5648846e-08	5.6479287e-08	1.1865567e-08
priorregion2_spot_104	0.049184065	2.4645283e-07	0.030408373	4.0918434e-07	0.31584638	0.60455996	3.6421582e-07	1.6602874e-07	1.3303638e-08
priorregion2_spot_105	0.12909831	0.019015841	0.11530669	7.469245e-08	0.42867634	0.3079025	8.882707e-08	2.1826094e-07	1.2933511e-08
priorregion2_spot_106	0.005427015	1.316843e-07	0.6033502	1.1959541e-07	2.4887672e-06	0.3909416	8.677193e-08	5.8183204e-08	0.00027822825
priorregion2_spot_107	0.0781866	2.2822067e-06	0.3748403	7.474435e-08	0.2597031	0.28715363	6.057932e-08	6.114493e-08	0.000113897775
priorregion2_spot_108	0.06703695	2.348056e-05	0.3968307	5.6973946e-08	0.36811918	0.1679894	5.4235592e-08	1.8501562e-07	1.2435628e-08
priorregion2_spot_109	0.0005583283	1.6132327e-06	0.46299544	1.188541e-07	0.35610214	0.18034218	8.017733e-08	6.343952e-08	1.6621495e-08
priorregion2_spot_110	6.44161e-06	0.021792768	0.4918294	1.7843338e-07	0.35456052	0.1318105	4.703428e-08	5.6520193e-08	6.4115993e-09
priorregion2_spot_111	0.0016609975	4.3392876e-07	5.723215e-07	0.08035502	1.3482721e-06	0.8759322	0.017557327	0.024492042	4.2993506e-08
priorregion2_spot_112	0.052488644	2.047107e-07	0.2516908	2.327475e-07	0.09312311	0.6026967	2.0914472e-07	9.8767735e-08	1.31552484e-08
priorregion2_spot_113	0.13655908	4.1365015e-06	0.31186092	5.7771846e-08	0.13938342	0.412192	7.4964234e-08	3.1018033e-07	3.805081e-08
priorregion2_spot_114	0.16008106	0.0051507363	0.1476357	6.258996e-08	0.41815853	0.26897347	1.143592e-07	2.7239994e-07	2.771416e-08
priorregion2_spot_115	0.008470237	5.0413405e-07	0.50407445	5.5567334e-08	0.2805825	0.20687196	6.337861e-08	2.9444436e-07	1.0375927e-08
priorregion2_spot_116	0.12260378	0.059315953	0.066484645	0.0015122304	0.23315044	0.5169315	6.2984833e-07	7.551742e-07	8.973315e-08
priorregion2_spot_117	0.07070051	0.030461824	0.25850284	4.978191e-08	0.44724786	0.19283062	7.3278244e-08	4.022584e-07	0.00025577936
priorregion2_spot_118	1.9161096e-06	1.7746287e-07	0.1982638	1.5761844e-07	1.803792e-07	0.8011473	2.5389303e-07	4.7179424e-07	0.0005857393
priorregion2_spot_119	0.045144755	4.1825837e-07	0.11407328	1.6438919e-06	0.25969705	0.5802673	8.454199e-07	2.661431e-07	0.0008144849
priorregion2_spot_120	0.12270784	7.6562804e-07	0.3533614	3.6494012e-06	3.784322e-05	0.5238861	2.1050519e-06	2.6858703e-07	2.8616418e-08
priorregion2_spot_121	0.005177232	2.8314966e-07	0.43364698	4.6822198e-08	0.43177703	0.12939495	6.336492e-08	3.2813282e-06	9.22931e-09
priorregion2_spot_122	0.07315001	2.8395235e-07	0.5534421	5.514415e-08	0.18273868	0.19066867	4.922601e-08	1.0331754e-07	1.4001851e-08
priorregion2_spot_123	0.079478554	1.5295422e-05	0.34875575	6.3772546e-08	0.37509233	0.19665773	6.077735e-08	8.815057e-08	1.7088229e-07
priorregion2_spot_124	0.09070289	5.541096e-07	0.2746087	1.087734e-07	4.4678833e-05	0.6346427	1.4201535e-07	2.2158794e-07	1.7897973e-08
priorregion2_spot_125	0.04867491	4.8230385e-07	0.34235078	2.9378845e-07	0.10280773	0.5050962	3.155783e-07	3.311909e-07	0.0010690746
priorregion2_spot_126	0.056337323	0.006866231	0.35950205	2.527078e-07	0.33784723	0.23944654	1.597304e-07	2.3692347e-07	2.098004e-08
priorregion2_spot_127	0.04101296	1.49504485e-05	0.46948603	3.332499e-08	0.45247805	0.037007906	2.4890989e-08	6.021103e-08	3.2163218e-08
priorregion2_spot_128	0.1471721	5.9894944e-07	0.3862365	4.4200327e-08	0.16130722	0.30528343	3.914315e-08	9.0992636e-08	3.551042e-08
priorregion2_spot_129	0.13986664	1.2393063e-07	0.39328977	3.328616e-08	1.2606127e-06	0.4668419	3.9872948e-08	9.1466354e-08	1.5848559e-07
priorregion2_spot_130	0.08113842	5.7620355e-07	0.03963738	2.093074e-06	6.3753278e-06	0.8784777	1.0106797e-05	3.937958e-07	0.0007269555
priorregion2_spot_131	0.025297606	2.2466853e-07	0.49803427	1.45815e-07	0.026096804	0.45057064	1.17640795e-07	1.8669571e-07	1.3817731e-08
priorregion3_spot_1	0.0010264996	1.8253715e-05	4.271537e-06	9.899855e-06	0.04437762	0.007662349	0.021743836	0.39583656	0.5293207
priorregion3_spot_2	1.746684e-07	0.707313	0.20461388	5.996299e-08	0.04340454	4.251757e-08	0.04464833	1.9934596e-05	3.0560027e-08
priorregion3_spot_3	3.3515877e-07	3.3689986e-07	1.5202174e-07	4.4108394e-05	1.3896427e-07	2.7448368e-07	0.7722861	0.22597948	0.0016890151
priorregion3_spot_4	1.3997212e-07	0.036781315	8.1458694e-07	5.3029623e-08	2.4114793e-06	6.404085e-08	1.2058302e-07	0.83106583	0.1321492
priorregion3_spot_5	4.8297625e-07	0.10698986	0.07232814	9.752446e-07	0.06849426	2.6718394e-07	0.3540061	0.35515282	0.043027088
priorregion3_spot_6	4.799875e-05	0.30232683	0.061745066	3.817237e-07	0.12777123	2.8688225e-06	7.2742426e-07	0.35069677	0.15740821
priorregion3_spot_7	6.2560144e-07	0.39095336	1.5413016e-05	2.8242263e-07	3.4781988e-05	1.2669331e-07	0.2676482	0.3413472	3.356375e-08
priorregion3_spot_8	5.1933416e-06	0.17571118	0.00043127168	9.149258e-08	0.123092026	3.594827e-07	2.3331405e-07	0.46066195	0.24009767
priorregion3_spot_9	0.004127112	4.7033626e-07	0.0021796955	6.5206655e-07	1.1031995e-07	2.6596584e-07	0.8007507	0.017034972	0.17590602
priorregion3_spot_10	2.3402055e-07	3.6409908e-06	4.021342e-06	2.1140254e-08	0.40254506	2.8338647e-08	3.3902005e-08	0.49901175	0.09843518
priorregion3_spot_11	4.4950727e-07	0.034108058	4.0393643e-06	5.5336245e-06	3.2465389e-06	4.6777447e-07	0.5386443	0.38490236	0.042331513
priorregion3_spot_12	9.0248096e-07	0.0001809824	6.7022404e-07	0.015100973	1.211865e-06	3.954303e-06	0.5527108	0.42502168	0.0069788415
priorregion3_spot_13	0.0024169923	0.35159868	0.00015786954	2.5299103e-06	6.242272e-05	2.4566107e-06	0.25093833	0.17582466	0.21899608
priorregion3_spot_14	0.06398396	1.1756492e-06	3.893321e-07	0.5926505	4.640774e-07	8.21969e-07	0.14270537	2.2728595e-07	0.200657
priorregion3_spot_15	6.5807194e-07	7.128167e-07	1.2863198e-07	0.24339218	2.3401692e-07	0.03903173	1.6311233e-06	0.4496169	0.26795578
priorregion3_spot_16	6.0153644e-07	0.2192732	2.0523435e-06	4.9369316e-07	3.572669e-06	2.8405228e-07	0.2597429	0.47512084	0.04585611
priorregion3_spot_17	2.87346e-06	0.12798159	3.341742e-06	3.0874806e-05	6.5220393e-06	3.0288338e-06	0.41877934	0.41741112	0.035781346
priorregion3_spot_18	0.005280607	0.22497675	0.087098636	8.5695895e-08	0.26735812	9.178938e-08	0.17728782	0.09050486	0.147493
priorregion3_spot_19	1.0974418e-05	0.15824299	3.3276006e-05	1.0149415e-05	2.9810271e-05	5.495579e-06	0.3637607	0.3522913	0.12561533
priorregion3_spot_20	3.2381981e-06	0.099509485	1.0059623e-05	0.021023788	1.9433544e-05	3.7392501e-06	0.40055224	0.44760656	0.0312715
priorregion3_spot_21	2.315799e-07	0.05066737	1.7780709e-06	0.20303018	4.8063416e-06	3.883473e-07	4.2888706e-07	0.67435914	0.07193567
priorregion3_spot_22	5.579286e-07	0.40769094	0.103300646	4.735381e-08	0.0013009493	8.104808e-08	6.8290355e-08	0.3252296	0.16247709
priorregion3_spot_23	5.530174e-07	5.158741e-07	1.7897158e-07	2.4293973e-07	1.3626067e-07	2.1523358e-07	0.5754628	0.4245353	4.111333e-08
priorregion3_spot_24	7.7735075e-07	9.734397e-06	0.062098414	5.7514535e-07	0.39994216	1.650047e-07	0.5379474	6.977969e-07	3.2493546e-08
priorregion3_spot_25	5.430617e-07	0.060248747	3.9369834e-06	4.7135038e-07	2.867556e-06	1.5665522e-07	0.48142266	0.45832056	4.3199247e-08
priorregion3_spot_26	7.2047484e-08	0.053861275	1.3513169e-07	2.9640623e-07	1.7581202e-07	1.16474574e-07	0.5210667	0.42507118	4.5154295e-08
priorregion3_spot_27	1.950536e-07	0.19854194	1.3926998e-06	1.3277472e-06	2.3134064e-06	1.8705296e-07	0.42493176	0.37652084	2.682549e-08
priorregion3_spot_28	0.011353241	0.057728615	1.0876324e-06	0.116262555	1.7647407e-06	0.028421074	8.4511623e-07	0.55400866	0.23222218
priorregion3_spot_29	0.0011424366	1.5668327e-06	0.00020927146	0.23944205	0.17576179	0.019244773	5.763315e-07	0.01717082	0.54702675
priorregion3_spot_30	1.9566874e-06	0.13955061	3.2483957e-05	0.00044405466	0.1263152	1.6843184e-07	0.21100792	0.43469962	0.08794796
priorregion3_spot_31	1.30079325e-05	0.00014850337	3.232471e-06	0.031360116	4.599631e-06	1.5202573e-05	0.5305196	0.38650095	0.051434826
priorregion3_spot_32	8.016863e-07	0.16634502	1.9855063e-06	0.28333095	0.09089109	1.12920056e-07	3.6569309e-06	0.297766	0.16166045
priorregion3_spot_33	2.7761493e-07	0.1258463	1.9042391e-06	1.0820311e-06	2.7651447e-06	2.2979175e-07	0.5081844	0.36596313	2.6552861e-08
priorregion3_spot_34	2.1014456e-07	0.11369131	6.062177e-06	3.6398596e-08	1.0520451e-05	4.9713453e-08	6.6644624e-08	0.83930635	0.046985384
priorregion3_spot_35	2.4553464e-07	0.14971153	6.538796e-07	0.26534578	4.5953067e-07	1.5632882e-06	0.23319101	0.14138763	0.21036115
priorregion3_spot_36	2.73302e-07	0.04054928	2.2105164e-06	0.027769603	0.011562171	3.021499e-07	0.53666675	0.34202397	0.041425515
priorregion3_spot_37	1.5982089e-06	7.056864e-05	6.36919e-06	2.4944113e-06	0.018857634	1.4400838e-06	0.4233921	0.34881988	0.2088479
priorregion3_spot_38	3.7526922e-06	0.21383925	0.00043650003	6.8071763e-06	0.084885664	1.0072563e-06	0.25372803	0.37997243	0.067126565
priorregion3_spot_39	2.2199616e-07	2.4350772e-06	3.3551206e-07	0.04511589	1.4223153e-06	1.4143805e-07	0.31592196	0.48915333	0.14980422
priorregion3_spot_40	1.629894e-06	0.14744775	7.838245e-06	1.518317e-06	1.928725e-05	1.0695719e-06	0.33358222	0.47026202	0.04867667
priorregion3_spot_41	1.8126368e-06	9.1951824e-07	3.954768e-07	0.058931686	1.0492703e-06	4.6600894e-06	0.8168058	0.05675348	0.067500174
priorregion3_spot_42	3.660007e-07	0.00024667793	2.6699497e-06	8.123387e-07	3.4207628e-06	2.8308787e-07	0.1368892	0.706614	0.15624255
priorregion3_spot_43	8.080098e-07	0.035816368	3.9978054e-06	0.013684278	6.1108494e-06	1.7194466e-06	0.17372799	0.5770431	0.19971563
priorregion3_spot_44	5.7012803e-06	0.3365046	0.00013231291	3.379705e-08	0.01683873	1.08778835e-07	8.51555e-08	0.53195834	0.11456006
priorregion3_spot_45	1.7285356e-07	5.4909447e-07	1.5430945e-07	1.8691463e-06	2.9220504e-07	2.0900087e-07	0.57439053	0.36239982	0.06320633
priorregion3_spot_46	1.7985538e-07	0.0005403651	2.8246372e-06	0.06007353	1.8935477e-06	4.3730003e-07	0.13447483	0.62532055	0.17958541
priorregion3_spot_47	0.0017752907	0.15475596	0.012366581	2.5376062e-06	0.15627325	2.1433593e-06	0.21168672	0.084196575	0.378941
priorregion3_spot_48	6.820266e-06	4.732202e-06	1.940382e-06	4.334387e-05	3.516535e-06	1.2067402e-05	0.5126484	0.24113135	0.24614787
priorregion3_spot_49	2.215826e-05	0.044195447	1.9270547e-05	3.3877925e-06	7.125308e-05	3.4178477e-06	0.22650065	0.4847188	0.24446566
priorregion3_spot_50	1.583661e-07	0.24094725	4.9281057e-06	0.11256583	3.14984e-06	3.577583e-07	0.20023109	0.37446502	0.07178217
priorregion3_spot_51	1.2225398e-06	0.0064084525	1.6568608e-06	0.0008333115	2.9511991e-06	1.2013865e-06	0.5904466	0.4023045	5.7619662e-08
priorregion3_spot_52	7.0659744e-06	0.21753384	0.058919907	8.170416e-07	0.22860582	7.7433964e-07	0.13806775	0.25031164	0.106552355
priorregion3_spot_53	1.2622667e-07	1.3548787e-07	4.7395235e-05	0.00018727021	2.9763513e-07	8.334435e-07	0.99976367	1.764979e-07	5.5752604e-08
priorregion3_spot_54	9.181545e-08	2.328432e-06	3.02372e-07	3.4624736e-07	4.0955194e-07	1.6166071e-07	0.51668435	0.33381715	0.14949487
priorregion3_spot_55	8.178431e-06	0.11973233	7.961693e-05	3.332965e-06	0.026578108	7.8355015e-07	0.418187	0.39798588	0.037424766
priorregion3_spot_56	1.5450229e-07	0.00037551808	1.7178721e-05	1.7691828e-08	0.29441747	2.5210026e-08	2.4030308e-08	0.7051896	8.239193e-09
priorregion3_spot_57	2.4532966e-07	2.3579116e-06	3.3169425e-07	7.822298e-05	5.901257e-07	7.2948853e-07	0.6385709	0.23521638	0.12613025
priorregion3_spot_58	5.3966032e-06	0.30473727	3.6183796e-05	5.1809263e-07	0.0001065008	4.4520968e-07	0.1898352	0.47428137	0.030997127
priorregion3_spot_59	7.116854e-07	0.13762629	9.434942e-06	0.07912599	1.7432225e-05	2.1977617e-07	3.7685143e-07	0.72710496	0.056114603
priorregion3_spot_60	1.14178765e-05	0.049593534	0.0043450664	3.41852e-05	0.02162392	1.1585794e-05	0.39814264	0.3485523	0.17768532
priorregion3_spot_61	8.9053054e-07	1.7648575e-06	5.9289516e-07	5.667462e-05	9.127337e-07	1.1802892e-06	0.9999285	9.496556e-06	4.0122906e-08
priorregion3_spot_62	3.6648937e-05	0.046495866	3.566959e-05	8.097355e-06	6.0277525e-05	6.594334e-06	0.34411705	0.38454008	0.22469974
priorregion3_spot_63	4.1637287e-07	0.37022588	4.7935873e-07	1.4878941e-07	9.725323e-07	1.1665237e-07	0.1801302	0.31272575	0.13691603
priorregion3_spot_64	1.7776416e-05	0.057466056	0.007273693	1.3689734e-05	0.00012463718	5.5881073e-06	0.41232994	0.3725979	0.15017074
priorregion3_spot_65	3.7872687e-07	8.1498894e-07	4.0447347e-07	0.000208392	4.4758528e-07	4.502286e-06	0.7157987	0.21890782	0.06507854
priorregion3_spot_66	4.1581923e-05	0.29624406	2.689932e-05	1.8666242e-07	8.7567576e-05	4.5503427e-07	0.13412157	0.47526273	0.09421502
priorregion3_spot_67	0.0036283336	1.3311755e-07	2.2621512e-08	1.0843017e-06	8.347835e-08	0.031519216	0.017561741	0.180594	0.7666954
priorregion3_spot_68	0.0056344033	0.12790327	2.7610762e-05	2.2870558e-06	0.0820815	3.864654e-06	0.102057345	0.39202574	0.29026395
priorregion3_spot_69	1.1344224e-07	0.337003	0.04590478	2.7101276e-08	1.989173e-06	2.6653414e-08	4.668439e-08	0.492549	0.12454095
priorregion3_spot_70	1.927703e-06	0.14869665	5.3800154e-06	7.1111583e-07	1.4114304e-05	8.281921e-07	0.31327704	0.5063755	0.031627823
priorregion3_spot_71	2.488023e-06	1.523604e-05	1.9796e-06	0.08034209	0.021395583	9.0463014e-05	0.17450671	0.45718855	0.26645687
priorregion3_spot_72	1.3873887e-07	0.0068082176	0.089870736	3.3431622e-08	0.18044445	4.6046043e-08	4.6676963e-08	0.58453846	0.13833784
priorregion3_spot_73	0.00010051093	2.849447e-06	3.4431625e-07	0.00014173253	1.3181019e-06	8.926702e-06	0.85933024	0.07690181	0.063512325
priorregion3_spot_74	3.0156627e-06	0.0006365479	5.672074e-06	1.1631821e-06	7.890333e-06	1.3484512e-06	0.31692135	0.4871608	0.19526221
priorregion3_spot_75	2.2282151e-07	7.6534053e-07	2.7699872e-07	0.16563487	3.4026226e-07	8.6107366e-07	0.4611848	0.21989211	0.15328571
priorregion3_spot_76	0.009450755	2.7623165e-07	6.0580356e-07	1.8258737e-05	1.032794e-06	1.1125993e-06	0.79232377	0.02038811	0.1778161
priorregion3_spot_77	1.2786378e-06	9.132123e-05	5.7871773e-07	0.12805296	1.6265192e-06	1.1008745e-05	0.73215556	0.07301071	0.066675
priorregion3_spot_78	0.01507316	3.1710576e-07	5.2933024e-07	0.58174163	0.0013658426	1.8367727e-07	2.3838932e-06	0.057636958	0.34417903
priorregion3_spot_79	2.0545638e-06	0.3501814	0.0701802	1.03578905e-07	0.004903484	8.2017806e-08	0.042102307	0.49813458	0.034495883
priorregion3_spot_80	1.3418523e-07	6.3995344e-06	0.22198908	2.2155294e-08	3.2483092e-06	4.2816424e-08	3.078936e-08	0.77800107	9.274948e-09
priorregion3_spot_81	1.1764999e-07	1.0068688e-06	1.01516584e-07	2.8174796e-07	1.6229585e-07	1.1827197e-07	0.2465144	0.7534832	6.674161e-07
priorregion3_spot_82	4.6920886e-06	0.107262425	8.846415e-05	1.0975846e-07	0.05810569	4.2293578e-07	2.3157712e-07	0.60172814	0.23280983
priorregion3_spot_83	1.9623337e-07	0.021507176	1.4581127e-06	4.0309698e-07	1.2087422e-05	2.344956e-07	0.30816358	0.61460966	0.055705152
priorregion3_spot_84	2.2916607e-05	0.04929658	8.525269e-06	1.6102718e-05	2.0618152e-05	9.517428e-06	0.38326135	0.3916669	0.17569743
priorregion3_spot_85	0.012384716	0.0003156364	3.7007264e-06	0.01565795	6.38074e-06	0.0001570345	0.50733167	0.39097264	0.073170304
priorregion3_spot_86	0.018218186	0.09947056	6.692272e-05	0.07212921	0.00593868	0.0002615513	0.33760065	0.31493795	0.15137625
priorregion3_spot_87	0.00031377753	0.08141126	2.7724727e-05	4.5052257e-06	0.00083348085	4.582034e-06	0.1534419	0.37709326	0.38686955
priorregion3_spot_88	0.0033870812	0.26247054	0.021771055	3.0583947e-06	0.048774607	6.327659e-06	0.1796426	0.2770589	0.20688583
priorregion3_spot_89	0.0009195581	9.565465e-06	4.995423e-06	0.09473793	1.1012455e-05	2.911626e-05	0.5207817	0.11637895	0.26712722
priorregion3_spot_90	0.043864418	0.37818724	1.8801343e-06	9.474596e-08	1.0122912e-06	1.2456405e-07	0.5344413	0.0435038	8.1304e-08
priorregion3_spot_91	1.7451127e-06	0.17065135	5.5815348e-05	2.7148668e-05	0.1863722	0.014706186	0.3186534	0.057711814	0.25182033
priorregion3_spot_92	1.7182477e-06	0.182688	8.79972e-06	7.745992e-07	7.727808e-06	5.4768674e-07	0.18003985	0.38025242	0.2570002
priorregion3_spot_93	7.4914133e-06	0.0025482797	1.8958516e-06	1.4742726e-06	2.1688168e-06	1.1166477e-06	0.30603072	0.61625063	0.07515625
priorregion3_spot_94	5.9780655e-07	0.25988427	0.06279877	1.1921064e-07	0.0021636377	6.688281e-08	0.05715306	0.5726081	0.04539138
priorregion3_spot_95	0.00012623836	0.1998652	0.13105516	5.5489903e-07	0.15043493	7.6552084e-07	0.21762456	0.25357553	0.047317047
priorregion3_spot_96	2.1909726e-05	0.0018655212	1.5322449e-06	0.17660515	4.0710884e-06	3.3371267e-05	0.30697033	0.26992124	0.2445769
priorregion3_spot_97	0.0048579583	0.07532634	0.112847455	0.12894222	9.21237e-06	1.0969707e-06	0.17003241	0.36028576	0.1476976
priorregion3_spot_98	2.4912551e-06	0.024135808	2.9444936e-06	0.00010155943	3.8499365e-06	8.77531e-06	0.6667798	0.0606136	0.24835119
priorregion3_spot_99	1.2408343e-06	0.1405276	4.329645e-06	6.6639172e-06	1.0347293e-05	1.6388013e-06	0.22572109	0.32335487	0.31037226
priorregion3_spot_100	3.7737203e-07	0.13058543	4.990444e-06	0.005105594	6.7482356e-06	1.3361504e-06	0.48768196	0.28363344	0.0929802
priorregion3_spot_101	4.9057815e-07	5.7594858e-05	5.967357e-07	2.8684256e-06	6.548437e-07	5.504687e-07	0.52728754	0.47264963	3.4653358e-08
priorregion3_spot_102	1.920984e-07	3.2170468e-07	1.3692038e-07	2.35731e-06	2.8123748e-07	0.08274315	0.5669255	0.068306185	0.2820218
priorregion3_spot_103	1.3410652e-06	0.009223616	5.895944e-06	1.5056148e-05	8.972689e-06	2.1940675e-06	0.46004072	0.33072942	0.1999728
priorregion3_spot_104	0.001360483	0.28157234	0.020627934	8.6708404e-08	2.33523e-05	1.05715415e-07	0.26063642	0.42720202	0.008577263
priorregion3_spot_105	9.573005e-08	2.5969306e-05	2.779022e-07	5.248273e-07	4.059368e-07	1.3950894e-07	0.21827784	0.6690752	0.112619564
priorregion3_spot_106	2.8284353e-07	0.20801446	7.64687e-07	4.2737163e-08	0.30988458	2.4390747e-08	7.333758e-08	0.094519176	0.38758066
priorregion3_spot_107	1.7519547e-07	9.76046e-07	2.1021292e-07	1.5355336e-05	3.455048e-07	1.9349547e-07	0.70651436	0.20990577	0.083562665
priorregion3_spot_108	0.009912782	3.3022405e-07	1.7590472e-07	1.2188974e-07	4.3623797e-07	1.2909379e-07	0.58684325	0.40324274	3.1019457e-08
priorregion3_spot_109	9.281626e-07	0.1031401	7.635353e-06	5.170697e-05	1.0074162e-05	6.097946e-07	0.5074188	0.34574667	0.0436235
priorregion3_spot_110	1.8840569e-07	2.4143087e-06	4.4305054e-07	3.0285736e-07	1.3593828e-06	1.3206215e-07	0.30310518	0.49333316	0.2035568
priorregion3_spot_111	0.003629171	1.3918317e-07	1.8222666e-08	1.1379555e-06	7.965118e-08	0.03151039	0.017569058	0.18060078	0.7666892
priorregion3_spot_112	9.24107e-08	0.2514306	0.25588146	1.4049044e-08	0.0028148107	2.0852863e-08	2.0135296e-08	0.48987305	6.7264114e-09
priorregion3_spot_113	9.8807305e-08	0.47518697	0.35412446	2.3689292e-08	0.069615096	3.438054e-08	2.956068e-08	0.101072885	4.063296e-07
priorregion3_spot_114	3.1785316e-06	2.329891e-05	2.981492e-06	0.028706465	4.3585624e-06	6.2919717e-06	0.27654374	0.47792992	0.21677972
priorregion3_spot_115	5.000192e-07	0.16296136	1.15863895e-05	0.049524397	8.179041e-06	2.483322e-06	0.481073	0.26225224	0.044166233
priorregion3_spot_116	2.96229e-07	0.39334455	0.15671441	0.06381284	0.15748565	8.288937e-08	2.1210114e-07	0.03397555	0.19466649
priorregion3_spot_117	3.172199e-06	0.29047817	4.5313864e-05	7.654672e-07	0.00045849098	6.939562e-07	0.214521	0.45700753	0.03748483
priorregion3_spot_118	1.9067234e-06	0.08856217	6.6324405e-06	3.2955022e-06	1.01744845e-05	2.2028273e-06	0.2855388	0.46233445	0.1635403
priorregion3_spot_119	3.108583e-06	0.10923401	6.841107e-06	1.3029008e-06	1.0020544e-05	1.2676167e-06	0.21890517	0.4986176	0.17322065
priorregion3_spot_120	9.733508e-07	0.13135047	1.245141e-05	0.0016935628	0.06924852	5.991319e-07	0.37453887	0.19437249	0.22878204
priorregion3_spot_121	2.008567e-06	0.1833384	1.2131972e-06	5.793566e-07	3.6324775e-06	5.857139e-07	0.25256523	0.39605716	0.16803117
priorregion3_spot_122	1.0258667e-05	0.047951713	0.07808359	6.1776127e-06	0.10364724	3.9749016e-06	0.2583959	0.29777458	0.21412659
priorregion3_spot_123	2.3927439e-07	0.14286733	0.1629383	5.2207177e-08	0.03767696	7.7999346e-08	7.289592e-08	0.5346453	0.12187171
priorregion3_spot_124	1.2620892e-06	0.044997003	0.0025621697	2.0667128e-06	3.2913194e-06	6.340883e-07	0.5505951	0.324259	0.07757948
priorregion3_spot_125	5.138727e-05	0.1727328	1.6307538e-05	2.5392278e-06	3.75257e-05	3.8599933e-06	0.09050954	0.5012805	0.23536552
priorregion3_spot_126	6.7594854e-05	0.2592731	7.9035206e-05	8.863457e-06	0.010878027	1.1849143e-05	0.33455628	0.23260224	0.162523
priorregion3_spot_127	9.1227985e-06	0.21972518	1.6737973e-05	2.4566366e-06	1.745573e-05	3.073716e-06	0.17460643	0.4478559	0.15776362
priorregion3_spot_128	6.462725e-07	0.20159307	2.4712837e-05	7.426908e-08	1.830336e-05	1.0836703e-07	2.3749219e-07	0.59526813	0.20309469
priorregion3_spot_129	1.3117489e-06	0.075723596	2.598899e-06	3.6427733e-05	7.214594e-06	1.0301392e-06	0.48889408	0.43533376	3.3637946e-08
priorregion3_spot_130	1.7507337e-07	0.09205262	0.018329183	1.2675336e-07	5.7189123e-07	4.764034e-08	0.27947634	0.6101409	1.1353437e-08
priorregion3_spot_131	2.2709757e-07	0.11506693	0.04999492	1.2515567e-07	3.4266366e-06	6.7245054e-08	0.20985149	0.62508285	3.9691056e-08
priorregion3_spot_132	0.014009732	0.024132878	5.351298e-05	8.488854e-06	3.532354e-05	1.1716343e-05	0.32681763	0.41386288	0.22106782
priorregion3_spot_133	1.2684256e-07	0.17224106	3.2485023e-06	2.5528317e-08	1.7748688e-06	4.320838e-08	3.277434e-08	0.8272528	0.0005008941
priorregion3_spot_134	1.416428e-06	0.13307913	6.828607e-05	3.3577192e-06	0.18178126	7.43548e-07	0.28993222	0.23118593	0.16394772
priorregion3_spot_135	1.2971812e-07	0.1776995	1.8301965e-06	1.4278822e-07	1.0566773e-06	7.329229e-08	0.35252675	0.46977052	2.231682e-08
priorregion3_spot_136	7.151337e-07	7.80035e-07	2.806296e-07	0.03329346	3.490577e-07	0.004720312	0.51321405	0.32876837	0.12000166
priorregion3_spot_137	8.115921e-08	6.8707243e-07	2.733466e-07	5.417703e-07	2.0634621e-07	8.82893e-08	0.6525376	0.34746048	2.6935949e-08
priorregion3_spot_138	0.0011412523	5.115339e-07	1.6324577e-07	1.5574277e-06	4.4865098e-07	0.03432054	1.1102051e-06	0.14390868	0.8206258
priorregion3_spot_139	5.542098e-07	0.04353178	1.1139994e-05	0.056172434	0.21933359	2.8683655e-07	0.37234545	0.27513573	0.033469044
priorregion3_spot_140	1.0765538e-07	5.562122e-06	2.3639873e-07	2.0706209e-07	4.3772542e-07	9.746183e-08	0.4804285	0.40732384	0.11224103
priorregion3_spot_141	1.4695281e-06	0.12869519	2.3015757e-05	4.2938464e-07	0.04688815	3.9661663e-07	0.30247366	0.476739	0.045178715
priorregion3_spot_142	8.8623985e-08	0.3157218	0.09382041	1.08866814e-07	0.2530036	5.1462482e-08	0.23094116	0.10651268	1.2829967e-08
priorregion3_spot_143	1.148347e-06	0.1642377	0.10415421	3.1306675e-07	0.123690724	2.6161516e-07	0.14870805	0.2764789	0.18272874
priorregion3_spot_144	0.002628781	2.4706765e-07	5.3972027e-08	2.2118224e-06	9.952653e-08	4.076719e-07	0.8697985	0.0015953629	0.12597434
priorregion3_spot_145	8.945639e-06	0.304281	0.00084614236	1.117673e-06	0.03773265	1.2063418e-06	0.2128951	0.39023915	0.053994797
priorregion3_spot_146	2.732106e-07	0.00010038044	5.455469e-07	8.676871e-05	9.613102e-07	3.1667088e-07	0.5550172	0.3755368	0.0692569
priorregion3_spot_147	0.007961324	0.3426499	0.0010835729	3.2060266e-06	0.19859836	8.293748e-06	0.08245657	0.19468182	0.17255692
priorregion3_spot_148	9.0560616e-07	0.30047658	0.07334038	1.8547728e-07	2.8272463e-05	2.615175e-07	0.22772425	0.29164404	0.10678518
priorregion3_spot_149	4.6969902e-07	0.06664872	7.016397e-05	1.9868801e-07	0.1376415	6.0521444e-08	0.2978462	0.49779263	2.6279295e-08
priorregion3_spot_150	0.084755935	0.2039609	4.4787863e-05	1.3614073e-07	0.13574462	1.428445e-07	1.9201559e-07	0.18932384	0.38616946
priorregion3_spot_151	2.9936572e-07	2.624677e-07	2.5520066e-07	1.6072484e-06	2.7022702e-07	3.8950992e-07	0.61921227	0.3807847	3.0883136e-08
priorregion3_spot_152	3.4093117e-07	0.027206516	1.9880437e-07	1.5100479e-06	3.40203e-07	4.9980974e-07	0.75229603	0.09596644	0.12452811
priorregion3_spot_153	0.017099923	0.041177697	5.7892057e-06	4.6279853e-05	1.45310605e-05	7.8585515e-05	0.46586138	0.2511334	0.22458245
priorregion3_spot_154	2.912677e-07	0.41463023	0.007654497	1.12952236e-07	0.071061	7.052598e-08	0.041244872	0.4654088	4.4209763e-08
priorregion3_spot_155	7.167757e-07	1.4013128e-07	1.32343905e-08	8.803756e-08	9.501983e-07	4.3508322e-08	1.8372683e-07	0.1682292	0.8317687
priorregion3_spot_156	3.279968e-07	8.594002e-07	0.05012504	0.14760043	0.044832326	1.0113795e-06	0.6847033	0.008552153	0.06418463
priorregion3_spot_157	1.6722163e-07	9.9314e-06	1.0445336e-06	1.692775e-07	9.86834e-07	1.07573285e-07	0.13831006	0.6659594	0.19571808
priorregion4_spot_1	0.20793302	3.7999325e-05	1.2774843e-05	2.6641458e-06	0.05288303	4.0208183e-06	3.690798e-06	0.13423535	0.6048874
priorregion4_spot_2	0.32470593	2.0081128e-05	3.4783425e-05	1.3985302e-06	0.16261628	6.805473e-06	2.4692033e-06	0.034586012	0.47802624
priorregion4_spot_3	6.543221e-08	1.295139e-07	2.2937211e-08	0.013780515	4.0234283e-08	0.022254355	1.5610409e-06	0.18925436	0.7747089
priorregion4_spot_4	0.14178345	0.009341838	2.7196877e-06	1.2285631e-06	0.05145052	8.151122e-07	7.5018397e-06	0.15205936	0.64535254
priorregion4_spot_5	0.018885922	0.2595786	1.5709733e-05	1.4426773e-06	0.019166403	9.112584e-06	2.3747339e-06	0.307361	0.39497948
priorregion4_spot_6	0.54891443	2.1263517e-05	0.042615328	8.8094524e-08	0.12468671	5.8566815e-07	1.2827186e-07	0.016238283	0.2675232
priorregion4_spot_7	0.24480325	1.7280722e-06	2.5411373e-05	6.418276e-08	0.5167687	1.2458281e-07	9.095822e-08	6.845669e-07	0.2384
priorregion4_spot_8	0.48697743	0.033638466	0.035560846	3.1483128e-07	0.2043113	3.9727176e-05	6.9944986e-07	1.4743998e-05	0.23945644
priorregion4_spot_9	0.0019376976	2.9755088e-07	6.206196e-08	0.00019485387	3.1102383e-07	1.9078302e-06	2.1227786e-06	0.19304359	0.80481917
priorregion4_spot_10	6.925294e-07	1.3231273e-07	1.623547e-08	8.0127684e-08	9.2250053e-07	4.0585938e-08	1.7206436e-07	0.16820824	0.8317897
priorregion4_spot_11	0.19200063	3.6921585e-05	1.4674397e-05	6.4461215e-06	0.062410798	8.376792e-06	5.1394404e-06	0.10447316	0.64104384
priorregion4_spot_12	0.30101085	1.8690235e-06	0.023141757	1.5262863e-07	0.16273771	2.0348571e-07	3.7516295e-07	0.03279912	0.480308
priorregion4_spot_13	0.00751112	1.2189242e-06	6.4461096e-07	5.60409e-06	1.2258425e-06	0.01949297	0.0019044298	0.1525398	0.818543
priorregion4_spot_14	0.10912258	1.5370571e-05	5.5196856e-06	3.8953694e-06	2.8948352e-05	4.4116705e-06	4.1997714e-06	0.19022413	0.70059097
priorregion4_spot_15	0.43957388	0.05896661	9.205561e-06	1.4478096e-07	0.15921201	4.9334693e-07	2.1161372e-07	0.0251812	0.31705627
priorregion4_spot_16	0.54151416	0.020546444	0.025213294	5.162477e-08	0.13516591	1.8102526e-07	7.33027e-08	0.022002695	0.2555572
priorregion4_spot_17	0.48395762	0.053868514	0.0014893546	5.2583e-08	0.15815803	1.0779347e-07	9.26309e-08	6.247852e-07	0.3025257
priorregion4_spot_18	0.33880612	0.01217664	1.8708375e-06	3.928235e-07	1.9629445e-06	0.0036360798	6.186709e-07	0.1987106	0.4466657
priorregion4_spot_19	0.29178187	0.03561051	1.0005332e-05	3.340454e-07	0.12308059	1.8904861e-06	4.0606992e-07	0.039384436	0.51013
priorregion4_spot_20	0.029526422	7.414308e-07	3.3779727e-07	1.2745317e-06	1.5100924e-06	0.0021096715	1.0175095e-05	0.14021622	0.82813364
priorregion4_spot_21	0.33183974	2.9222992e-05	0.05932341	1.2805315e-06	0.106895946	2.5692127e-05	1.2519844e-06	0.03960868	0.46227476
priorregion4_spot_22	0.49664867	1.276117e-05	0.05471349	2.196185e-07	0.14764889	3.481472e-06	3.5350416e-07	1.5600195e-06	0.30097058
priorregion4_spot_23	0.30521855	2.6362768e-05	2.0126688e-05	1.9495358e-06	0.061477784	8.322772e-06	2.854002e-06	0.12133654	0.51190746
priorregion4_spot_24	0.01611853	1.3026049e-07	3.3151526e-08	1.7462062e-07	6.52934e-07	3.2776492e-07	0.014498656	0.15627211	0.8131094
priorregion4_spot_25	0.19133262	2.0723526e-05	2.0883135e-05	1.5464437e-06	0.13911271	3.9433075e-06	2.1697024e-06	0.09227792	0.57722753
priorregion4_spot_26	0.55640274	1.1079393e-06	0.011498274	3.642943e-08	0.27274755	6.835327e-08	4.7915183e-08	6.298946e-07	0.15934956
priorregion4_spot_27	0.23459817	0.081002265	0.00013236105	1.6143558e-07	0.13782683	8.626666e-07	2.73885e-07	0.055504717	0.49093434
priorregion4_spot_28	0.6999948	5.3343392e-05	0.08184636	3.8261998e-08	6.5960007e-06	7.057805e-08	8.9179416e-08	0.0074579334	0.21064073
priorregion4_spot_29	0.7250456	4.9977587e-07	0.033511553	4.5296428e-08	0.114562735	1.9789498e-07	4.963303e-08	1.9697501e-07	0.12687923
priorregion4_spot_30	0.21515794	5.327301e-06	5.575939e-06	1.3070354e-06	2.247347e-05	3.9795164e-06	2.0232471e-06	0.15449496	0.6303064
priorregion4_spot_31	0.306556	8.238158e-05	0.08617202	3.367975e-07	0.09451637	2.8112954e-06	4.711524e-07	0.048719946	0.46394965
priorregion4_spot_32	0.29224765	0.11036666	0.023757286	2.791178e-07	0.02854739	3.4636395e-07	3.9051696e-07	0.09687934	0.44820064
priorregion4_spot_33	0.11575194	4.2609176e-05	8.562789e-06	4.4420367e-06	0.021891724	0.00016925002	2.8868631e-05	0.18209188	0.68001074
priorregion4_spot_34	0.016213719	3.309316e-07	1.5147974e-07	5.1333365e-07	9.28821e-07	2.9508996e-07	0.0118915215	0.16420737	0.8076852
priorregion4_spot_35	3.0553627e-05	9.11995e-07	3.8510373e-07	2.984083e-06	8.1705974e-07	0.02198414	2.3838893e-06	0.15235822	0.82561964
priorregion4_spot_36	0.4718009	0.0970021	0.004202525	7.7225e-08	0.20854844	1.1732269e-06	1.13293126e-07	0.009532282	0.20891242
priorregion4_spot_37	0.30776298	5.5358873e-06	1.684419e-05	4.2587828e-07	0.12575057	1.8763327e-06	3.8683194e-07	0.036776092	0.52968526
priorregion4_spot_38	0.32352367	3.8708484e-07	0.000104634884	4.4366278e-08	0.35936242	1.1874798e-07	5.8256276e-08	1.5379437e-07	0.31700853
priorregion4_spot_39	0.52095735	0.1014777	3.5235828e-07	8.599539e-08	0.018876163	3.0752705e-07	1.4044883e-07	0.03354791	0.32513997
priorregion4_spot_40	0.13738087	4.5956735e-05	5.957773e-06	2.8510437e-06	0.04029662	0.0040686163	1.5534502e-05	0.1688125	0.6493711
priorregion4_spot_41	0.36071187	1.1618594e-06	0.08092195	4.5718792e-08	0.26684794	6.346548e-08	6.956657e-08	0.0036997625	0.2878171
priorregion4_spot_42	0.27722558	4.111598e-05	2.3061612e-05	2.3772172e-06	0.019353483	2.7154695e-06	0.0021834054	0.11376095	0.5874073
priorregion4_spot_43	0.35025233	6.053483e-06	5.304824e-06	1.7618245e-07	0.10090119	1.2304633e-06	3.1228996e-07	0.07367998	0.4751534
priorregion4_spot_44	0.023961287	1.7252631e-06	1.1197889e-06	3.3638876e-06	1.953397e-06	1.24815515e-05	0.0071919374	0.14476985	0.82405627
priorregion4_spot_45	0.20812556	0.007955246	1.5360294e-05	5.8111857e-07	0.13523917	1.9444558e-06	6.9295845e-07	0.08804385	0.5606175
priorregion4_spot_46	0.44409502	0.12637538	0.012907525	1.0741895e-07	0.34123015	2.0362546e-07	7.234758e-08	3.3123742e-06	0.07538811
priorregion4_spot_47	0.008806135	1.7952232e-06	1.143453e-06	8.106421e-06	1.8200336e-06	0.016784776	0.0036847491	0.1550424	0.815669
priorregion4_spot_48	0.3866328	0.00058397255	0.051749427	6.786302e-07	0.05104999	5.727287e-06	9.490729e-07	0.0472724	0.46270406
priorregion4_spot_49	0.6274241	1.9465178e-05	0.017352438	6.053028e-08	0.044991035	4.4296155e-07	9.742178e-08	1.0085499e-06	0.31021136
priorregion4_spot_50	0.66271245	4.1012677e-07	2.1426424e-06	3.9831576e-08	0.13238356	8.088019e-08	5.1341395e-08	1.5849423e-07	0.20490107
priorregion4_spot_51	0.003779945	1.5941676e-07	3.3510393e-08	2.3184278e-07	1.1223822e-06	9.0193886e-08	4.7620102e-07	0.17653926	0.8196787
priorregion4_spot_52	0.01468185	4.777828e-07	2.0746614e-07	5.865728e-07	1.2513694e-06	0.009950365	1.0949624e-06	0.13603969	0.83932453
priorregion4_spot_53	0.29729354	3.229359e-05	4.1706586e-05	3.9849706e-06	0.13317527	0.016873013	6.741163e-06	0.15533552	0.39723793
priorregion4_spot_54	0.25313702	0.03406398	8.772709e-05	7.133817e-07	0.020509647	8.413644e-07	1.5221724e-06	0.12958768	0.56261086
priorregion4_spot_55	0.22579725	0.010178338	1.0149099e-05	1.0796674e-06	0.083460316	2.4172657e-06	1.5245033e-06	0.1061019	0.574447
priorregion4_spot_56	0.029523969	6.640753e-07	3.0660706e-07	1.1348176e-06	1.4287527e-06	0.002112601	8.9038085e-06	0.14021862	0.8281324
priorregion4_spot_57	0.41255733	0.03595008	0.17938916	7.6046625e-08	0.0566322	2.544945e-07	9.994496e-08	0.02648576	0.28898504
priorregion4_spot_58	0.45196256	2.4942134e-05	0.02423206	4.3237173e-07	0.22709484	9.688138e-06	6.2651424e-07	1.7906914e-05	0.29665694
priorregion4_spot_59	0.0011418534	5.8402895e-07	1.6225007e-07	1.7392139e-06	4.9007497e-07	0.0343183	1.1783555e-06	0.14390999	0.82062566
priorregion4_spot_60	0.009660964	1.9322279e-06	1.0958037e-06	9.3676645e-06	2.0907855e-06	0.008950413	1.3669398e-05	0.15948159	0.82187885
priorregion4_spot_61	0.24545246	0.074329704	0.00015699494	1.4330963e-06	0.2280951	3.4548882e-06	2.7739948e-06	0.05323746	0.39872065
priorregion4_spot_62	0.2555028	6.402492e-05	8.4544035e-06	2.298323e-07	0.2344712	3.8209862e-07	3.127765e-07	0.05782213	0.4521304
priorregion4_spot_63	0.023962954	1.6094239e-06	1.1855275e-06	3.1771299e-06	1.8664095e-06	1.1299175e-05	0.007193246	0.1447712	0.82405347
priorregion4_spot_64	0.021250872	9.4968703e-07	6.315778e-07	2.1005096e-06	1.0507999e-06	0.0059905904	0.006640906	0.14208417	0.82402873
priorregion4_spot_65	0.3817973	6.061974e-06	0.09926174	1.6379673e-07	0.12661338	1.7023463e-06	2.1971108e-07	4.987224e-06	0.39231443
priorregion4_spot_66	0.424292	3.9731018e-05	3.47137e-05	1.9720083e-07	0.15702851	5.078384e-07	4.1216492e-07	0.06996366	0.34864035
priorregion4_spot_67	0.7043938	8.2078407e-07	0.13533494	3.8188773e-08	1.3524262e-05	1.4936563e-07	5.728308e-08	0.00563701	0.15461968
priorregion4_spot_68	0.21961085	1.4961655e-05	7.66029e-06	1.3855486e-06	0.05934536	7.602758e-06	1.6300733e-06	0.10512039	0.6158901
priorregion4_spot_69	0.36209187	0.022230726	0.057777163	8.301677e-08	0.22080718	2.899431e-07	1.4174333e-07	0.026650723	0.31044185
priorregion4_spot_70	0.29710114	2.2984015e-05	5.4151344e-05	1.5132346e-06	0.16049217	4.8331144e-06	1.5871921e-06	0.048367817	0.4939538
priorregion4_spot_71	0.44067535	0.0065606423	0.058967188	1.6714992e-07	0.19944918	7.3519425e-07	3.749567e-07	0.003795789	0.29055056
priorregion4_spot_72	0.5497501	1.7137864e-06	0.16615285	5.37127e-08	0.058508508	7.105551e-08	9.121046e-08	3.4765577e-07	0.22558625
priorregion4_spot_73	0.3019831	0.054977838	2.9924375e-05	1.2561046e-06	0.113326155	3.9603565e-06	1.3428873e-06	0.07851135	0.4511651
priorregion4_spot_74	0.36570308	0.05597748	0.074740626	1.11059165e-07	0.103886925	1.8307992e-07	2.1666983e-07	0.035544734	0.36414662
priorregion4_spot_75	0.33940852	0.023623513	5.5568165e-07	1.5178044e-07	8.183456e-07	7.7817344e-07	1.8070065e-07	0.19643903	0.4405265
priorregion4_spot_76	0.35220551	1.3956453e-06	0.038533174	1.1983722e-07	0.14011626	2.2891321e-07	2.2136085e-07	0.03938037	0.42976275
priorregion4_spot_77	0.033414505	1.817661e-07	3.59767e-08	1.4408197e-07	4.4150573e-07	9.669956e-08	0.026316848	0.14857328	0.7916945
priorregion4_spot_78	0.43982503	5.689952e-05	5.936613e-05	3.4544207e-06	0.077546895	0.0055001387	2.8193597e-06	0.153822	0.32318336
priorregion4_spot_79	0.5777932	2.468341e-07	0.13368218	2.9824008e-08	0.11308548	4.878238e-08	3.9147917e-08	6.5445114e-08	0.17543872
priorregion4_spot_80	4.4711264e-06	1.2225784e-07	5.1920555e-08	2.7724798e-07	3.4472419e-07	2.0495207e-07	4.9983703e-07	0.17765847	0.82233554
priorregion4_spot_81	0.005512322	2.0619937e-07	2.5445813e-08	0.011179032	1.9365399e-07	2.27228e-06	2.7639912e-06	0.19637477	0.7869284
priorregion4_spot_82	0.35814118	4.6553305e-05	0.002172658	3.3626384e-07	0.102253124	1.3433016e-06	4.6699637e-07	0.06401885	0.47336546
priorregion4_spot_83	0.5078255	0.029258912	1.3174204e-06	1.508988e-07	0.022508122	1.9832079e-07	0.023635019	0.08353529	0.33323547
priorregion4_spot_84	0.16413924	0.34363267	0.00014947167	9.919803e-07	0.004563857	1.4203389e-05	9.232933e-07	0.21531942	0.2721793
priorregion4_spot_85	0.0019365144	3.8030825e-07	1.0155147e-07	0.00018523127	3.3702077e-07	2.4659162e-06	2.5432398e-06	0.19305247	0.80482
priorregion4_spot_86	0.0075126262	1.2259086e-06	6.036008e-07	5.423447e-06	1.0813618e-06	0.019488217	0.0019067599	0.15254699	0.81853706
priorregion4_spot_87	0.009661641	2.4650371e-06	1.2945885e-06	1.0583227e-05	3.2080604e-06	0.00894543	1.6338836e-05	0.15942399	0.82193506
priorregion4_spot_88	0.42316526	1.327526e-06	0.10491155	5.1378983e-08	0.2708909	1.6042972e-07	5.8656234e-08	5.6369925e-07	0.20103016
priorregion4_spot_89	0.017567197	1.7316194e-07	7.8361026e-08	2.97695e-07	6.9825575e-07	3.8049666e-07	0.016914709	0.16079396	0.8047225
priorregion4_spot_90	0.17366892	6.467214e-06	1.03749135e-05	1.6581217e-06	0.031512726	3.2761665e-05	3.316063e-06	0.14094408	0.6538196
priorregion4_spot_91	0.30444694	9.17417e-06	0.0010663489	6.660333e-07	0.2342527	2.3215475e-06	1.0657941e-06	2.0379048e-05	0.4602005
priorregion4_spot_92	0.23357923	0.000105217114	2.0803853e-05	3.0799943e-06	0.09111799	9.696493e-06	4.316418e-06	0.089196734	0.58596283
priorregion4_spot_93	0.17777127	0.0036122596	9.0773865e-06	5.551214e-07	0.22372448	4.3729517e-07	1.4045751e-06	0.115334466	0.4795461
priorregion4_spot_94	0.024575185	1.0491029e-06	7.480376e-07	1.7353118e-06	1.2984968e-06	1.2517369e-05	0.006224473	0.14123246	0.82795054
priorregion4_spot_95	0.33229387	5.9747513e-06	0.06638702	6.786273e-08	0.24145427	1.4078839e-07	1.07332355e-07	0.016656518	0.34320205
priorregion4_spot_96	0.27259916	0.00014381297	0.015828203	6.1503476e-07	0.14992172	1.3339283e-06	9.2461846e-07	0.06338467	0.4981195
priorregion4_spot_97	0.35441267	7.964614e-06	0.04469773	1.219545e-07	0.054978337	1.6884248e-07	2.5184895e-07	0.0780695	0.46783322
priorregion4_spot_98	0.2622053	0.04741687	0.014984993	2.9364958e-07	0.00011513654	2.408953e-07	4.715684e-07	0.1237807	0.5514959
priorregion4_spot_99	0.13015515	6.582142e-06	1.5300254e-06	2.165061e-06	4.300041e-06	0.00018090878	3.921538e-06	0.1506212	0.71902424
priorregion4_spot_100	0.48835602	0.03376421	1.4196678e-05	1.5299254e-07	0.14553104	1.4154577e-06	2.5265723e-07	0.02324517	0.3090876
priorregion4_spot_101	0.015049261	2.1367882e-07	5.3850293e-08	2.1059107e-07	1.8370778e-06	1.5151383e-07	0.010029189	0.16066098	0.8142581
priorregion4_spot_102	0.027709221	5.4256736e-07	3.565028e-07	1.070778e-06	9.35347e-07	0.011723805	0.008810762	0.13331866	0.8184346
priorregion4_spot_103	2.1374571e-08	6.571909e-08	1.1991628e-08	5.747936e-08	1.7473671e-07	3.0358102e-08	1.15224225e-07	0.15570553	0.844294
priorregion4_spot_104	0.014683666	5.151529e-07	2.5568326e-07	6.655614e-07	1.0523293e-06	0.009954885	1.1962359e-06	0.13603225	0.83932555
priorregion4_spot_105	0.005515836	2.0888973e-07	2.6420972e-08	0.011173512	1.891954e-07	2.275146e-06	2.8074176e-06	0.19638081	0.78692436
priorregion4_spot_106	6.988632e-07	1.3517074e-07	1.7193395e-08	8.384478e-08	9.4344267e-07	4.269681e-08	1.8141125e-07	0.16822094	0.8317769
priorregion4_spot_107	0.46328965	0.012268192	0.04867778	3.58938e-07	0.18817116	7.186431e-06	6.2753855e-07	1.5629908e-05	0.28756937
priorregion4_spot_108	0.34090528	4.1560437e-05	0.008311484	1.375953e-06	0.20307854	6.2900044e-06	2.0093673e-06	0.039242804	0.4084107
priorregion4_spot_109	0.25774243	1.4004756e-05	7.240889e-06	4.5713564e-06	1.1661056e-05	0.0075461925	0.0072804117	0.18293765	0.5444558
priorregion4_spot_110	7.0063725e-06	2.3135391e-07	2.9733052e-08	2.4169589e-05	3.1867503e-07	1.2370173e-06	8.2564054e-07	0.19021885	0.80974734
priorregion4_spot_111	0.49640515	0.049414538	4.57367e-06	6.071583e-08	0.12824385	1.0857115e-07	9.652167e-08	0.03255262	0.29337904
priorregion4_spot_112	0.5885556	3.8453098e-07	0.045786653	5.798665e-08	0.057648927	1.2263716e-07	9.2126726e-08	1.7428258e-07	0.30800804
priorregion4_spot_113	2.0552773e-07	2.3213067e-07	4.5341565e-08	0.00092672993	1.4336327e-07	0.0068855477	1.420886e-06	0.18949543	0.8026902
priorregion4_spot_114	0.17760627	0.023557672	0.028797504	1.0039861e-06	0.1305758	2.1612389e-06	1.2511093e-06	0.077301085	0.5621572
priorregion4_spot_115	0.19766083	3.101687e-06	1.0723401e-05	4.6609782e-07	0.15975489	2.2322886e-06	6.655516e-07	0.03444573	0.60812134
priorregion4_spot_116	0.32506582	2.020594e-05	3.4277055e-05	1.4272733e-06	0.06351215	4.2910037e-06	2.6356176e-06	0.07113007	0.5402292
priorregion4_spot_117	0.23693074	7.5413705e-06	1.4333955e-05	0.00089843303	0.064519875	4.2859792e-06	2.1796172e-06	0.099453636	0.59816897
priorregion4_spot_118	0.0019380309	3.237269e-07	7.7944556e-08	0.00019024547	3.0595052e-07	2.0185591e-06	2.3187479e-06	0.19305043	0.80481625
priorregion4_spot_119	0.43300036	3.5591584e-06	3.0006695e-06	8.120104e-07	1.0100971e-05	0.03878139	2.3235477e-06	0.26390627	0.26429215
priorregion4_spot_120	0.28763762	0.04360056	0.00020193179	4.4359274e-07	0.022567872	6.0220634e-07	8.0551007e-07	0.115627706	0.5303624
priorregion4_spot_121	0.017581293	1.8254283e-07	7.81489e-08	2.9362792e-07	6.901785e-07	3.7791554e-07	0.016913025	0.16078915	0.8047149
priorregion4_spot_122	0.00880765	1.6390968e-06	1.0541811e-06	7.856849e-06	1.9073461e-06	0.016790474	0.0036900656	0.15506788	0.81563145
priorregion4_spot_123	0.5149378	2.3873983e-07	0.056354214	0.00079037156	0.2383561	1.6360592e-07	6.5384064e-08	7.029411e-08	0.18956092
priorregion4_spot_124	6.0793845e-08	1.7735957e-07	1.6485268e-08	0.00014808768	6.124874e-08	0.006925925	4.618794e-07	0.18331574	0.8096095
priorregion4_spot_125	0.4160204	0.02183537	2.9902954e-05	1.4714958e-07	0.15112837	9.2092114e-07	2.1356942e-07	0.05440617	0.35657856
priorregion4_spot_126	0.011564163	1.1025058e-06	6.3285944e-07	5.613113e-06	9.302088e-07	0.023930434	0.005005697	0.15004303	0.80944836
priorregion4_spot_127	0.3355451	2.5289778e-06	2.1974993e-05	3.7506751e-07	0.08271759	5.9481135e-07	2.1460386e-07	0.09021133	0.49150026
priorregion4_spot_128	0.32204947	0.10052093	2.0474989e-05	4.5732924e-07	0.06367211	5.938047e-07	1.1398943e-06	0.043510623	0.4702243
priorregion4_spot_129	0.012791619	2.0054058e-06	1.1344698e-06	7.5379603e-06	2.0361997e-06	0.009729418	0.0038843923	0.15448606	0.81909585
priorregion4_spot_130	7.744632e-07	1.5007451e-07	1.6373983e-08	9.03404e-08	9.443548e-07	4.505414e-08	1.9080157e-07	0.16821322	0.83178455
priorregion4_spot_131	0.6512629	2.7546566e-05	2.0682908e-05	1.2297797e-07	0.12717438	2.404517e-06	2.0874813e-07	0.010121217	0.2113905
priorregion4_spot_132	0.10440699	1.851355e-05	1.6533906e-05	1.2814551e-06	0.32541966	1.897902e-06	1.7016474e-06	0.047721963	0.52241147
priorregion4_spot_133	0.30229497	0.10040203	0.061959997	1.14760624e-07	0.099457614	2.3560669e-07	2.1981855e-07	0.098979756	0.33690512
priorregion4_spot_134	0.008808925	1.8574648e-06	1.0967564e-06	8.474031e-06	1.817874e-06	0.016788738	0.003687044	0.15505658	0.81564546
priorregion4_spot_135	0.8125827	2.97656e-07	0.087849036	2.6897299e-08	0.099567786	4.7272824e-08	5.733353e-08	7.193604e-08	9.158291e-09
priorregion4_spot_136	0.0075109936	1.2253114e-06	6.1264586e-07	6.075247e-06	1.3777122e-06	0.019491678	0.0019050775	0.15254097	0.818542
priorregion4_spot_137	0.008360921	3.2093266e-07	7.508847e-08	1.2121354e-06	4.2095837e-07	0.0032317424	0.0095625	0.1785777	0.80026513
priorregion4_spot_138	0.3726243	0.048769694	0.01166799	4.0913096e-07	0.049506012	4.886727e-07	1.8380953e-07	0.022298258	0.49513265
priorregion4_spot_139	0.41252968	1.2852551e-05	0.00016552383	1.5443015e-07	0.21834594	1.7794247e-06	2.5808288e-07	2.0752168e-06	0.36894163
priorregion4_spot_140	0.62927854	0.018552678	0.00016428308	1.0904541e-07	0.16421512	1.2743334e-06	2.2824325e-07	0.01662971	0.17115813
priorregion4_spot_141	0.45478565	1.3306572e-05	0.021052482	3.0323438e-08	0.38025668	1.2942051e-07	3.575426e-08	6.422656e-07	0.14389095
priorregion4_spot_142	0.0038066108	8.9080726e-07	3.4472595e-07	4.4235294e-06	8.2191224e-07	0.029630208	3.5028627e-06	0.15012215	0.81643105
priorregion4_spot_143	0.48895097	0.00016942222	3.532724e-05	1.1994824e-07	0.17068928	7.31256e-07	1.8004292e-07	0.021835716	0.31831828
priorregion4_spot_144	0.22126304	6.631754e-05	0.057636205	1.3669961e-06	0.30861297	4.616228e-06	1.7698542e-06	0.025771905	0.38664183
priorregion4_spot_145	0.024372842	0.31693643	6.449005e-05	3.2171959e-06	0.00011669306	0.00014204772	3.8217236e-06	0.30312717	0.35523325
priorregion4_spot_146	0.41036338	0.11571694	0.04660709	1.0356171e-06	0.14473031	0.0025390955	1.8579427e-06	0.099585265	0.18045492
priorregion4_spot_147	0.008805096	1.7098279e-06	1.1088408e-06	8.477583e-06	1.7883107e-06	0.016783006	0.0036847377	0.15504088	0.81567323
priorregion4_spot_148	0.13377714	4.0715368e-05	0.0075279786	8.326142e-07	0.34378698	1.3499294e-06	1.2532406e-06	0.06539762	0.44946614
priorregion4_spot_149	0.29317874	1.9026233e-05	9.002929e-05	7.855672e-07	0.26376796	6.726695e-06	1.1956931e-06	0.038305935	0.40462962
priorregion4_spot_150	0.49074566	1.4883404e-06	0.23123977	2.2676954e-08	0.12468453	2.1573283e-07	3.0098526e-08	4.4986132e-07	0.15332793
priorregion4_spot_151	0.038539745	1.3470942e-07	7.625642e-08	2.4965405e-07	1.5646964e-07	3.1056737e-07	0.043736923	0.14568613	0.77203625
priorregion4_spot_152	0.49581835	1.8394301e-05	0.037209522	0.0006768893	0.14179607	1.4354079e-07	9.427602e-08	0.02434207	0.30013844
priorregion4_spot_153	0.21366042	1.8906125e-05	1.5114625e-05	2.4290837e-06	0.054037858	2.395001e-06	2.6152977e-06	0.10545757	0.62680274
priorregion4_spot_154	9.789417e-08	1.411736e-07	3.3330938e-08	0.013770451	5.6973104e-08	0.022210483	1.671341e-06	0.18921956	0.77479744
priorregion4_spot_155	0.0011408573	4.987891e-07	1.6066868e-07	1.5450884e-06	5.179351e-07	0.034326598	1.1160289e-06	0.14390673	0.82062197
priorregion4_spot_156	0.020498333	6.1833657e-07	4.1614032e-07	1.0284865e-06	8.939657e-07	0.008289315	0.0047908737	0.13785343	0.82856506
priorregion4_spot_157	6.366089e-08	1.8365537e-07	1.8693541e-08	0.00014868473	6.647698e-08	0.006933548	4.712975e-07	0.18328787	0.8096291
priorregion4_spot_158	0.2625812	0.04128629	2.1077663e-05	2.2560876e-07	0.10944392	2.6388054e-07	4.3185125e-07	0.083525285	0.5031414
priorregion4_spot_159	0.62490606	1.5783058e-07	0.27431223	2.3122237e-08	4.040278e-06	6.286114e-08	3.9097362e-08	5.6169345e-08	0.10077734
priorregion4_spot_160	0.014686395	5.6360443e-07	2.2989532e-07	6.7795855e-07	1.1646263e-06	0.009954894	1.2651338e-06	0.13602972	0.83932513
priorregion4_spot_161	0.45510876	1.1979405e-05	5.468145e-05	5.3138695e-07	0.11678804	1.0617498e-06	6.999295e-07	0.06379655	0.36423773
priorregion4_spot_162	0.32126504	0.0034856224	1.6960254e-05	1.158534e-06	0.04382728	9.928631e-06	1.5560164e-06	0.10948717	0.5219053
priorregion4_spot_163	0.013343329	0.25434756	1.6463839e-05	1.4714468e-06	0.015341413	1.1282854e-05	2.379015e-06	0.30353636	0.41339967
priorregion4_spot_164	0.021197362	1.087833e-06	6.345443e-07	2.0023474e-06	1.2771585e-06	6.83084e-06	8.079414e-06	0.14719264	0.8315901
priorregion4_spot_165	0.41682115	0.020754375	1.8735138e-05	1.3962037e-07	0.17481406	3.968528e-07	2.4776264e-07	0.019173423	0.3684174
priorregion4_spot_166	0.023961285	1.4462856e-06	1.1699985e-06	2.8913607e-06	1.9701456e-06	1.0397995e-05	0.007191293	0.14476867	0.82406086
priorregion4_spot_167	0.28697896	7.361176e-07	6.5226677e-06	6.799606e-08	0.25321335	7.8633065e-08	1.1432544e-07	0.021322243	0.43847793
priorregion4_spot_168	0.36274168	0.05943754	0.05316293	1.0885002e-07	5.5740725e-06	1.7787957e-07	1.5289451e-07	0.08121629	0.4434355
priorregion4_spot_169	0.74981093	1.1407603e-07	0.25018722	1.6479149e-08	1.5571178e-06	4.8425964e-08	2.0038302e-08	5.228958e-08	3.1836176e-09
priorregion4_spot_170	0.30855072	0.016613018	1.4100224e-05	4.3419686e-06	0.025255963	4.040465e-06	2.2967936e-06	0.118604265	0.53095126
priorregion4_spot_171	0.0088086575	2.2382535e-06	1.0579978e-06	9.910931e-06	1.9304478e-06	0.016784512	0.0036853075	0.15505186	0.8156546
priorregion4_spot_172	0.66196954	6.6990765e-07	0.06480614	2.583507e-08	0.10136729	1.6890112e-07	3.889667e-08	1.7130715e-07	0.17185597
priorregion4_spot_173	0.029342491	2.1304265e-07	7.480056e-08	2.6573144e-07	6.268207e-07	1.5431283e-07	0.028841017	0.15352096	0.7882942
priorregion4_spot_174	6.696495e-06	2.3087613e-07	2.913176e-08	2.3551473e-05	3.3522255e-07	1.2095459e-06	8.044942e-07	0.19021697	0.8097502
priorregion4_spot_175	0.024575653	1.0431548e-06	6.3019644e-07	1.6655492e-06	1.2009548e-06	1.1064083e-05	0.0062253256	0.14122604	0.8279574
priorregion4_spot_176	0.003780519	1.7927253e-07	4.51782e-08	2.6834462e-07	1.0286467e-06	1.03230704e-07	5.003474e-07	0.17653286	0.8196845
priorregion5_spot_1	1.5347558e-07	1.8746803e-07	8.394245e-08	0.91745883	1.5678748e-07	1.4914649e-06	0.08253897	1.5559245e-07	3.9873864e-08
priorregion5_spot_2	5.8022835e-07	2.691569e-07	1.2267682e-07	0.8789283	1.8164472e-07	8.54729e-07	0.12105553	1.4031261e-05	4.578792e-08
priorregion5_spot_3	1.0969059e-07	1.5119977e-07	8.52325e-08	0.72038704	8.843198e-08	0.12727943	0.14129718	0.01103581	2.0913264e-07
priorregion5_spot_4	1.3245311e-07	8.116448e-08	6.711054e-08	0.99901426	7.7567286e-08	1.3305281e-06	0.0009836617	6.8868516e-08	2.572407e-07
priorregion5_spot_5	1.3107353e-07	1.2387092e-07	9.766591e-08	0.932307	1.0069104e-07	1.1664974e-06	0.066485986	1.6715424e-07	0.0012053391
priorregion5_spot_6	5.0292044e-08	2.9099851e-06	0.014342765	0.98565274	2.3330716e-07	2.2644033e-07	9.650083e-07	2.189695e-07	1.3103701e-08
priorregion5_spot_7	5.5796534e-08	1.1229125e-07	1.0915315e-07	0.99999183	1.1798967e-07	2.2668598e-07	7.4918025e-06	1.0837078e-07	4.8372005e-08
priorregion5_spot_8	1.4111913e-07	1.4621354e-07	1.2944626e-07	0.7328838	1.3854326e-07	0.00062680925	0.26630116	1.8525448e-07	0.00018744024
priorregion5_spot_9	5.669132e-07	1.5567653e-07	1.355702e-07	0.50826126	1.5093511e-07	0.12741636	0.36432117	1.3421918e-07	7.02627e-08
priorregion5_spot_10	2.4631794e-07	1.3889108e-07	1.9739844e-07	0.7589493	1.8642211e-07	0.00010662215	0.24044229	1.4139319e-07	0.00050087133
priorregion5_spot_11	7.7207466e-07	7.5410753e-07	4.556695e-07	0.727345	6.261664e-07	0.03243017	0.2402141	8.092557e-06	8.346857e-08
priorregion5_spot_12	1.6695572e-07	4.260913e-07	2.4455912e-07	0.8762117	3.1820676e-07	9.612014e-06	0.12377628	4.9540955e-07	7.9449546e-07
priorregion5_spot_13	1.1253572e-07	6.245146e-07	3.2892336e-07	0.99999636	4.760866e-07	1.8419065e-07	1.3634566e-06	4.120294e-07	1.7738839e-07
priorregion5_spot_14	8.9970723e-07	1.9305494e-07	1.7433806e-07	0.8589834	2.0504777e-07	0.001564861	0.13865174	1.8313162e-07	0.00079829723
priorregion5_spot_15	1.2780788e-07	1.3526811e-07	8.728758e-08	0.88170284	8.319605e-08	7.873272e-05	0.054962955	0.061766203	0.0014888033
priorregion5_spot_16	9.910781e-07	4.067282e-07	3.7216188e-07	0.69506437	4.8068375e-07	0.0006347137	0.30429778	7.68109e-07	1.5758116e-07
priorregion5_spot_17	1.07922475e-07	1.166461e-07	1.5681186e-07	0.8992919	1.84459e-07	1.14681525e-05	0.10069601	8.469255e-08	2.98759e-08
priorregion5_spot_18	1.8213407e-07	1.6191883e-07	1.0010265e-07	0.67821527	1.14019386e-07	2.9870323e-05	0.31825346	1.9164275e-07	0.0035005482
priorregion5_spot_19	3.1801444e-06	3.5235993e-07	2.0024363e-07	0.7499225	2.4976845e-07	0.017041225	0.2330173	1.4736087e-05	1.5350945e-07
priorregion5_spot_20	1.4127619e-07	1.6201425e-07	6.125957e-08	0.8758554	7.856326e-08	5.367125e-07	0.12414296	6.308915e-07	5.0595425e-08
priorregion5_spot_21	0.009347085	5.0812673e-07	2.4336074e-07	0.9315104	3.937164e-07	1.8250443e-05	0.059122663	4.0253585e-07	3.7642636e-08
priorregion5_spot_22	5.1452037e-07	1.68024e-07	1.9590316e-07	0.67223996	2.3114939e-07	0.018477933	0.30826196	2.470688e-07	0.0010187002
priorregion5_spot_23	1.3519036e-07	1.104593e-07	7.552408e-08	0.47213423	7.05442e-08	0.07845056	0.44941458	1.632141e-07	2.2974236e-08
priorregion5_spot_24	4.0256293e-07	2.898362e-07	5.0400484e-07	0.99997765	5.1217586e-07	7.7407884e-07	1.980979e-05	1.2440483e-07	2.4931529e-08
priorregion5_spot_25	1.0639595e-07	9.009951e-08	6.3915195e-08	0.66297483	6.8554094e-08	3.0261986e-06	0.33702162	1.1412303e-07	8.210258e-08
priorregion5_spot_26	2.0895665e-07	1.598315e-07	1.6246074e-07	0.7151382	1.0676425e-07	2.3815217e-06	0.2848586	1.0494187e-07	4.153334e-08
priorregion5_spot_27	3.115173e-07	2.837909e-07	4.4759753e-07	0.6919613	1.380682e-07	0.00012729871	0.30738425	1.3930004e-07	0.0005258925
priorregion5_spot_28	1.6705799e-06	1.1430508e-07	9.100498e-08	0.6863476	1.2225921e-07	0.10201387	0.21163633	9.847047e-08	9.3414585e-08
priorregion5_spot_29	9.1605e-08	1.2336882e-07	1.4389295e-07	0.944553	1.3036025e-07	2.2168007e-07	0.05544614	7.776857e-08	8.417468e-08
priorregion5_spot_30	1.0167255e-07	8.374675e-08	1.1112084e-07	0.8251753	1.1679961e-07	3.945979e-07	0.17482376	1.105255e-07	3.4722312e-08
priorregion5_spot_31	1.2484828e-06	1.297794e-07	9.873544e-08	0.44264355	1.0430293e-07	0.11370958	0.44364503	2.0584456e-07	3.211023e-08
priorregion5_spot_32	3.8169497e-07	1.5170724e-07	1.1092625e-07	0.8629143	1.4253177e-07	1.2465068e-05	0.13707207	3.286607e-07	4.6528534e-08
priorregion5_spot_33	3.4962727e-07	1.824082e-07	9.5857544e-08	0.97245586	1.090604e-07	0.00013310843	0.0021073453	0.0028695483	0.02243348
priorregion5_spot_34	7.646461e-07	2.828881e-07	0.07616384	0.7894736	6.0966516e-07	9.691485e-07	0.13435975	2.2915458e-07	3.3031075e-08
priorregion5_spot_35	5.2582965e-07	2.0623862e-07	1.1991398e-07	0.8069337	1.7307603e-07	0.04725546	0.1458092	4.523771e-07	6.720142e-08
priorregion5_spot_36	2.3264305e-07	2.4390567e-07	2.4241118e-07	0.8651563	2.0274793e-07	0.01828151	0.116560936	2.2682033e-07	7.445892e-08
priorregion5_spot_37	2.6165674e-07	4.247528e-07	2.3095762e-07	0.99992585	4.3068877e-07	2.823834e-06	6.9376256e-05	5.1031714e-07	8.282882e-08
priorregion5_spot_38	6.047684e-07	1.3952777e-07	9.1726434e-08	0.6720639	1.2555306e-07	4.5990073e-06	0.32793033	1.4818346e-07	2.9760614e-08
priorregion5_spot_39	5.3105794e-07	3.319188e-07	2.0671526e-07	0.715626	4.744259e-07	0.030045466	0.25432625	4.8868543e-07	2.0701157e-07
priorregion5_spot_40	4.498057e-07	1.7369379e-07	0.112460285	0.6821427	9.0911374e-07	3.98627e-06	0.2053914	8.338668e-08	2.6881358e-08
priorregion5_spot_41	0.0036042985	3.3288381e-07	1.7497668e-07	0.7979653	1.8398642e-07	0.008680713	0.18883829	4.5478657e-07	0.0009102366
priorregion5_spot_42	7.5749355e-08	8.0305306e-08	1.4324786e-07	0.9999985	7.340487e-08	3.2631385e-07	6.8046154e-07	6.1477785e-08	2.7003672e-08
priorregion5_spot_43	2.62419e-06	2.4164106e-07	6.071017e-07	0.89118654	5.231403e-07	0.014419397	0.094389915	1.9466975e-07	4.2580854e-08
priorregion5_spot_44	0.003533869	1.0343074e-07	9.146734e-08	0.81083345	1.3758468e-07	6.924657e-07	0.18563147	2.1160716e-07	1.663134e-08
priorregion5_spot_45	2.3613617e-07	2.3313179e-07	8.6347376e-07	0.9250988	3.845696e-07	8.815508e-07	0.07489834	1.1142703e-07	1.0688687e-07
priorregion5_spot_46	2.6140572e-07	1.5397357e-07	2.0577282e-07	0.8402934	2.2722709e-07	3.4260014e-05	0.1588873	2.0135826e-07	0.0007840405
priorregion5_spot_47	9.686303e-07	0.025682187	5.333971e-06	0.60721326	3.1006418e-06	0.020034043	0.3450949	3.5504254e-06	0.001962618
priorregion5_spot_48	2.6082088e-07	5.770188e-07	2.176296e-07	0.98752236	2.0042873e-07	0.009528707	1.1829676e-05	2.9093887e-06	0.0029329297
priorregion5_spot_49	4.4036406e-07	0.007694251	1.9919933e-06	0.87770665	2.837114e-06	3.7229718e-06	0.1145899	1.1614763e-07	8.850978e-08
priorregion5_spot_50	4.822071e-07	7.0133734e-05	0.08362046	0.82924813	0.017074032	2.3197722e-06	0.06998402	3.1380023e-07	5.467035e-08
priorregion5_spot_51	1.4816108e-07	1.8929894e-07	0.25031456	0.74962527	5.486659e-06	1.5724079e-07	2.4508515e-06	3.632117e-07	5.1282244e-05
priorregion5_spot_52	0.0020187367	1.2224992e-07	1.5749485e-07	0.97497815	2.466427e-07	0.021167647	0.0018346518	3.1642065e-07	1.8311834e-08
priorregion5_spot_53	8.428312e-07	1.6304395e-07	1.3025674e-07	0.63254637	1.6684301e-07	0.06612898	0.30014914	2.872429e-07	0.0011737696
priorregion5_spot_54	3.6944863e-07	2.914521e-07	2.2174784e-07	0.60905594	1.9133371e-07	0.013586017	0.37735662	2.5333426e-07	7.5014675e-08
priorregion5_spot_55	3.599811e-07	6.737544e-07	0.012608387	0.6365786	2.4666147e-06	0.018176546	0.33221805	4.672121e-07	0.0004144707
priorregion5_spot_56	2.6102356e-07	1.2986742e-07	1.0630915e-07	0.95798945	1.6895324e-07	0.04198766	1.8564224e-05	9.458666e-08	3.5855674e-06
priorregion5_spot_57	1.4075517e-06	1.9292389e-07	3.203199e-07	0.6632992	2.2588304e-07	0.022023434	0.31467488	2.5355007e-07	4.19836e-08
priorregion5_spot_58	1.9948996e-07	1.7401197e-07	1.69674e-07	0.7696003	2.0908064e-07	0.00020908842	0.23018953	2.4983535e-07	5.0491124e-08
priorregion5_spot_59	2.54995e-07	2.161161e-07	3.9516132e-07	0.9999581	3.3208917e-07	6.046169e-07	3.9893857e-05	1.7058292e-07	3.2747582e-08
priorregion5_spot_60	1.8771395e-06	3.199325e-07	2.3066859e-07	0.74169266	3.005626e-07	0.09464342	0.1636544	6.787872e-06	5.597802e-08
priorregion5_spot_61	5.41708e-07	2.5497172e-06	3.6970746e-07	0.89134365	4.4129763e-07	6.802012e-05	0.10858393	2.6712337e-07	3.3293358e-07
priorregion5_spot_62	2.4857073e-07	1.457659e-07	1.5276633e-07	0.8788091	1.7137373e-07	4.629106e-06	0.12118531	1.4393392e-07	8.679851e-08
priorregion5_spot_63	8.1400475e-07	1.9429336e-07	1.02049924e-07	0.81437695	1.4738569e-07	1.47645505e-05	0.1856067	1.8343243e-07	4.6289436e-08
priorregion5_spot_64	8.3687644e-07	2.2529937e-07	2.1664607e-07	0.5091921	5.068473e-07	0.062129777	0.42791647	2.722457e-07	0.0007595685
priorregion5_spot_65	1.3534676e-06	2.2424642e-07	1.2511036e-07	0.7248011	2.25274e-07	0.00021553983	0.2749787	2.6363737e-06	6.487529e-08
priorregion5_spot_66	3.395032e-07	1.669878e-07	1.10233294e-07	0.6929677	1.5932028e-07	0.062249225	0.2447822	1.2294167e-07	2.4046003e-08
priorregion5_spot_67	2.0013701e-07	1.4746607e-07	1.3020589e-07	0.6391013	1.6311395e-07	1.2185349e-06	0.36089647	3.587367e-07	4.2566583e-08
priorregion5_spot_68	3.2898802e-06	1.1983603e-07	1.1714517e-07	0.8130582	1.4486682e-07	3.6139754e-06	0.18693425	1.5939905e-07	8.551613e-08
priorregion5_spot_69	7.830445e-08	6.824592e-08	6.3074886e-08	0.77714294	8.302902e-08	1.9714014e-06	0.22285473	6.972414e-08	5.0746554e-08
priorregion5_spot_70	6.027664e-07	3.8425898e-07	2.2918593e-06	0.77627075	0.034637053	0.034780726	0.15360604	0.000702059	7.6073924e-08
priorregion5_spot_71	1.6949706e-07	1.4045457e-07	1.3705335e-07	0.71115863	1.5136058e-07	8.2055953e-07	0.2888398	1.1846048e-07	3.462812e-08
priorregion5_spot_72	9.6572656e-08	1.1407195e-07	1.13753536e-07	0.835554	1.534179e-07	3.872885e-06	0.16444127	2.5990272e-07	5.2878125e-08
priorregion5_spot_73	8.844143e-08	7.012206e-08	4.624153e-08	0.7894807	5.8030867e-08	3.8667067e-06	0.21030514	1.5077003e-07	0.00020989378
priorregion5_spot_74	1.7455378e-07	1.5199967e-07	2.0341588e-07	0.91794467	1.8505786e-07	0.015477917	0.06657289	3.763507e-06	2.624492e-08
priorregion5_spot_75	3.06113e-07	2.0216505e-07	3.1049083e-07	0.94342625	2.7262112e-07	3.9776992e-07	0.05657196	2.7907936e-07	3.6211514e-08
priorregion5_spot_76	1.3145724e-06	3.618628e-07	8.1532596e-07	0.6432539	4.7518196e-07	0.0049342504	0.35180843	3.4948025e-07	5.597825e-08
priorregion5_spot_77	2.7301533e-07	9.537107e-08	1.0905448e-07	0.5960383	1.2801326e-07	0.07455432	0.3281185	1.1502895e-07	0.0012882212
priorregion5_spot_78	6.7206526e-07	1.0556175e-07	9.5346294e-08	0.72785705	1.0466788e-07	0.006175744	0.26596603	1.6383264e-07	2.7608602e-08
priorregion5_spot_79	5.130076e-07	6.359702e-07	1.7427053e-07	0.7245953	2.3688679e-07	1.8686566e-07	0.2754028	1.1948744e-07	2.028323e-08
priorregion5_spot_80	2.8199955e-07	1.3420676e-07	1.4488015e-07	0.5458435	2.0155385e-07	5.973477e-07	0.4541542	8.590394e-07	3.541644e-08
priorregion5_spot_81	1.8100745e-06	2.7344524e-07	3.587301e-07	0.66507936	3.6403276e-07	0.065459065	0.26945847	2.631783e-07	4.2844636e-08
priorregion5_spot_82	1.0037861e-07	1.6109112e-07	9.0371465e-08	0.90461504	1.6166639e-07	1.5062902e-06	0.09455953	5.508586e-07	0.00082287524
priorregion5_spot_83	2.4134263e-07	3.1925092e-07	4.1847838e-07	0.8171028	8.7536597e-07	5.392244e-07	0.18289442	3.04669e-07	8.575231e-08
priorregion5_spot_84	1.4475249e-07	1.8373494e-07	1.0493798e-07	0.9793114	1.3943223e-07	2.6192963e-06	0.020685177	1.4106624e-07	9.172845e-08
priorregion5_spot_85	1.4106085e-06	5.7620827e-07	0.09578564	0.9022509	0.0019221687	4.9356623e-07	3.867236e-05	2.2218117e-07	2.5375654e-08
priorregion5_spot_86	2.35426e-07	1.8720635e-07	3.0077996e-07	0.94410896	3.2745078e-07	3.5768978e-06	0.0558857	6.533167e-07	7.403307e-08
priorregion5_spot_87	7.5389363e-07	1.3228751e-07	1.0268838e-07	0.8006025	1.3675262e-07	0.014835442	0.18456075	1.3589096e-07	4.0649695e-08
priorregion5_spot_88	0.00029186448	2.0348375e-07	5.6653903e-07	0.7593519	3.8900978e-07	9.138488e-06	0.24034575	1.4280619e-07	1.08396414e-07
priorregion5_spot_89	7.250165e-07	6.2647973e-06	7.060337e-07	0.9998908	5.557987e-07	1.302685e-05	5.1117673e-05	3.6736314e-05	6.219917e-08
priorregion5_spot_90	6.818207e-07	2.4868774e-07	1.3213655e-07	0.66677266	2.1419156e-07	0.047407757	0.28579167	2.6551008e-05	4.7696286e-08
priorregion5_spot_91	1.163217e-07	1.3340437e-07	9.480575e-08	0.8603621	1.1338391e-07	0.0041944385	0.13544269	2.389442e-07	4.4675907e-08
priorregion5_spot_92	4.0432207e-07	2.8122201e-07	1.2220917e-07	0.644953	1.7321558e-07	0.046304066	0.30874002	1.9050646e-06	4.8483788e-08
priorregion5_spot_93	2.9445096e-07	2.0892425e-07	2.655387e-07	0.6849691	4.603636e-07	0.060935926	0.2534597	3.1420234e-07	0.0006337345
priorregion5_spot_94	6.8976647e-07	2.9870165e-07	1.0006868e-06	0.6625978	1.2057039e-06	0.0022658536	0.33513266	2.8376843e-07	1.8970968e-07
priorregion5_spot_95	2.546087e-07	2.863545e-07	2.438591e-07	0.6726977	2.8963595e-07	0.08186311	0.24543574	3.9539742e-07	1.9664028e-06
priorregion5_spot_96	1.363085e-06	3.1354818e-07	4.1639458e-07	0.51406133	6.7586143e-07	0.08167481	0.40426067	2.6726656e-07	8.486322e-08
priorregion5_spot_97	0.043030046	9.973453e-08	1.1990767e-07	0.78164905	1.4916397e-07	0.0016343712	0.17368601	1.8704013e-07	2.4162537e-08
priorregion5_spot_98	1.6475045e-07	2.1781203e-07	2.5261986e-07	0.77330124	2.2558761e-07	0.026722623	0.19973291	1.5770074e-07	0.0002422582
priorregion5_spot_99	4.202256e-07	1.9566583e-07	0.08445557	0.71012264	6.435252e-07	0.06365697	0.14176333	9.320329e-08	5.3406897e-08
priorregion5_spot_100	0.15198661	1.2986764e-07	8.4947935e-08	0.72599804	1.0981581e-07	5.82631e-06	0.12177722	1.1984821e-07	0.00023190507
priorregion5_spot_101	1.0044427e-07	9.882953e-08	1.3676663e-07	0.8150624	1.3366295e-07	8.6991474e-07	0.184936	1.3526328e-07	7.027863e-08
priorregion5_spot_102	3.045961e-07	1.1025985e-06	0.029685397	0.87048674	0.06769588	3.014661e-06	0.032126404	9.937065e-07	5.5688137e-08
priorregion5_spot_103	2.748205e-07	1.503164e-07	2.4580837e-07	0.6815866	2.6585005e-07	6.061228e-05	0.3163907	2.1261283e-07	0.0019609178
priorregion5_spot_104	1.0803948e-07	1.06320286e-07	7.9598436e-08	0.6564973	1.2335907e-07	0.0013501596	0.3421516	4.5018487e-07	3.4699173e-08
priorregion5_spot_105	9.953803e-08	8.833728e-08	5.1138908e-08	0.82786584	8.123885e-08	6.9154305e-07	0.17213288	1.04569814e-07	2.0388899e-07
priorregion5_spot_106	3.6251626e-07	1.28663e-06	7.437997e-07	0.96975344	8.1790233e-07	0.028735278	0.00010597551	3.7749712e-07	0.0014018981
priorregion5_spot_107	1.404725e-07	1.4852671e-07	1.2462316e-07	0.9370142	1.538542e-07	7.0584574e-06	0.062974475	2.8737304e-07	3.361152e-06
priorregion5_spot_108	4.855346e-07	3.58643e-07	2.317602e-07	0.9245017	2.8664698e-07	0.0001365426	0.07359866	5.623934e-06	0.0017560787
priorregion5_spot_109	1.4567992e-07	1.2621322e-07	8.5460165e-08	0.82953084	9.6083724e-08	9.971247e-07	0.17046753	1.2468513e-07	1.6158944e-08
priorregion5_spot_110	2.963587e-07	3.910005e-07	3.4573134e-07	0.69394284	3.5887464e-07	0.0006168018	0.30543807	8.099596e-07	8.093124e-08
priorregion5_spot_111	2.0628345e-07	4.0204338e-07	2.0748635e-07	0.7895381	3.0419486e-07	0.00074368715	0.20971473	1.3853069e-06	1.0976993e-06
priorregion5_spot_112	3.452277e-07	1.3463365e-07	9.345348e-08	0.7602168	8.556744e-08	0.020180754	0.18393959	0.035662096	5.2223385e-08
priorregion5_spot_113	1.0065741e-07	1.1057281e-07	8.820104e-08	0.99998003	9.436569e-08	1.1552139e-06	1.8263208e-05	1.3453153e-07	5.3889302e-08
priorregion5_spot_114	1.733508e-07	2.763668e-07	1.2797966e-07	0.77953064	1.1179282e-07	1.6661192e-05	0.21725817	0.002656811	0.0005371075
priorregion5_spot_115	2.0049646e-07	1.9376627e-07	1.8338687e-07	0.8722822	1.8868322e-07	2.7001638e-06	0.1277141	1.6560338e-07	5.469845e-08
priorregion5_spot_116	3.681792e-07	3.076021e-07	3.8952555e-07	0.8327402	3.0230294e-07	0.040928964	0.12632935	1.514123e-07	3.388126e-08
priorregion5_spot_117	3.1426728e-07	8.787418e-07	0.095642745	0.86473995	1.7092774e-06	1.0111578e-06	0.039613172	1.13262466e-07	7.855614e-08
priorregion5_spot_118	9.208151e-08	1.2059421e-07	6.024498e-08	0.5985589	8.655816e-08	0.026956439	0.37448376	4.9171734e-07	9.921117e-08
priorregion5_spot_119	1.6371985e-07	1.0562635e-07	1.1490048e-07	0.9233106	1.2311604e-07	8.8198095e-07	0.07409892	5.3901744e-07	0.0025885864
priorregion5_spot_120	3.188294e-07	0.018047668	0.0465617	0.8460423	2.5531988e-05	1.4685854e-06	0.08927765	1.7502005e-07	4.3243967e-05
priorregion5_spot_121	2.0844878e-07	2.5033108e-07	2.9505367e-07	0.6934602	2.2532993e-07	8.2414655e-05	0.30645612	1.625335e-07	4.3723684e-08
priorregion5_spot_122	3.1663131e-07	1.6795063e-07	1.8476916e-07	0.78775793	2.5568534e-07	0.006750286	0.20549054	1.6544607e-07	1.4458509e-07
priorregion5_spot_123	1.390577e-07	2.3989236e-07	1.0300252e-07	0.77529055	1.7281123e-07	7.8372926e-07	0.22286633	2.0864164e-07	0.001841502
priorregion5_spot_124	1.3793933e-06	4.3170962e-07	8.3624184e-07	0.5846206	1.2931655e-06	0.05629555	0.3584095	1.1218932e-06	0.0006693296
priorregion5_spot_125	1.5066826e-07	1.305208e-07	7.470889e-08	0.7703097	7.594134e-08	5.835788e-06	0.22968389	1.14158425e-07	6.334729e-08
priorregion5_spot_126	1.1181014e-06	3.0754637e-07	0.17012759	0.7865057	0.03889774	2.7376193e-06	1.1876376e-06	2.0834712e-07	0.004463469
priorregion5_spot_127	2.2297559e-06	5.287057e-07	0.35718077	0.59310305	0.04970995	1.9034518e-06	1.1488132e-06	4.0000987e-07	5.0750092e-08
priorregion5_spot_128	2.8547487e-07	1.0653776e-07	7.611406e-08	0.57713455	7.4714315e-08	0.13298315	0.28988174	1.3008e-07	2.0348079e-08
priorregion5_spot_129	2.0026577e-07	2.1665306e-07	1.5394839e-07	0.35316044	8.3457095e-08	1.8007032e-07	0.6468382	3.3605224e-07	1.2495627e-07
priorregion5_spot_130	1.2912045e-07	1.1769803e-07	1.16961886e-07	0.7585315	1.4092083e-07	2.0166823e-05	0.24144743	1.2732687e-07	2.5698762e-07
priorregion5_spot_131	2.757972e-06	1.5561572e-07	1.1702659e-07	0.9163729	1.3745978e-07	0.03960702	0.044016473	3.020776e-07	6.7851886e-08
priorregion5_spot_132	1.297669e-07	1.2896439e-07	9.636979e-08	0.9993819	1.0278053e-07	2.7620401e-06	0.00042220787	1.0387193e-07	0.00019253089
priorregion5_spot_133	0.021506937	5.4751774e-07	5.478557e-07	0.8294837	3.799453e-07	5.316848e-06	0.1311645	3.829529e-07	0.01783758
priorregion5_spot_134	1.5035624e-07	1.6307159e-07	1.9458504e-07	0.72768605	1.8956293e-07	5.0345225e-05	0.27226254	1.7445257e-07	9.781713e-08
priorregion5_spot_135	3.1676686e-07	2.1710966e-07	2.55366e-07	0.6590625	3.3647584e-07	0.07683751	0.26156393	0.0025316563	3.212723e-06
priorregion5_spot_136	4.4173868e-07	1.3598121e-07	1.2019916e-07	0.81580305	1.12629486e-07	8.208996e-05	0.18411376	1.2846306e-07	6.8012e-08
priorregion5_spot_137	2.2472271e-07	1.0388517e-07	9.1912725e-08	0.8550064	1.3569031e-07	0.05445383	0.090539135	8.514048e-08	2.2907816e-08
priorregion5_spot_138	1.4105859e-07	1.1914271e-07	1.1804757e-07	0.9093792	1.5699271e-07	2.6528585e-06	0.08468777	2.0531296e-07	0.0059296116
priorregion5_spot_139	2.577907e-07	2.253714e-07	3.9615355e-07	0.85333914	2.1040094e-07	1.2219345e-05	0.101623446	0.045023873	1.3044492e-07
priorregion5_spot_140	7.301584e-07	1.2890071e-06	4.8318907e-07	0.6505492	5.872325e-07	0.00011892598	0.34915087	4.538067e-07	0.00017754818
