	B.Cell6	CD1C1	CD1C3	CLEC9A3	CLEC9A9	Epithelial0	Epithelial4	Epithelial5	LC1	MDSC7	Mac1	NK2	PDC8	Tcell2
priorregion1_spot_1	6.5837537e-07	9.081738e-08	1.3397771e-07	6.223477e-08	8.7604676e-08	4.3094585e-07	0.59238905	0.018471127	8.646417e-08	8.1031175e-08	6.327145e-08	0.20670012	0.0017432411	0.18069474
priorregion1_spot_2	0.1924092	3.1449295e-07	3.2744265e-07	2.1392718e-07	2.3935814e-07	1.3051282e-06	0.59208477	9.516757e-07	5.8149516e-07	2.3384807e-06	9.052163e-08	0.060535874	2.7239463e-07	0.1549634
priorregion1_spot_3	0.16245705	2.490723e-07	3.3079465e-07	1.6272429e-07	1.1978277e-07	1.9025666e-06	0.05765404	0.41042548	1.3277605e-07	0.0028273591	1.6669738e-07	0.07194389	7.256251e-08	0.29468903
priorregion1_spot_4	0.2233563	2.5010758e-07	4.774446e-07	1.4361079e-07	0.0034002042	0.064694785	0.62549675	0.069719546	0.006101421	9.981008e-08	8.286456e-08	0.004616534	1.2570729e-07	0.0026132688
priorregion1_spot_5	2.2488248e-06	1.3477052e-07	7.164903e-07	3.7334257e-07	3.643635e-07	7.4110694e-06	2.7997688e-05	0.59196454	1.0512491e-07	1.17291826e-07	9.027681e-08	0.10861886	3.3688352e-07	0.29937667
priorregion1_spot_6	0.12710744	1.1817411e-06	2.0506539e-07	1.9799127e-07	1.5651974e-06	0.0047613033	0.7170844	0.13179009	3.1927956e-07	0.0109015405	1.7118371e-06	3.6019918e-07	2.0560272e-07	0.008349548
priorregion1_spot_7	0.10634028	1.8025668e-07	1.6538125e-07	1.3213506e-07	1.718203e-07	0.11036131	0.4879501	0.25442815	1.3910281e-07	3.1794067e-07	1.9031816e-07	0.017584994	0.0013141173	0.022019783
priorregion1_spot_8	0.068742745	2.6978455e-07	3.0237808e-07	1.313493e-07	5.2811225e-07	0.071175635	0.26982367	0.46145546	5.496683e-07	2.1604029e-07	1.05227116e-07	0.07541245	1.249425e-07	0.053387754
priorregion1_spot_9	0.034000978	2.1728813e-07	2.0315501e-07	1.1414215e-07	1.6012122e-07	0.401736	0.25757796	1.4919928e-05	1.2468071e-07	1.589805e-07	2.989289e-07	0.06081309	1.6830893e-07	0.24585558
priorregion1_spot_10	0.04036179	1.3921239e-07	1.0051118e-07	7.195776e-08	1.4362197e-05	0.22876585	0.38427153	0.21057285	6.1314245e-07	9.9992334e-08	7.545459e-08	0.014799576	1.3341423e-07	0.121212825
priorregion1_spot_11	0.20569904	3.037788e-07	3.4506914e-07	0.0010267921	1.3427922e-07	3.4348898e-06	0.48396125	0.10391021	0.0026229722	1.1537446e-06	1.5509528e-07	0.11129089	1.2504722e-07	0.09148315
priorregion1_spot_12	0.006833562	1.4299418e-07	9.2561095e-08	6.8897904e-08	1.06463965e-07	6.117628e-05	0.24694066	0.36829206	1.2200496e-07	1.8985968e-07	6.2868324e-08	0.15737344	1.7587556e-07	0.22049816
priorregion1_spot_13	0.19869693	3.5943293e-07	3.363702e-07	3.3239212e-07	3.812047e-07	9.45323e-08	1.0961108e-07	1.374278e-07	2.1958115e-07	0.011948894	0.0024007119	0.37155426	5.109076e-07	0.41539672
priorregion1_spot_14	0.07665461	1.0235971e-07	9.801051e-08	5.2059935e-08	1.4449184e-07	0.16091034	0.5818682	0.015186666	1.7522696e-07	1.3243368e-07	7.1647044e-08	0.006658294	9.5586834e-08	0.15872101
priorregion1_spot_15	0.2905482	1.2231872e-07	1.5350297e-07	9.118e-08	1.1142863e-07	0.0021028344	0.28292927	0.24433945	1.4960416e-07	1.2638797e-06	1.2853334e-07	0.1413412	8.975798e-07	0.03873616
priorregion1_spot_16	0.19130361	9.775991e-08	1.6070064e-07	6.686657e-08	1.01986934e-07	0.021256128	0.27658334	0.27782384	9.6765206e-08	1.3292032e-07	7.765491e-08	0.03569682	0.0014004601	0.19593504
priorregion1_spot_17	1.0218114e-06	1.4011133e-07	1.2795284e-07	9.3757116e-08	8.977317e-08	0.18947989	2.077204e-05	0.39526114	1.9549807e-07	1.4201581e-07	1.2984998e-07	0.056255274	4.54085e-07	0.35898054
priorregion1_spot_18	0.32143402	4.5997345e-07	2.0961546e-07	1.4281558e-07	1.7643869e-06	1.3702808e-06	0.46232328	0.01875596	2.9496687e-07	0.0070350044	1.0581103e-07	0.00030814073	0.0042047445	0.18593445
priorregion1_spot_19	0.0711106	1.13408696e-07	1.8273929e-07	1.510399e-07	1.7164366e-07	0.065019384	0.54800665	0.19141829	1.6622836e-07	1.7810748e-07	1.196313e-07	6.3898724e-06	1.5340302e-07	0.124437444
priorregion1_spot_20	0.42100254	1.2548516e-07	1.8418493e-07	7.933188e-08	1.10723754e-07	1.6840728e-07	6.1725905e-07	4.2833e-07	2.0814471e-07	2.8321293e-07	6.4465104e-07	0.4354752	0.009594212	0.13392521
priorregion1_spot_21	0.23439156	0.0017297153	2.0018516e-07	1.3802273e-07	0.014410642	3.512404e-05	0.56997806	0.0703724	2.4862712e-07	3.8371385e-07	1.0904966e-07	0.003996701	1.4607e-07	0.105084546
priorregion1_spot_22	0.14441472	1.2312019e-07	2.968614e-07	1.7380655e-07	1.0109541e-07	0.011480355	0.49517155	7.356944e-06	1.3973262e-07	2.0709699e-07	8.56656e-08	0.029258773	1.155412e-07	0.319666
priorregion1_spot_23	0.105938986	2.1999831e-07	5.1950536e-07	1.5528997e-06	7.374622e-07	0.18111712	0.17294584	0.0001754458	2.759692e-07	1.3673464e-07	1.10908466e-07	0.23131391	2.2935717e-05	0.30848223
priorregion1_spot_24	0.025544547	8.534734e-08	7.225954e-08	5.1053085e-08	9.3467605e-08	1.1544724e-06	2.634663e-06	0.6921711	6.991531e-08	0.005181876	5.518837e-08	2.9356383e-07	9.81239e-08	0.27709797
priorregion1_spot_25	0.039820407	1.2318836e-05	1.2701807e-07	1.1433059e-07	0.008102094	7.006962e-05	0.029030329	0.2501875	4.2135594e-07	8.304136e-07	3.667229e-07	0.15309283	3.189083e-05	0.5196507
priorregion1_spot_26	3.209074e-07	1.5238226e-07	7.578851e-07	2.1657086e-06	1.603602e-07	0.24219406	0.39048463	0.24073459	1.7901512e-07	2.8469051e-07	1.380584e-07	0.079192616	1.9866826e-07	0.047389835
priorregion1_spot_27	0.45644057	0.0012646508	9.1209245e-08	5.1582067e-08	2.3605112e-07	0.016943455	0.5161114	1.3980155e-05	2.2170454e-07	0.0037260044	3.0023847e-07	0.00027640603	0.0030928187	0.0021299121
priorregion1_spot_28	0.105599776	6.6126226e-08	7.01013e-08	6.6681096e-08	5.0322026e-08	0.13773188	0.15800655	0.41719684	7.1687836e-08	5.973309e-08	3.2671284e-08	0.18146366	1.1194227e-07	6.302797e-07
priorregion1_spot_29	0.18411785	2.628836e-07	2.141966e-06	3.883781e-07	1.5290216e-07	7.904704e-07	0.16446011	0.40042174	1.205828e-07	1.14984076e-07	6.7081444e-08	0.1694258	1.11870214e-07	0.081570335
priorregion1_spot_30	0.038799718	5.972873e-07	2.4084557e-07	9.4375785e-08	1.6600612e-07	0.023566268	0.7337657	0.06239614	2.600675e-07	1.7507385e-07	0.003275388	2.286485e-07	1.8413924e-07	0.13819481
priorregion1_spot_31	0.08976481	2.1261471e-07	1.2105853e-07	9.343751e-08	0.0012481112	1.8150484e-05	0.47277933	0.30203915	1.5565507e-07	1.6282378e-07	9.5660496e-08	0.057856914	8.190533e-08	0.0762927
priorregion1_spot_32	0.37904924	1.5606199e-07	2.5760684e-07	2.4830697e-07	2.1374173e-07	0.01182157	1.6901758e-07	2.6482252e-07	1.4766215e-07	4.8237842e-05	1.173728e-07	0.29405284	0.004346297	0.31068015
priorregion1_spot_33	0.052664172	7.3043154e-08	1.0681916e-07	6.6022466e-08	1.1514316e-07	3.9353727e-06	0.37310115	0.31426504	7.8832436e-08	3.257434e-07	5.8019474e-08	0.18076336	1.8950496e-07	0.07920128
priorregion1_spot_34	0.69992477	1.9412894e-07	6.4087345e-07	7.0527326e-06	9.838983e-07	1.9357412e-06	1.7287508e-06	0.02110399	1.9995066e-07	2.1351663e-07	2.0941012e-07	7.783104e-06	0.014740241	0.2642101
priorregion1_spot_35	7.199267e-07	2.2548613e-07	2.0012358e-07	4.5992638e-07	0.00064059254	0.28496826	0.5144737	0.088528164	3.1735388e-07	2.766901e-07	1.2691665e-07	2.1535772e-07	8.983551e-08	0.11138664
priorregion1_spot_36	0.09028353	6.473396e-07	2.760385e-07	3.4459958e-07	4.090342e-07	1.6481462e-06	0.13812362	0.13913594	3.5929355e-07	1.861878e-07	2.1756182e-07	0.18660073	0.009181897	0.43667018
priorregion1_spot_37	0.025390323	1.522914e-07	1.7770039e-07	1.7102793e-07	0.0010571398	0.00022984906	0.093791	0.6081885	1.6828047e-07	9.286201e-07	1.2017983e-07	0.12447477	2.9065063e-07	0.14686635
priorregion1_spot_38	0.056513365	4.1316665e-07	2.663018e-07	1.6259061e-07	1.2400211e-07	2.728371e-07	5.13496e-07	0.39150628	2.535947e-07	1.4439328e-07	7.124603e-08	0.28900054	6.804878e-08	0.26297754
priorregion1_spot_39	0.09756705	1.4974698e-07	8.345128e-07	1.4321972e-07	0.0006135775	0.02556951	0.47782058	0.24153963	2.683839e-07	1.2415741e-07	6.975883e-08	0.06731288	1.6454248e-07	0.08957499
priorregion1_spot_40	0.047745	2.6625997e-07	3.0071962e-07	2.592343e-07	0.0015731901	2.6879823e-06	0.050596878	0.22982115	3.5975876e-07	2.0042758e-07	1.344417e-07	0.3315005	3.2847987e-07	0.33875874
priorregion1_spot_41	0.046287075	1.8323428e-07	0.008119458	2.5761733e-07	2.9247147e-07	3.2668675e-07	0.29411373	4.3536454e-07	2.87654e-07	1.1856065e-07	1.0512512e-07	0.14710337	0.002285161	0.50208926
priorregion1_spot_42	0.4144734	0.0025733786	0.029613879	3.419941e-07	8.719635e-07	2.763183e-07	2.7704814e-07	9.777639e-07	3.958908e-07	3.9956993e-07	2.490685e-07	3.343441e-05	1.7198708e-07	0.55330193
priorregion1_spot_43	4.32319e-07	1.7582484e-07	0.008218913	5.0659617e-07	1.10626715e-07	7.1163174e-07	1.8218304e-06	0.49403644	1.2169745e-07	1.6301613e-07	1.3916659e-07	3.2069668e-06	2.5087346e-07	0.49773708
priorregion1_spot_44	0.0929726	1.3825716e-07	2.866578e-07	1.329148e-07	2.8840915e-07	3.007279e-07	0.4368562	0.0086131515	1.2469958e-07	2.171244e-07	8.452549e-08	0.24399924	3.6562616e-07	0.21755688
priorregion1_spot_45	0.041585933	4.098761e-06	1.4017695e-07	1.1417729e-07	0.029726475	0.004737912	0.7022189	0.10706621	7.201167e-07	0.018623278	0.0028379927	0.077599525	1.9944322e-07	0.015598525
priorregion1_spot_46	0.13639072	1.518062e-07	6.320972e-07	6.2937863e-07	1.6288399e-07	1.2269923e-07	7.782732e-07	0.0010295929	1.6770923e-07	1.7626589e-07	1.342564e-07	0.05437205	1.1152121e-06	0.8082036
priorregion1_spot_47	0.0010083623	5.052245e-07	0.0019114861	2.0009557e-07	1.3001288e-07	0.08553832	0.5224171	0.24805243	0.003266799	8.98301e-07	1.8244273e-07	3.721146e-07	9.1549566e-08	0.1378032
priorregion1_spot_48	1.9527029e-06	1.6916657e-07	0.0060767126	6.916702e-07	1.3531495e-07	8.834903e-06	0.29972398	0.2896626	2.1388284e-07	1.7010827e-07	3.1286228e-07	0.00076305616	2.5196475e-06	0.40375873
priorregion1_spot_49	0.08060812	1.2251793e-07	1.1913428e-07	7.114125e-08	1.3607081e-07	0.06632101	0.7100445	0.03708686	1.2589692e-07	1.5733869e-07	8.9014904e-08	0.094099484	1.3930078e-07	0.011839109
priorregion1_spot_50	0.17220217	1.566345e-07	2.3977714e-07	8.594927e-08	0.002217464	1.7020652e-06	0.434604	0.19618389	1.7138852e-07	1.1859404e-07	7.8441666e-08	0.065453805	0.007634366	0.1217017
priorregion1_spot_51	0.019901613	1.6901349e-07	0.0012879204	4.8183415e-07	6.070736e-08	0.41493604	0.12387215	0.27950493	0.0016713756	1.538004e-07	7.377427e-08	0.038201813	1.7776279e-07	0.12062305
priorregion1_spot_52	1.9402745e-07	6.576884e-08	7.804031e-08	6.5635746e-08	1.1404219e-07	0.024515681	0.66987413	0.14707209	7.691875e-08	7.5515096e-08	3.9776957e-08	0.07853639	8.715503e-08	0.080000885
priorregion1_spot_53	0.17559695	1.3217998e-07	2.0779031e-07	1.4357542e-07	1.1161437e-07	0.19068098	0.3964872	0.10181692	2.084508e-07	2.418875e-07	1.0542252e-07	0.004421434	2.081602e-07	0.13099514
priorregion1_spot_54	0.039816264	7.2483695e-06	1.860942e-07	1.13067856e-07	1.9316937e-07	0.009898606	0.00017325011	0.55171084	0.0012778445	0.0018598828	3.9288722e-07	0.20874526	2.5645772e-07	0.18650964
priorregion1_spot_55	0.061689757	6.830357e-07	1.9445216e-07	9.1653924e-08	2.6915114e-07	5.1008888e-06	0.6394326	0.08259773	0.005671722	2.8243487e-06	2.9504324e-07	0.032450717	0.0008569335	0.17729102
priorregion1_spot_56	0.08786856	9.453456e-08	1.3887393e-07	8.8607585e-08	1.3616389e-07	0.10205302	0.24039692	0.5679233	1.17760976e-07	1.1719643e-07	5.941363e-08	0.0017554732	3.0007266e-07	1.6765806e-06
priorregion1_spot_57	0.42796704	1.4785147e-07	0.0073418864	3.627305e-07	2.9238126e-07	6.847926e-08	1.9825224e-07	1.1034961e-07	1.4237114e-07	1.5033166e-07	7.568763e-08	0.32008561	0.0019530642	0.24265091
priorregion1_spot_58	0.17778319	1.1682209e-07	1.05011345e-07	2.0755851e-07	1.459298e-07	0.053760815	0.3640473	0.19575676	2.9687047e-07	1.3657011e-07	1.0211831e-07	0.10255251	4.6036862e-07	0.10609789
priorregion1_spot_59	0.25991386	6.138719e-07	4.9025255e-07	4.093066e-07	0.0048062108	1.8615818e-06	0.031054385	0.24763972	4.637712e-07	3.2004831e-07	3.8067526e-07	0.063489325	5.1905306e-07	0.39309144
priorregion1_spot_60	0.35248932	3.707661e-07	8.362471e-07	2.1210633e-07	0.0060073067	1.8933015e-07	0.050220408	3.0553556e-07	4.753639e-07	2.8752348e-07	2.0591445e-07	0.24891412	9.438423e-06	0.34235653
priorregion1_spot_61	1.476586e-07	8.909345e-08	8.582012e-08	9.7580205e-08	9.28205e-08	0.05771714	0.5471765	0.28436854	8.092965e-08	8.6179014e-08	8.4122675e-08	3.1007446e-07	0.00038801142	0.11034867
priorregion1_spot_62	0.08254713	0.0004188167	3.1003148e-07	3.0661724e-07	0.0017359579	0.081348844	0.6402972	0.09182484	2.4508347e-07	1.8609673e-07	9.464009e-08	0.0646718	1.5134265e-07	0.03715414
priorregion1_spot_63	0.08781959	0.0012216519	1.8358453e-07	1.5447964e-07	8.4947584e-07	1.4843207e-05	0.7590592	0.020280166	3.4687108e-07	4.5624583e-07	3.0057188e-07	0.12730141	2.3499138e-06	0.00429862
priorregion1_spot_64	8.5554245e-07	2.4965138e-07	1.578931e-07	1.6332574e-07	1.0657999e-07	5.6364977e-05	0.7042919	0.10442687	1.05744334e-07	0.0018690575	3.8093026e-07	0.047262512	5.7031304e-08	0.1420913
priorregion1_spot_65	0.13243587	2.535063e-07	1.7907166e-07	1.40994e-07	0.0077005955	0.25604123	0.105187334	0.26305723	0.032878574	6.1175484e-07	1.09570806e-07	0.03724531	2.0821764e-07	0.16545229
priorregion1_spot_66	0.03332454	4.4757525e-07	2.1285454e-07	1.6996644e-07	1.7553849e-07	0.08007059	0.625423	0.00473551	1.074756e-06	0.008430663	2.5572856e-06	0.00017783472	2.6613e-07	0.2478329
priorregion1_spot_67	0.3400026	1.6082458e-07	2.0739972e-07	2.2022242e-07	1.7924953e-07	1.6311193e-05	0.3680219	0.1947198	1.7504303e-07	2.5987777e-07	1.11334934e-07	0.076841146	0.0058509135	0.014545886
priorregion1_spot_68	0.14261454	3.8703584e-07	1.9380354e-07	3.8451878e-07	3.5075826e-07	0.048121877	0.4179788	0.008059259	0.0098469835	1.3262458e-07	1.0072187e-07	0.25627875	2.005093e-07	0.117098115
priorregion1_spot_69	0.24444279	2.7921826e-07	1.7284924e-07	1.0218581e-07	2.058403e-07	4.112911e-06	0.73006743	0.0002572651	4.7916683e-07	0.005549311	1.8178613e-07	5.6644416e-07	0.0036325052	0.016044617
priorregion1_spot_70	0.37689307	0.022042276	7.8291197e-07	6.3196046e-07	0.022426859	5.812746e-07	0.00146523	3.2808637e-07	8.8341056e-07	2.542318e-07	2.8305365e-07	0.00057978893	1.9770744e-06	0.5765871
priorregion1_spot_71	0.044201665	1.056762e-06	2.0073018e-07	2.5946508e-07	1.3267146e-06	5.4401994e-06	0.62962765	0.11167876	0.011634084	1.4558086e-07	0.0028562786	0.1293738	1.2009627e-07	0.07061919
priorregion1_spot_72	1.8366437e-06	0.009529542	1.7727163e-07	2.352767e-07	4.1402868e-07	0.17273144	0.052214265	0.23957993	2.608937e-07	1.377684e-07	2.4607448e-07	0.32129636	0.008810081	0.19583508
priorregion1_spot_73	0.19748414	1.8151769e-07	3.8664328e-07	2.6152023e-07	9.853276e-07	4.976777e-07	0.5485448	1.2586669e-05	2.8433203e-07	1.520185e-07	1.7261752e-07	0.1883018	3.663575e-07	0.06565334
priorregion1_spot_74	3.136534e-07	3.1708157e-07	2.8550198e-07	2.6642087e-07	0.0005526747	1.0064777e-05	0.66584325	0.11701087	2.0602079e-07	1.6472541e-06	1.297549e-07	0.17744972	1.2064017e-07	0.039130174
priorregion1_spot_75	0.0063097617	1.2312177e-06	2.2019539e-07	0.011968733	4.7648646e-07	5.9104815e-07	0.80993515	1.3480546e-05	3.7663165e-07	3.1370024e-07	0.021373365	9.653096e-08	2.184135e-07	0.15039596
priorregion1_spot_76	0.055016425	0.0029271268	6.392903e-07	1.9033268e-05	0.0009795586	0.08389018	0.16382529	0.5342746	2.8476945e-06	4.1351544e-07	1.11048486e-07	5.540836e-07	2.3470902e-07	0.15906304
priorregion1_spot_77	0.009247321	4.351228e-08	5.4681625e-08	4.2210896e-08	4.0972143e-08	0.076600716	0.38254693	0.32495388	3.870702e-08	4.0771873e-08	4.0590844e-08	0.070369095	7.7498335e-08	0.13628156
priorregion1_spot_78	0.21824303	0.020044096	3.997241e-07	0.0050340127	0.019334882	0.06406425	0.13624361	0.18677725	5.277335e-07	5.823862e-07	2.9542133e-07	0.09632684	0.008070767	0.24585947
priorregion1_spot_79	0.0062230797	2.423317e-07	6.621636e-07	5.113925e-07	0.0044372967	2.4899603e-07	8.941567e-07	0.00411503	3.1220728e-07	4.0902964e-07	1.4589459e-07	0.358608	1.0162195e-06	0.6266121
priorregion1_spot_80	1.02247476e-07	1.5284575e-08	3.7176004e-08	2.1821428e-08	2.822612e-08	1.0996329e-06	7.5074195e-07	0.99999785	2.3986404e-08	2.9443818e-08	1.4915607e-08	4.7910728e-08	2.9092158e-08	5.2197546e-08
priorregion1_spot_81	0.0036681436	5.5683355e-08	2.6451892e-07	7.4985934e-08	5.088894e-08	0.042476885	0.45764703	0.35800523	7.214411e-08	9.38196e-06	8.061669e-08	0.076095395	0.0036818131	0.058415502
priorregion1_spot_82	0.027580986	4.497255e-08	1.6245437e-07	5.8910334e-08	3.708067e-08	0.20669693	0.095565334	0.43402246	5.4514295e-08	7.160254e-08	4.4790596e-08	0.045279752	5.750733e-08	0.19085398
priorregion1_spot_83	0.3332059	1.3873715e-07	0.0037537324	4.4681786e-07	1.6197565e-07	2.3641537e-07	3.859442e-07	6.3991456e-07	1.9151352e-07	1.9352113e-07	9.967374e-08	0.11221855	2.6706653e-07	0.5508191
priorregion1_spot_84	1.6601575e-06	2.1975812e-07	2.8157578e-07	9.427097e-08	0.0037962894	0.07594795	0.614612	0.20602423	1.5546821e-07	0.00469291	4.0150976e-06	0.033411685	2.1659147e-07	0.061508365
priorregion1_spot_85	0.17701954	1.1010907e-07	2.0125911e-07	2.3980053e-07	1.2699167e-07	0.10424198	0.04569244	0.2966776	9.3157425e-08	9.853228e-08	9.3214126e-08	0.1388343	0.0037088112	0.23382437
priorregion1_spot_86	0.221167	2.0312265e-07	0.00280258	3.287441e-07	2.7505766e-07	2.208621e-05	0.097865365	0.5317721	2.3493492e-07	0.0013809163	1.2724591e-07	4.7734193e-06	0.000601015	0.14438306
priorregion1_spot_87	0.19600587	1.7343469e-07	0.013370084	3.164875e-05	1.9624908e-07	3.9314336e-06	6.204536e-05	0.43068853	1.9400808e-07	1.1759165e-07	1.0851479e-07	0.09260665	3.5038258e-07	0.26723015
priorregion1_spot_88	0.05629027	2.1330992e-07	1.8003256e-07	1.199147e-07	1.9666383e-07	2.0570627e-05	0.43980372	0.27476847	1.5535176e-07	5.599877e-07	0.00261613	0.03711934	4.4454785e-07	0.18937962
priorregion1_spot_89	0.325215	5.046116e-07	3.3227903e-07	1.8011728e-07	0.020863257	1.4076534e-06	0.21535069	0.0062261703	2.6798142e-07	0.005239731	5.7816123e-07	0.13386013	3.4748462e-07	0.29324135
priorregion1_spot_90	0.08130469	1.36779e-07	9.567892e-08	8.535429e-08	1.1503198e-07	0.17952071	0.44529623	0.23561986	1.6192719e-07	0.00676646	2.609632e-07	0.042179678	5.945362e-07	0.009310931
priorregion1_spot_91	0.043862112	1.1074553e-07	3.3549838e-07	1.4355467e-07	1.0032933e-07	0.08910432	0.23457201	0.27933362	4.6635606e-07	0.00083136355	5.3811544e-08	0.16366558	3.1798214e-07	0.18862952
priorregion1_spot_92	0.062968224	0.0037774427	1.8007717e-07	3.3665555e-07	0.006918082	4.725701e-06	0.51549083	3.3812787e-05	7.159529e-07	2.7621292e-07	0.003975072	0.09359631	0.0015726065	0.31166133
priorregion1_spot_93	0.13152649	6.5888696e-07	1.5476156e-05	0.017443037	0.010981888	0.0065134233	0.13007268	0.4029449	4.768968e-07	1.3484928e-06	2.2758067e-07	0.02680509	0.0024841747	0.27121013
priorregion1_spot_94	0.08856253	3.0397695e-07	0.0058957026	4.6037596e-07	2.6385038e-07	2.4073406e-05	0.69454134	0.097347975	2.7540662e-07	0.0036432492	1.8765755e-07	0.10998253	1.5482696e-07	9.0007546e-07
priorregion1_spot_95	0.04978758	8.337604e-08	1.0093863e-07	7.367416e-08	9.704863e-08	0.058191713	0.5857366	0.037968192	7.351035e-08	0.0020014187	6.529876e-08	0.18437113	9.602012e-08	0.081942804
priorregion1_spot_96	3.563632e-05	3.295095e-07	1.608724e-07	1.4279624e-07	0.003796612	0.061558377	3.4297853e-05	0.19660611	2.1284882e-06	2.2348543e-07	1.8300794e-07	0.18778552	1.1387012e-06	0.5501791
priorregion1_spot_97	0.082769796	8.301968e-08	1.328804e-07	2.2333528e-07	5.9136436e-08	0.15891334	0.4632086	0.18218404	9.652678e-08	1.7846213e-07	1.022263e-07	0.04665946	0.00713143	0.0591323
priorregion1_spot_98	0.079688005	1.377362e-07	3.6611652e-07	1.9937974e-07	0.00060420006	7.517982e-06	0.6623427	0.1072264	1.8338022e-07	2.5767582e-07	9.2542464e-08	0.0040313452	0.0026148376	0.14348368
priorregion1_spot_99	2.6064308e-07	2.8099427e-07	2.2183725e-07	2.9198895e-07	2.7428527e-07	0.020444749	0.3221557	0.31957126	0.0023206407	0.0014130535	9.386048e-08	3.825382e-07	1.18510755e-07	0.33409268
priorregion1_spot_100	0.026427876	3.8908695e-08	8.2740435e-08	6.057734e-08	3.7952212e-08	0.0003340931	0.01841457	0.9541197	4.878224e-08	0.0007028107	5.5064927e-08	2.3125024e-07	5.7167224e-08	2.64577e-07
priorregion1_spot_101	0.01674451	0.0022772176	1.3331953e-07	8.723502e-08	1.1740023e-07	8.1047465e-06	0.029885493	0.7401828	0.0014693256	0.011576919	8.520297e-07	0.12923792	1.06214e-07	0.06861641
priorregion1_spot_102	0.14475286	3.0341792e-07	1.6267063e-07	1.4070052e-07	1.7092036e-07	0.13803327	0.6275061	2.6549405e-05	2.4679377e-07	2.6755433e-07	0.024271265	1.1702996e-06	0.011457084	0.05395044
priorregion1_spot_103	1.2146552e-07	1.7366492e-07	0.0006617116	3.6037417e-07	2.116719e-07	0.42345694	0.5064487	0.064169936	2.3394644e-07	0.003787061	0.0014745402	3.5003698e-08	4.1935284e-08	2.9768184e-08
priorregion1_spot_104	0.0017107408	1.8500091e-07	1.2054645e-07	8.4071075e-08	6.6746736e-08	0.02711957	0.103236474	0.56727314	1.1016372e-07	1.1565393e-07	1.0912948e-07	0.1484055	1.6655753e-07	0.15225354
priorregion1_spot_105	0.008302761	8.096171e-07	2.2621865e-07	1.1464841e-07	1.4358353e-07	1.817889e-06	0.5527957	0.011900123	2.4719185e-07	2.172032e-06	9.982548e-07	0.17064886	2.0303119e-07	0.25634575
priorregion1_spot_106	8.8203414e-08	4.5191825e-08	5.6581047e-08	6.550776e-08	5.011704e-08	3.4431177e-06	2.322964e-06	0.9999935	4.043586e-08	5.6253864e-08	4.1814467e-08	8.70243e-08	6.438014e-08	9.700041e-08
priorregion1_spot_107	0.642485	5.0373114e-07	1.7637342e-07	8.29807e-08	2.7774638e-07	0.058207065	0.21607804	4.1589537e-06	0.0031815667	0.0042308285	1.7201756e-07	0.00094006903	1.4128102e-06	0.07487064
priorregion1_spot_108	0.10951157	1.9277728e-07	1.3522666e-07	8.0958564e-08	0.010623144	0.05129935	0.6797546	0.12344704	2.0222214e-07	0.0032019408	2.0632933e-07	0.0061052465	2.5770817e-07	0.016056068
priorregion1_spot_109	0.31420454	1.4643018e-07	8.7640906e-08	7.442567e-08	1.7835097e-07	8.197985e-06	0.33677676	0.064219944	1.4301132e-07	1.5253714e-07	7.431808e-08	1.7307017e-05	0.0064780707	0.27829444
priorregion1_spot_110	7.246233e-08	5.274371e-08	7.0508804e-08	9.5125834e-08	6.1387006e-08	0.017607119	0.93672687	0.04566511	5.9241568e-08	4.43208e-08	6.032405e-08	4.4787598e-08	4.18011e-08	1.7301723e-07
priorregion1_spot_111	0.30524316	1.04269304e-07	8.389486e-08	5.0243717e-08	2.5543716e-07	8.0527917e-07	0.69474536	8.549778e-06	1.0187219e-07	1.0666837e-06	3.4513032e-08	1.0031826e-07	1.683111e-07	8.724391e-08
priorregion1_spot_112	0.057962038	6.605e-08	1.7506018e-07	1.2114589e-07	8.538819e-08	4.713534e-05	0.20437773	0.5586709	8.6731106e-08	1.3230476e-07	8.34756e-08	5.9847514e-07	1.2449641e-07	0.1789407
priorregion1_spot_113	0.013631328	1.3039328e-06	2.3933913e-07	1.2913966e-07	0.0101008555	0.24414265	0.4853935	0.044372663	0.023716448	0.0083521055	3.2673955e-07	0.04888307	2.6636707e-07	0.121405035
priorregion1_spot_114	0.11405498	1.3029582e-07	7.028367e-08	5.4079763e-08	6.250845e-08	0.16735429	0.11888795	0.33880314	2.3421562e-07	2.5551503e-07	9.382231e-08	0.10754767	1.287059e-07	0.1533509
priorregion1_spot_115	2.6876953e-07	4.9409607e-08	1.3178037e-07	8.140396e-08	6.254208e-08	0.15510918	0.6406681	0.13338299	4.5790607e-08	6.900783e-08	3.5867604e-08	0.032564744	1.0321631e-07	0.038274102
priorregion1_spot_116	0.14669017	7.367085e-07	2.4456173e-07	1.8170958e-07	1.1223075e-07	4.7018716e-06	0.3886235	0.14867166	2.1219887e-07	0.0096670585	2.0228492e-06	0.16538993	0.0066264383	0.13432302
priorregion1_spot_117	0.16203685	1.02834136e-07	1.1607005e-07	6.0346586e-08	0.00048001832	0.22838631	0.27598488	0.18161327	1.0205481e-07	1.19098424e-07	6.93701e-08	0.124722905	0.004129485	0.022645734
priorregion1_spot_118	0.0020495676	1.1193131e-07	9.2801564e-08	5.8357806e-08	6.292752e-08	0.1690477	0.47641218	0.26724726	1.1927214e-07	7.270594e-08	6.014806e-08	0.079799555	8.625441e-08	0.005442991
priorregion1_spot_119	0.29494333	5.2138217e-05	0.014478754	0.005422946	0.012147346	1.8466008e-07	0.25861064	1.083173e-06	0.0005858629	2.5494935e-06	3.728264e-07	0.13046873	0.004467893	0.27881816
priorregion1_spot_120	0.10036474	3.346967e-07	0.012658669	2.622566e-07	0.008027043	0.14026392	0.4233235	0.16629763	4.5779944e-07	0.00071485026	4.6951948e-07	0.012592596	1.67395e-07	0.13575532
priorregion1_spot_121	0.5510077	1.7675559e-07	4.5803438e-07	1.4107006e-07	0.0046743224	4.939889e-07	4.625917e-07	0.4352543	0.0024120633	1.5522959e-07	4.3724853e-08	0.0023125072	0.0043367795	2.7252997e-07
priorregion1_spot_122	0.26894403	8.9547854e-08	7.207116e-08	5.4082957e-08	5.9416145e-08	0.055419218	0.2924316	0.1617529	1.00820635e-07	0.00143779	1.2583352e-07	0.14286377	0.0015166671	0.0756335
priorregion1_spot_123	0.14985259	5.370816e-07	2.9033393e-07	1.3780456e-07	3.358321e-07	0.053550214	0.32024536	0.34118173	2.4990243e-06	1.4539224e-07	0.0016100849	0.12685245	3.4913788e-07	0.006703414
priorregion1_spot_124	0.05815376	9.594558e-08	5.2938657e-07	1.0330148e-07	1.2606961e-07	0.1918578	0.25456354	0.33800194	1.8071849e-07	3.4462803e-07	8.063285e-08	0.07242462	2.7274356e-07	0.08499656
priorregion1_spot_125	0.17158955	1.4433182e-07	3.327867e-07	1.2802789e-07	0.004266167	0.11388405	0.110533044	0.5129874	0.013515052	0.00011878338	8.027013e-08	0.046674512	0.003714244	0.022716554
priorregion1_spot_126	0.01827378	5.79574e-07	2.145677e-07	9.976962e-08	0.0039796378	0.0747582	0.53479123	0.048433274	0.028435923	3.6066334e-07	1.3794205e-07	0.15067962	0.006149118	0.13449785
priorregion1_spot_127	0.08404991	1.1668402e-07	0.0103470115	7.0123525e-07	2.231103e-07	0.0010045272	0.5829358	0.32166073	1.3633979e-07	1.4070896e-07	8.057687e-08	2.6135888e-07	8.804158e-08	1.5922139e-07
priorregion1_spot_128	0.58108866	0.002283105	4.0899868e-06	0.004763748	2.0759824e-06	0.06414886	0.00971239	0.06567751	2.1414348e-06	2.9305042e-07	5.113741e-07	0.11242212	0.0047188657	0.15517567
priorregion1_spot_129	0.39369342	1.429539e-07	2.5439496e-07	4.6366213e-07	1.9937761e-07	0.0035605798	1.8346576e-05	0.47847432	1.6200829e-07	2.4933982e-07	1.8131104e-07	0.100195915	0.0070609297	0.016994791
priorregion1_spot_130	0.015082965	0.010288559	1.0625916e-07	7.9189675e-08	3.6184818e-07	2.5610168e-06	0.16846006	0.34812185	0.0015085384	0.001429119	0.0030347232	0.25050786	2.8357752e-07	0.20156287
priorregion1_spot_131	2.3940376e-07	4.5651987e-08	1.18187245e-07	5.4038008e-08	6.7784796e-08	0.019175187	0.62764704	0.3531765	6.7020196e-08	7.324537e-08	3.438724e-08	9.3768904e-08	8.26785e-08	3.687433e-07
priorregion2_spot_1	2.2901742e-07	3.0368426e-07	0.20714232	0.79285365	4.3023832e-07	4.4815888e-08	1.1372161e-07	9.767049e-08	1.5705372e-06	2.6978384e-07	5.3896764e-07	7.625441e-08	6.0882165e-08	1.8078445e-07
priorregion2_spot_2	2.0805052e-07	2.0702728e-07	0.32715195	0.67284447	1.322714e-07	6.3731996e-08	9.140279e-08	6.317148e-08	7.209586e-07	1.4378332e-07	2.454599e-07	1.2473026e-06	9.700948e-08	3.6491812e-07
priorregion2_spot_3	8.778866e-07	1.5198505e-06	0.49607778	0.50390714	5.989276e-06	8.7531525e-08	8.0529354e-08	8.031108e-08	3.0135675e-06	7.802149e-07	8.941393e-07	4.6516217e-07	1.4948444e-07	1.0501938e-06
priorregion2_spot_4	1.7107301e-07	1.6012623e-07	0.20580073	0.7941973	2.9730714e-07	6.152223e-08	7.6145184e-08	8.301216e-08	3.0138128e-07	1.19016356e-07	8.697192e-08	9.7723095e-08	1.2820783e-07	1.2871219e-07
priorregion2_spot_5	2.0288266e-07	3.2224014e-07	0.3862621	0.6137353	3.521088e-07	1.0966341e-07	1.4642178e-07	1.9540818e-07	3.3383e-07	1.5694636e-07	2.6866155e-07	1.701075e-07	1.2152408e-07	2.2549767e-07
priorregion2_spot_6	1.6239956e-07	2.119675e-07	0.08389826	0.91609925	4.2556968e-07	1.02227474e-07	1.0873112e-07	1.1488378e-07	6.093593e-07	1.3787552e-07	1.08013666e-07	1.0039508e-07	2.9775984e-07	1.530021e-07
priorregion2_spot_7	1.4548603e-07	3.1867185e-05	0.40350345	0.59645146	1.6319342e-06	4.132004e-08	7.029829e-08	7.925165e-08	8.830454e-06	1.0419669e-06	9.627975e-07	1.0520762e-07	1.0242668e-07	2.3795408e-07
priorregion2_spot_8	7.244475e-08	1.5655709e-07	0.30571115	0.6942848	2.8030652e-06	3.6387178e-08	5.564983e-08	4.2141476e-08	2.5007793e-07	8.9245816e-08	1.6805262e-07	6.172562e-08	3.723289e-07	8.715325e-08
priorregion2_spot_9	5.202384e-07	4.786667e-07	0.19435664	0.743485	4.1267745e-06	1.6913488e-07	1.685176e-07	1.5946567e-07	6.055291e-07	1.7641545e-07	2.1456576e-07	0.025614828	2.1117381e-07	0.036536645
priorregion2_spot_10	0.04601297	5.6234916e-07	0.3026035	0.6391326	3.1353222e-06	2.0721696e-07	1.3921609e-06	2.7709734e-07	7.97219e-07	0.012242776	2.9205583e-07	3.4482395e-07	8.1709936e-07	3.9212208e-07
priorregion2_spot_11	2.5506472e-07	1.8007768e-07	0.008067143	0.9919309	1.8745786e-07	7.534133e-08	1.13603484e-07	8.795707e-08	3.9673077e-07	1.8550959e-07	1.0286103e-07	9.606833e-08	8.380206e-08	2.1521974e-07
priorregion2_spot_12	0.01484653	0.009064153	0.20779628	0.7507267	0.017558558	1.9092307e-07	1.4121387e-07	1.5798597e-07	1.5533525e-06	1.4159411e-06	6.745395e-07	2.1756496e-06	2.8283785e-07	1.2841949e-06
priorregion2_spot_13	1.159603e-07	1.3831166e-07	0.17862481	0.8213739	1.5118322e-07	4.8540834e-08	5.0653327e-08	8.532232e-08	1.5645436e-07	1.0402564e-07	9.24802e-08	6.55868e-08	7.377025e-08	1.7641659e-07
priorregion2_spot_14	0.005118745	2.1401222e-07	0.3397823	0.64908826	2.6022482e-07	5.6281344e-08	7.128928e-08	7.0377546e-08	2.453009e-07	4.6644752e-07	1.523741e-07	0.0060082497	3.0146774e-07	4.1423218e-07
priorregion2_spot_15	1.8666053e-07	4.5423877e-07	0.17235425	0.8276416	2.2473951e-07	6.857938e-08	7.930302e-08	8.59615e-08	3.9001384e-07	8.2367796e-07	1.2201705e-06	1.9202399e-07	1.1310651e-07	2.1243613e-07
priorregion2_spot_16	1.5450914e-07	4.4811864e-07	0.29084203	0.7077107	6.1142225e-07	7.450726e-08	1.1674005e-07	8.365674e-08	3.6529593e-07	2.5580837e-07	6.644322e-07	1.2106003e-07	0.0014441021	3.739764e-07
priorregion2_spot_17	1.5760378e-07	1.2691164e-07	0.40356833	0.5964234	6.4774476e-06	4.7515783e-08	6.592365e-08	5.3058432e-08	7.858862e-07	7.847424e-08	8.485551e-08	8.078939e-08	6.71165e-08	3.095213e-07
priorregion2_spot_18	1.4983503e-07	1.2090449e-07	0.27339888	0.72659963	1.7998651e-07	4.44328e-08	6.2721874e-08	5.334721e-08	1.3603463e-07	2.0368486e-07	1.6538081e-07	1.02217285e-07	1.0799558e-07	1.3072412e-07
priorregion2_spot_19	3.9936498e-07	3.8041043e-07	0.22117297	0.77427393	0.0045500863	1.0621245e-07	2.5682544e-07	1.3241903e-07	8.0940265e-07	2.3448612e-07	2.1346645e-07	1.6098619e-07	1.3038323e-07	1.9367916e-07
priorregion2_spot_20	1.8146531e-07	2.2525974e-07	0.0055713216	0.9944263	4.0094494e-07	1.2367592e-07	2.025599e-07	1.3666882e-07	2.7851937e-07	1.1625064e-07	1.7209278e-07	1.3835975e-07	9.052114e-08	2.2303216e-07
priorregion2_spot_21	1.8307435e-07	1.0582477e-07	0.32717422	0.67282426	3.17964e-07	6.359088e-08	1.1871833e-07	1.0924449e-07	2.5391267e-07	1.0392533e-07	7.679313e-08	1.1222862e-07	1.01216315e-07	1.2349057e-07
priorregion2_spot_22	1.5172706e-07	1.9410605e-07	0.13722952	0.86276853	4.123855e-07	5.3269215e-08	1.0793667e-07	8.763467e-08	3.017811e-07	1.017257e-07	9.214413e-08	1.4245292e-07	9.5442175e-08	1.8741991e-07
priorregion2_spot_23	4.43006e-07	1.5182925e-07	0.33004898	0.6563169	4.928408e-07	1.15011474e-07	1.2135479e-07	8.784164e-08	4.2827378e-07	1.1347584e-07	9.706692e-08	0.007676725	1.18299134e-07	0.00595548
priorregion2_spot_24	1.3435324e-07	1.7659993e-07	0.060270533	0.93972796	1.4059498e-07	4.7652037e-08	5.6031137e-08	7.776993e-08	3.9976496e-07	6.693867e-08	8.920487e-08	7.844532e-08	8.71333e-08	1.1665256e-07
priorregion2_spot_25	0.07576896	2.0456199e-07	0.2786473	0.62710214	3.9033299e-07	6.3895286e-08	8.578918e-08	9.660516e-08	1.8092896e-07	1.914948e-07	1.688083e-07	0.018478006	1.1877043e-07	1.9144168e-06
priorregion2_spot_26	3.2719248e-07	2.2653168e-07	0.2790764	0.72092044	2.0153846e-07	6.556286e-08	1.2241448e-07	7.663724e-08	9.223049e-07	1.7560345e-07	3.1827554e-07	3.4543783e-07	1.519138e-07	2.631183e-07
priorregion2_spot_27	1.5330826e-07	5.1243376e-07	0.06647693	0.93253195	1.7822528e-06	5.6129398e-08	6.384231e-08	7.0725214e-08	2.9077208e-07	2.9544824e-06	0.000984716	2.2136273e-07	8.896137e-08	1.5557272e-07
priorregion2_spot_28	7.872079e-07	1.7212672e-07	0.23517476	0.75970215	3.3096563e-07	6.1909255e-08	1.3320064e-07	8.9255536e-08	2.1801407e-07	1.5727157e-07	1.157712e-07	3.0949164e-07	1.2895855e-07	0.005120554
priorregion2_spot_29	1.8337213e-06	2.8613462e-07	0.17840229	0.8088507	6.653971e-07	5.076175e-08	1.15837906e-07	7.714361e-08	3.0145338e-07	0.00950893	3.503196e-07	1.0769086e-07	0.0032341895	1.256055e-07
priorregion2_spot_30	1.3570616e-07	1.1897428e-07	0.36698937	0.6330085	8.67016e-07	4.5732094e-08	6.821871e-08	5.8449686e-08	2.450873e-07	9.266779e-08	8.450154e-08	8.250835e-08	7.633996e-08	1.519722e-07
priorregion2_spot_31	2.1379834e-07	2.0925746e-07	0.27878222	0.72121334	2.7291671e-06	6.841399e-08	1.0839528e-07	1.062586e-07	2.0266276e-07	1.5735222e-07	1.09825386e-07	1.6065859e-07	1.3193991e-07	2.365998e-07
priorregion2_spot_32	2.1121296e-07	1.3783273e-07	0.19158518	0.80841285	4.876814e-07	6.4141915e-08	1.3009635e-07	1.0282409e-07	2.0226454e-07	1.318154e-07	9.084661e-08	1.1658823e-07	8.542532e-08	1.7278634e-07
priorregion2_spot_33	4.1146632e-07	1.4147487e-07	0.5402851	0.45971298	1.01155585e-07	6.4977264e-08	1.2571927e-07	1.7240063e-07	1.8975959e-07	2.1235411e-07	8.446393e-08	1.2077987e-07	9.049545e-08	2.0670747e-07
priorregion2_spot_34	4.5187328e-08	1.4783497e-07	0.000179558	0.9992612	6.6745275e-07	2.2477616e-08	3.9868105e-08	2.4513199e-08	2.9629996e-07	6.2818266e-08	1.4844372e-07	3.3997544e-08	0.00055773905	7.5156706e-08
priorregion2_spot_35	2.016046e-07	1.8892275e-07	0.021562174	0.97843605	2.0012143e-07	9.89152e-08	1.0101676e-07	1.0254808e-07	3.0563038e-07	1.1026776e-07	2.1229953e-07	7.3853336e-08	9.448814e-08	1.8657045e-07
priorregion2_spot_36	1.6996397e-07	2.808791e-07	0.21568736	0.78431	5.578988e-07	7.6360045e-08	1.416576e-07	1.3219662e-07	6.247037e-07	1.4647895e-07	1.8829263e-07	1.2063148e-07	1.3226962e-07	1.8198826e-07
priorregion2_spot_37	9.4717564e-08	1.6319896e-07	0.16493864	0.8350601	1.1885001e-07	3.104523e-08	3.7671334e-08	3.980719e-08	2.2068188e-07	1.3176921e-07	9.283855e-08	6.3179655e-08	5.471486e-08	1.3979599e-07
priorregion2_spot_38	3.9245526e-07	2.3311704e-07	0.4316534	0.5683439	3.5592515e-07	1.03760335e-07	1.18448554e-07	1.3405734e-07	2.227198e-07	1.8719184e-07	1.4349408e-07	1.5922296e-07	1.4591691e-07	4.0747062e-07
priorregion2_spot_39	1.2847369e-07	1.17699585e-07	0.1263703	0.8736284	1.5437992e-07	5.12561e-08	7.7923374e-08	5.4424476e-08	2.1754917e-07	6.574006e-08	6.3100714e-08	8.851936e-08	1.0223206e-07	1.479352e-07
priorregion2_spot_40	9.853198e-08	1.142642e-07	0.27978384	0.72021466	4.671711e-07	3.8865107e-08	5.0315055e-08	5.874053e-08	1.4426533e-07	7.435107e-08	1.6496898e-07	6.204785e-08	2.3708888e-07	7.407357e-08
priorregion2_spot_41	9.40095e-08	1.5340413e-07	0.23475961	0.7647607	2.9836e-07	6.139786e-08	8.2461376e-08	7.031252e-08	2.2667466e-07	3.4218124e-07	1.2108143e-07	1.08784434e-07	0.00047793385	1.1717735e-07
priorregion2_spot_42	1.2886333e-07	1.3015683e-07	0.017541474	0.9824571	2.3181417e-07	4.6162164e-08	6.9681505e-08	6.3103656e-08	3.379301e-07	8.965697e-08	6.8034176e-08	9.721389e-08	6.0337186e-08	1.0064203e-07
priorregion2_spot_43	1.5040546e-07	1.1998337e-07	0.29756713	0.702431	2.8404256e-07	5.9438356e-08	6.765779e-08	8.077093e-08	3.3998361e-07	1.00589475e-07	1.0574709e-07	1.5226402e-07	8.743225e-08	1.303277e-07
priorregion2_spot_44	0.014110839	3.633489e-07	0.27406362	0.70536304	2.0006047e-07	8.636578e-08	5.4612837e-08	6.527501e-08	3.945312e-07	4.4453964e-07	1.7671518e-07	0.0064525455	1.9631584e-07	7.8550365e-06
priorregion2_spot_45	1.6032216e-07	1.6871198e-07	0.16899808	0.8310003	2.6360823e-07	9.144263e-08	8.4675236e-08	9.610403e-08	1.7613336e-07	1.3244342e-07	1.0286735e-07	1.0251411e-07	6.889452e-08	1.44157e-07
priorregion2_spot_46	5.5513584e-07	5.262731e-07	0.21381143	0.7593934	1.4633538e-06	1.4706362e-07	1.3935095e-07	1.4036901e-07	5.038054e-07	3.3061966e-07	3.1148397e-07	0.0055341837	1.8248069e-07	0.021256644
priorregion2_spot_47	4.163543e-07	3.1715779e-06	0.38605848	0.6099897	2.9429286e-06	9.836764e-08	8.899428e-08	1.2534399e-07	5.6109846e-05	0.003887288	1.1024181e-06	1.3812755e-07	1.0501889e-07	2.0277926e-07
priorregion2_spot_48	2.801342e-07	1.5547828e-07	0.24297361	0.7570247	2.6775305e-07	5.27763e-08	8.2721385e-08	1.0228483e-07	1.9727385e-07	1.2542674e-07	1.2953448e-07	1.1553303e-07	7.1341205e-08	1.7155052e-07
priorregion2_spot_49	5.463371e-08	7.082332e-08	0.2066445	0.7933544	4.3836624e-07	3.1670986e-08	4.3619682e-08	4.934857e-08	3.191431e-07	3.3616214e-08	4.607046e-08	5.04622e-08	4.464575e-08	6.479332e-08
priorregion2_spot_50	1.2256125e-07	1.5075405e-07	0.2916982	0.7083003	2.7705624e-07	5.52526e-08	6.545599e-08	5.5525327e-08	2.4531178e-07	9.679535e-08	1.06039685e-07	7.564292e-08	7.8047876e-08	1.4553721e-07
priorregion2_spot_51	2.7565633e-05	4.182293e-06	0.17736897	0.7818828	0.035694916	6.251076e-08	1.1906458e-07	1.2874439e-07	2.3086782e-06	1.5695959e-07	2.635647e-06	0.0050130505	1.5966717e-07	2.8727743e-06
priorregion2_spot_52	3.5145536e-07	1.1243721e-06	0.069176786	0.9247094	0.0020613775	7.9353676e-08	8.7940435e-08	6.270897e-08	5.48748e-07	0.004049018	6.843522e-07	1.03778724e-07	1.4930116e-07	2.510913e-07
priorregion2_spot_53	1.3807534e-07	1.2725697e-07	0.25042102	0.7294844	1.2201653e-07	3.6066368e-08	6.299596e-08	5.62353e-08	2.26013e-07	9.289879e-08	7.5763325e-08	0.0036132724	7.6729236e-08	0.016480187
priorregion2_spot_54	7.077134e-08	1.2363502e-07	0.28881744	0.7111807	4.986754e-07	2.7352332e-08	3.8806423e-08	3.2080095e-08	7.4683186e-07	6.917625e-08	8.959111e-08	6.392003e-08	1.1951587e-07	1.0093934e-07
priorregion2_spot_55	1.3010714e-07	2.4501117e-07	0.25084916	0.749148	3.1248013e-07	6.263476e-08	5.7666334e-08	5.903976e-08	1.2614297e-06	8.696847e-08	1.3001782e-07	8.626239e-08	7.560723e-08	1.4792836e-07
priorregion2_spot_56	1.3001885e-07	1.2576855e-07	0.29441127	0.70558476	1.6780265e-06	4.0405045e-08	5.001782e-08	5.0946475e-08	1.3414636e-06	7.0432506e-08	8.6296474e-08	7.37298e-08	6.7722866e-08	1.2137049e-07
priorregion2_spot_57	9.143524e-08	1.2970939e-07	0.12077309	0.8792251	5.7824315e-07	8.5588134e-08	7.518698e-08	9.516722e-08	2.0766092e-07	1.2517852e-07	1.1619312e-07	9.6744735e-08	1.118184e-07	1.4443685e-07
priorregion2_spot_58	2.2361704e-07	2.0978825e-07	0.41791913	0.5820785	6.184097e-07	8.1081865e-08	1.4000034e-07	1.4813259e-07	3.6400618e-07	1.3876775e-07	1.12144974e-07	1.0348699e-07	9.216821e-08	1.7152988e-07
priorregion2_spot_59	5.7306814e-08	6.948987e-08	0.2735121	0.72648734	9.979588e-08	3.0615443e-08	4.33902e-08	3.5890036e-08	1.17222804e-07	4.7953822e-08	4.811759e-08	7.301578e-08	3.7880866e-08	7.599342e-08
priorregion2_spot_60	1.7027675e-07	2.43658e-07	0.35286966	0.64710444	2.3248316e-05	5.446703e-08	6.686817e-08	6.0783364e-08	1.2731464e-06	1.04455914e-07	2.2551771e-07	9.628803e-08	1.218632e-07	1.8788319e-07
priorregion2_spot_61	1.6619533e-07	1.6115771e-06	0.046038385	0.9539556	2.3969728e-06	5.0844708e-08	6.906306e-08	8.1940016e-08	6.4578353e-07	1.397874e-07	3.0147598e-07	8.589688e-08	1.3934937e-07	2.4155293e-07
priorregion2_spot_62	2.6829065e-07	3.6940773e-07	0.34064326	0.6578418	0.0015122337	7.793641e-08	1.4755935e-07	9.522951e-08	1.1092206e-06	1.3920558e-07	8.89822e-08	1.17290426e-07	1.3848789e-07	2.1071438e-07
priorregion2_spot_63	0.016436683	4.3620244e-07	0.12418039	0.85935885	1.8127426e-05	1.9236253e-07	5.3989777e-07	2.8788062e-07	2.584101e-06	3.9671983e-07	1.5758178e-07	2.842526e-07	4.404867e-07	4.143017e-07
priorregion2_spot_64	1.6235128e-07	2.6007334e-07	0.1712663	0.82790774	1.459755e-07	4.671284e-08	5.5275194e-08	5.9221133e-08	2.3889555e-07	1.845012e-07	2.1601272e-07	7.200548e-08	0.00082437583	1.1776683e-07
priorregion2_spot_65	8.758803e-08	8.890812e-08	0.30234775	0.6976509	2.633074e-07	5.1172016e-08	7.152467e-08	5.7974344e-08	2.219485e-07	6.349472e-08	7.424807e-08	6.744513e-08	5.586239e-08	1.07253726e-07
priorregion2_spot_66	1.0573805e-07	1.224563e-07	0.18115965	0.818839	2.390562e-07	4.9008058e-08	5.1210915e-08	4.2574165e-08	2.0172456e-07	6.468039e-08	8.4866336e-08	1.0512302e-07	7.2955e-08	1.0890064e-07
priorregion2_spot_67	5.4054863e-06	5.5858555e-07	0.4064734	0.59351754	1.2033073e-06	8.934868e-08	7.965467e-08	9.209386e-08	4.1198842e-07	4.582491e-07	2.0336897e-07	1.4962137e-07	1.4254867e-07	2.682234e-07
priorregion2_spot_68	1.0253092e-07	1.3560246e-07	0.14344752	0.85627407	6.0748073e-07	5.548121e-08	6.487831e-08	7.168282e-08	2.3253119e-07	9.71982e-08	9.76248e-08	9.424108e-08	0.00027682967	1.581691e-07
priorregion2_spot_69	1.4874311e-07	9.613473e-08	0.26814818	0.7318504	1.4725943e-07	3.7762298e-08	5.5048602e-08	5.262617e-08	1.2811279e-07	8.2521254e-08	6.767994e-08	4.1211706e-07	8.4614605e-08	1.2333916e-07
priorregion2_spot_70	2.6154157e-07	1.3714278e-07	0.2476505	0.74982435	2.6658142e-07	5.0741978e-08	7.78447e-08	6.3054344e-08	2.4639252e-07	1.8871603e-07	1.5288965e-07	0.0025233498	7.644732e-08	2.522525e-07
priorregion2_spot_71	2.0137087e-07	2.5792545e-07	0.46272406	0.53727233	5.4201683e-07	5.1183754e-08	7.468236e-08	7.2244575e-08	1.523359e-06	2.041481e-07	1.874497e-07	1.5001261e-07	1.06733474e-07	2.0193184e-07
priorregion2_spot_72	1.2213226e-07	1.8401161e-07	0.29160503	0.70839286	3.171737e-07	6.8110126e-08	8.024547e-08	7.148349e-08	4.6122597e-07	1.644154e-07	1.9196641e-07	6.692354e-08	1.0116785e-07	1.2880528e-07
priorregion2_spot_73	0.00863203	2.535143e-07	0.15722601	0.83413404	1.0404616e-06	1.7546466e-07	1.675983e-06	1.2469991e-07	4.5252176e-07	1.5033983e-07	1.0116278e-07	3.7718678e-07	3.232402e-07	3.2176908e-06
priorregion2_spot_74	6.753684e-07	1.3176346e-07	0.41452175	0.5854737	1.7430674e-06	6.0347276e-08	9.636922e-08	9.7686105e-08	9.79277e-07	1.15740036e-07	1.0021917e-07	1.4189857e-07	1.3046146e-07	2.179897e-07
priorregion2_spot_75	5.13596e-07	1.971518e-07	0.2457753	0.7542217	6.3175577e-07	1.2063904e-07	1.4383032e-07	1.462778e-07	2.5072933e-07	1.4895389e-07	1.1995553e-07	2.518451e-07	1.6756216e-07	3.9816456e-07
priorregion2_spot_76	1.7857812e-07	8.915122e-08	0.45959958	0.5403991	8.693254e-08	6.465667e-08	9.499482e-08	8.9594764e-08	2.9243557e-07	9.455844e-08	6.894811e-08	9.9302675e-08	8.02587e-08	2.4151007e-07
priorregion2_spot_77	2.7383146e-07	2.9955987e-07	0.14370525	0.8562912	5.7833677e-07	9.8216596e-08	1.9883315e-07	1.2816366e-07	2.593909e-07	8.23975e-07	1.9335914e-07	3.104128e-07	1.8316527e-07	2.9860013e-07
priorregion2_spot_78	2.4851323e-07	2.3023173e-07	0.14349903	0.8564986	2.861723e-07	8.216337e-08	9.7574265e-08	1.2340983e-07	3.3039848e-07	1.8415696e-07	2.4460186e-07	1.4750086e-07	2.397419e-07	1.6621819e-07
priorregion2_spot_79	8.219416e-08	7.861551e-08	0.1619214	0.8380774	2.2932673e-07	6.344779e-08	5.0959606e-08	7.059543e-08	2.622297e-07	4.684634e-08	5.6198896e-08	6.1194775e-08	6.008218e-08	7.368376e-08
priorregion2_spot_80	0.00014808583	1.3188916e-06	0.2512056	0.7150635	0.024811866	1.10818334e-07	1.791776e-07	1.9492583e-07	2.477759e-06	0.0008372405	2.2337939e-07	0.00019363733	1.8618688e-07	0.0077352994
priorregion2_spot_81	1.447922e-07	7.949156e-07	0.49616158	0.503833	5.8821877e-07	7.7249304e-08	1.5247134e-07	1.0592227e-07	2.2623656e-06	3.4258167e-07	2.1975524e-07	1.424796e-07	2.2691066e-07	2.7951333e-07
priorregion2_spot_82	9.204652e-08	1.0689423e-07	0.1921883	0.80781025	2.5206114e-07	4.6186287e-08	8.7907864e-08	7.762139e-08	1.9624343e-07	8.645341e-08	7.62467e-08	6.5377215e-08	8.857375e-08	8.622319e-08
priorregion2_spot_83	0.006614541	1.9883396e-07	0.27362102	0.719762	2.1993273e-07	1.0294023e-07	1.8169159e-07	1.3718055e-07	5.4921566e-07	2.703694e-07	1.5392324e-07	1.4829195e-07	3.5936733e-07	1.587137e-07
priorregion2_spot_84	1.7434047e-07	1.7164415e-07	0.044381216	0.95561606	2.7629284e-07	6.258638e-08	9.708026e-08	6.1299e-08	2.1809949e-07	1.6014815e-07	1.9196561e-07	8.2218213e-07	1.2080234e-07	2.109328e-07
priorregion2_spot_85	2.0657066e-07	7.6042696e-08	0.04204293	0.9579557	1.2772749e-07	5.202402e-08	1.151419e-07	4.971946e-08	1.8004249e-07	8.2582524e-08	6.96002e-08	9.662785e-08	9.955548e-08	1.16474155e-07
priorregion2_spot_86	3.2735718e-06	3.429042e-07	0.3069588	0.693033	6.881003e-07	1.5460282e-07	2.0088818e-07	2.454806e-07	3.2296944e-07	3.419174e-07	2.5786977e-07	7.413515e-07	1.549921e-07	1.4883475e-06
priorregion2_spot_87	5.1562114e-07	3.693106e-07	0.17469747	0.8152266	4.6248482e-07	4.670153e-08	9.544125e-08	7.8750865e-08	3.5558037e-07	2.8409463e-07	1.5250326e-07	0.010060467	8.2854854e-08	1.3062123e-05
priorregion2_spot_88	0.00091818423	7.313482e-07	0.44368234	0.55539536	9.119e-07	4.71944e-08	5.4936656e-08	6.997618e-08	1.0936762e-06	2.0791683e-07	1.2408432e-07	3.7686232e-07	1.0283382e-07	3.2198454e-07
priorregion2_spot_89	6.144202e-08	7.19115e-08	0.19323514	0.8066421	4.3987723e-07	2.9202129e-08	3.851974e-08	3.9300193e-08	1.6027275e-07	5.3835667e-08	6.8871174e-08	4.2323848e-08	0.000121754725	7.096209e-08
priorregion2_spot_90	0.022697268	7.759295e-07	0.031778548	0.9454703	2.0565496e-06	2.6886718e-07	2.585536e-07	2.783153e-07	5.092021e-07	3.3026572e-07	2.0293788e-07	4.4735017e-07	4.3157038e-07	4.8473197e-05
priorregion2_spot_91	2.494486e-07	3.0654277e-07	0.20314316	0.7682627	0.02859071	2.270357e-07	7.313788e-07	3.6993714e-07	3.420476e-07	2.6968894e-07	3.303557e-07	2.1340513e-07	2.2924094e-07	1.9353918e-07
priorregion2_spot_92	6.2672115e-07	6.549772e-07	0.4429508	0.53264314	0.019240255	1.0674277e-07	6.8788506e-07	2.5515425e-07	6.5255625e-07	5.0509976e-07	3.557372e-07	3.772115e-07	1.4796962e-07	0.0051614186
priorregion2_spot_93	1.3183535e-07	2.821644e-07	0.32086894	0.6791261	3.3246765e-06	5.0007195e-08	6.075609e-08	4.608831e-08	3.831586e-07	2.3092382e-07	1.3362593e-07	1.1966583e-07	8.5519616e-08	1.5834343e-07
priorregion2_spot_94	1.2830448e-07	1.8689377e-07	0.14093299	0.8590647	8.277498e-07	1.1027015e-07	1.1936021e-07	1.0382564e-07	3.372145e-07	1.0844242e-07	1.0858958e-07	9.112777e-08	9.0093074e-08	1.4472194e-07
priorregion2_spot_95	0.014409051	2.0048107e-07	0.2326601	0.752929	1.9769637e-07	5.230797e-08	9.187416e-08	7.3934956e-08	3.3917834e-07	2.089567e-07	1.5933529e-07	2.531159e-07	1.1706512e-07	2.3736816e-07
priorregion2_spot_96	6.9027544e-07	1.4641333e-07	0.35062623	0.6493714	2.1311202e-07	4.959913e-08	7.3345504e-08	9.0795126e-08	2.7116081e-07	1.647928e-07	1.3805084e-07	1.12037974e-07	8.086936e-08	2.3303646e-07
priorregion2_spot_97	0.018840205	0.012438379	0.20901927	0.7346674	5.703763e-07	1.5556098e-07	4.1305293e-07	1.4372273e-06	1.1127173e-06	1.640743e-07	1.6397307e-07	0.021689964	0.0033325362	8.082739e-06
priorregion2_spot_98	4.9558356e-08	1.0162161e-07	0.2954698	0.7045277	1.3566778e-06	2.4868543e-08	2.7207664e-08	2.4827237e-08	7.8793676e-07	3.917765e-08	5.8725078e-08	3.305591e-08	1.2101115e-07	5.481152e-08
priorregion2_spot_99	3.0866173e-07	2.2925752e-07	0.44541016	0.5519905	0.002596475	1.2534323e-07	1.6994095e-07	1.5578087e-07	4.766836e-07	3.4381736e-07	1.494757e-07	2.5041467e-07	1.5050745e-07	2.830271e-07
priorregion2_spot_100	3.30598e-07	3.2586053e-07	0.3892296	0.6107673	2.8924995e-07	3.5677477e-08	5.766557e-08	5.817946e-08	4.2044834e-07	4.2320517e-07	3.7259326e-07	1.8579831e-07	1.1270078e-07	3.9481733e-07
priorregion2_spot_101	1.4258394e-07	1.3351905e-07	0.20895535	0.79104316	1.2430962e-07	8.3259145e-08	1.0327119e-07	9.125397e-08	2.3744569e-07	1.2426078e-07	8.1764796e-08	8.1668155e-08	1.0477179e-07	1.5711242e-07
priorregion2_spot_102	9.318445e-08	1.4096203e-07	0.4148301	0.58515996	3.4416066e-06	2.7537956e-08	3.573801e-08	3.2421205e-08	5.5507644e-06	8.551681e-08	8.9062475e-08	9.469412e-08	2.0104396e-07	1.1782402e-07
priorregion2_spot_103	0.016181724	5.2364845e-07	0.46053648	0.5232777	3.3387866e-07	1.1281055e-07	1.399527e-07	1.0668424e-07	1.2835326e-06	7.90312e-07	2.9223762e-07	1.6612793e-07	1.2509733e-07	2.2304286e-07
priorregion2_spot_104	1.2482923e-07	8.252837e-08	0.1351255	0.8648733	8.525779e-08	5.966003e-08	7.882999e-08	9.4870906e-08	1.0925389e-07	1.0107633e-07	6.652065e-08	2.2575178e-07	7.55341e-08	1.2873068e-07
priorregion2_spot_105	1.685738e-07	2.3119075e-07	0.08615737	0.9138404	3.6480378e-07	1.0994608e-07	2.0293267e-07	1.1754982e-07	2.9698194e-07	3.4428626e-07	1.7922126e-07	1.0832704e-07	1.08738874e-07	1.8114613e-07
priorregion2_spot_106	1.4121771e-07	2.1845996e-07	0.21685638	0.78314185	2.3324975e-07	8.271616e-08	6.951085e-08	9.219769e-08	3.911629e-07	1.5485718e-07	1.5096128e-07	7.082525e-08	8.726058e-08	1.7049067e-07
priorregion2_spot_107	6.725565e-07	1.5688624e-07	0.20078523	0.79921204	3.0983784e-07	6.91829e-08	1.6077384e-07	1.2151781e-07	1.7736016e-07	2.740483e-07	1.4036445e-07	2.0529367e-07	1.6871444e-07	2.1519321e-07
priorregion2_spot_108	3.9268252e-06	2.3049466e-07	0.4307538	0.56924	3.4522586e-07	9.001643e-08	1.9903896e-07	1.2575799e-07	3.6133133e-07	1.881458e-07	1.4231195e-07	1.3914293e-07	1.5409229e-07	3.1208424e-07
priorregion2_spot_109	1.8469146e-07	1.6664173e-07	0.16507626	0.8349218	6.0024144e-07	4.2887912e-08	8.2120835e-08	7.600881e-08	2.5241496e-07	1.2377237e-07	1.3365579e-07	7.586078e-08	8.533207e-08	1.4399146e-07
priorregion2_spot_110	0.006565598	1.7951318e-07	0.06169147	0.8926744	3.148657e-07	5.8812212e-08	1.4120671e-07	2.8132652e-07	2.792688e-07	2.0757659e-07	1.5494574e-07	0.01892846	1.09355646e-07	0.020138415
priorregion2_spot_111	6.3580764e-08	9.689945e-08	0.17641954	0.8235794	1.925605e-07	2.796169e-08	4.3163887e-08	4.1592735e-08	2.1974586e-07	4.751646e-08	6.017319e-08	5.202649e-08	5.114805e-08	9.2587065e-08
priorregion2_spot_112	1.8090294e-07	1.6929901e-07	0.07810055	0.9218977	2.0246011e-07	8.463242e-08	1.5885928e-07	9.6932354e-08	3.3715153e-07	1.3118918e-07	1.2032827e-07	1.8028378e-07	1.1285467e-07	1.1583607e-07
priorregion2_spot_113	1.6172343e-07	1.7400518e-07	0.49522725	0.50477076	3.3667553e-07	5.7158132e-08	8.076747e-08	8.0948844e-08	2.6682338e-07	2.3910667e-07	1.395991e-07	9.6082736e-08	9.584094e-08	1.7220069e-07
priorregion2_spot_114	9.798102e-08	1.0685458e-07	0.28105953	0.71893895	2.0956202e-07	5.0152465e-08	6.126499e-08	7.059842e-08	3.8767166e-07	9.317278e-08	8.3021604e-08	8.916671e-08	7.599969e-08	9.984532e-08
priorregion2_spot_115	1.1623526e-07	1.286904e-07	0.3341644	0.6658339	3.3758457e-07	4.4786262e-08	7.334862e-08	5.6040694e-08	4.37967e-07	7.880495e-08	1.0191683e-07	1.07188605e-07	6.542906e-08	1.4523282e-07
priorregion2_spot_116	2.495822e-07	2.4290932e-07	0.26540384	0.73459435	2.739445e-07	4.83503e-08	6.810341e-08	5.5307186e-08	2.7974073e-07	1.8132386e-07	1.4983242e-07	9.3696634e-08	8.281387e-08	1.80958e-07
priorregion2_spot_117	0.009748029	2.8238503e-07	0.50194496	0.4883004	4.7842295e-06	9.4439066e-08	9.44859e-08	9.415193e-08	2.9142882e-07	1.5168271e-07	1.4498424e-07	2.4864465e-07	1.6298442e-07	2.58618e-07
priorregion2_spot_118	2.362401e-07	1.8462784e-07	0.27466002	0.72533745	6.541571e-07	8.408652e-08	1.6652736e-07	1.6081528e-07	2.4516297e-07	1.7388612e-07	1.3736047e-07	1.11064026e-07	2.1364495e-07	1.7670088e-07
priorregion2_spot_119	1.12338626e-07	1.3868198e-07	0.07785626	0.9221422	1.502339e-07	8.454758e-08	1.3501815e-07	1.1774377e-07	1.9977169e-07	1.4963408e-07	1.429207e-07	1.1470398e-07	9.588042e-08	1.3803427e-07
priorregion2_spot_120	1.7478041e-07	1.6374644e-07	0.32467815	0.67531925	4.1378345e-07	7.475745e-08	1.06714545e-07	1.0653425e-07	8.734497e-07	1.7810831e-07	1.0593702e-07	1.5306385e-07	1.1494325e-07	1.3124696e-07
priorregion2_spot_121	3.327662e-07	6.045501e-07	0.33913293	0.6608553	8.475544e-06	6.3652124e-08	1.03964155e-07	1.0160196e-07	4.2859156e-07	1.7689328e-07	3.3895967e-07	3.2673486e-07	1.7580871e-07	5.2326084e-07
priorregion2_spot_122	4.549953e-07	2.3054247e-07	0.30267698	0.69388473	2.2830088e-06	8.270438e-08	1.3132296e-07	1.2566366e-07	2.8868044e-07	1.7652039e-07	1.2767713e-07	0.0033954342	2.9420087e-07	3.874087e-05
priorregion2_spot_123	1.8815896e-06	1.8925503e-07	0.35694563	0.6156592	1.4408594e-06	7.577549e-08	1.1077768e-07	1.1268054e-07	1.0379366e-06	1.3899003e-07	1.2799471e-07	0.008242309	0.0011314028	0.018016305
priorregion2_spot_124	3.8067e-07	2.1477533e-07	0.4201596	0.5798376	1.5170824e-07	8.014086e-08	1.0246188e-07	1.0932709e-07	5.3124796e-07	1.6845743e-07	1.9839108e-07	1.7754792e-07	1.4591633e-07	5.27861e-07
priorregion2_spot_125	5.214034e-08	4.4750756e-08	0.03432253	0.96567696	4.9924775e-08	2.1967299e-08	3.2128586e-08	3.5979934e-08	7.7078255e-08	3.505344e-08	3.8629665e-08	4.507624e-08	3.3480397e-08	5.904516e-08
priorregion2_spot_126	1.4291528e-07	1.3031314e-07	0.32840958	0.67158866	3.9293528e-07	7.157956e-08	9.6640285e-08	8.7738556e-08	3.447452e-07	7.9061245e-08	1.0330941e-07	1.1110174e-07	1.0318427e-07	1.4171202e-07
priorregion2_spot_127	0.043098763	4.0173822e-07	0.087452725	0.840892	3.5401618e-07	1.6210195e-07	3.5902875e-07	1.2307412e-07	5.948226e-07	0.0045980127	1.9714525e-07	4.328043e-06	1.9105974e-07	0.02395183
priorregion2_spot_128	6.8088504e-08	5.7702866e-08	0.2702567	0.72974247	2.7384115e-07	2.916607e-08	3.4148492e-08	2.93192e-08	1.0483907e-07	4.1650516e-08	3.9891113e-08	5.1750987e-08	5.2629e-08	6.713936e-08
priorregion3_spot_1	0.0055527384	6.161111e-07	7.5565254e-08	5.3664472e-08	0.008888878	0.6702585	0.011808642	0.08569831	1.8516218e-07	0.21778865	2.93288e-07	2.9900764e-07	1.3313534e-07	2.6255916e-06
priorregion3_spot_2	1.80761e-05	0.64479274	6.88596e-07	1.7587608e-07	0.037762076	0.105507515	3.925456e-06	0.05734459	0.06995447	3.6270915e-06	0.08271265	7.6067346e-07	0.0018934141	5.0740437e-06
priorregion3_spot_3	2.6396897e-06	0.14343625	1.5386337e-07	7.016552e-08	0.005885217	0.46845463	0.06334972	0.0028078868	2.161986e-07	0.31195736	0.00021575094	0.003889721	1.2086204e-07	2.546559e-07
priorregion3_spot_4	0.009878565	3.259766e-07	9.010611e-08	8.095478e-08	3.8850465e-07	0.6142781	0.15495178	0.07972494	2.1401975e-07	0.13100895	0.0050028823	5.149861e-07	3.9268312e-07	0.00515277
priorregion3_spot_5	6.9538128e-06	0.6584547	2.5451789e-06	1.9592156e-07	0.01568288	5.0031207e-07	5.1904376e-06	0.025868107	0.0067895995	0.15929784	0.13343038	0.00046041748	1.358768e-07	5.7886837e-07
priorregion3_spot_6	0.03898954	0.41307887	1.663671e-07	8.148925e-08	1.5922733e-06	0.34912258	3.6124154e-06	2.5080271e-06	1.2716689e-05	0.16942365	0.02369675	0.002159032	3.2988152e-07	0.003508505
priorregion3_spot_7	0.0076005487	0.69497573	2.9450788e-07	1.7892545e-07	0.018145995	0.2575583	0.015149737	0.006491061	1.2014297e-05	2.1123456e-06	6.211138e-05	6.0344803e-07	3.4311554e-07	9.997669e-07
priorregion3_spot_8	0.02340321	0.4867992	7.0243245e-06	5.674766e-07	0.0318335	0.12491866	4.0550207e-05	0.020410143	5.8084835e-05	0.27380294	8.639283e-05	2.5819e-06	0.0033227322	0.035314377
priorregion3_spot_9	0.017413633	0.45131928	2.7688074e-07	1.1165416e-07	4.128159e-05	0.22657529	0.044260036	1.7105102e-06	8.120384e-06	0.1800412	0.07792677	0.0024100468	3.404906e-07	1.918058e-06
priorregion3_spot_10	4.075071e-07	0.37518358	2.0980765e-07	1.0720765e-07	1.9299296e-06	0.20130101	6.708798e-06	0.07320147	0.015393425	0.19894509	0.12195565	4.3894795e-07	1.2807625e-06	0.014008731
priorregion3_spot_11	0.04013341	0.62627596	8.954164e-07	2.4071159e-07	0.025654681	9.367753e-06	0.034035295	0.025623647	0.017434014	0.23070109	4.8811784e-05	7.871329e-05	1.4546902e-06	2.3736561e-06
priorregion3_spot_12	5.7769626e-07	0.48928508	2.7317615e-06	4.092562e-07	1.5834163e-06	0.27855554	0.052687325	1.9114084e-05	0.07131099	0.10812072	1.546653e-05	1.6762125e-07	1.3138039e-07	1.9764471e-07
priorregion3_spot_13	2.6340976e-07	0.54050034	7.786669e-08	5.5592736e-08	2.0773696e-06	0.4057363	4.3150208e-06	4.582385e-06	0.03621915	1.4544336e-06	0.017530499	1.8639703e-07	1.4490327e-07	5.4597643e-07
priorregion3_spot_14	0.0011258492	0.10316693	0.11317255	0.028105093	1.7176688e-05	0.1632348	3.10978e-07	1.3286778e-05	0.27339298	0.13310361	0.18130848	0.0033581748	1.979621e-07	5.608828e-07
priorregion3_spot_15	2.3173249e-07	0.106998764	6.2279432e-06	0.07725256	6.2018535e-07	0.48324585	6.580664e-06	1.588675e-05	0.2135863	2.8073438e-07	0.11676259	0.0018895067	1.950864e-07	0.0002342595
priorregion3_spot_16	0.007126152	0.6166468	1.0699632e-06	0.012454647	0.021816716	0.19961281	0.04898287	1.4082914e-06	0.004089658	0.088194326	1.6980441e-06	2.224331e-07	1.17203435e-07	0.0010714545
priorregion3_spot_17	0.01092983	0.22940706	1.8096156e-07	9.793516e-08	0.044464305	0.1381295	0.21403857	0.30738652	4.47435e-06	0.055407565	1.9498435e-07	0.0002311714	1.0069827e-07	4.095548e-07
priorregion3_spot_18	0.009467578	0.7179902	4.816634e-07	1.6291436e-07	0.079158016	0.031545382	0.0025723707	0.03466521	0.054203495	0.03432069	0.02188407	0.002935608	0.005224249	0.0060324967
priorregion3_spot_19	1.6020012e-06	0.58156556	4.7567556e-07	1.304751e-07	0.007876736	5.7760167e-07	9.235396e-07	1.5974435e-06	0.017415078	0.03552762	0.357608	6.466716e-07	7.240906e-07	4.424856e-07
priorregion3_spot_20	6.290169e-07	0.5425987	0.0054420624	3.5481054e-07	1.217157e-06	0.2596699	0.074159555	2.9257224e-06	3.667886e-06	0.028238522	0.089879386	1.1546143e-06	1.0114277e-06	7.9804585e-07
priorregion3_spot_21	0.1055728	0.049440417	0.033925578	3.1036984e-07	1.4150461e-06	0.08995136	1.7573457e-06	0.0016761891	9.239177e-07	0.68446213	4.3123946e-06	0.029233335	2.8561695e-07	0.0057292273
priorregion3_spot_22	0.0022306046	0.5788242	0.045626264	3.3687655e-07	0.07911259	0.22206312	0.0500718	0.022058671	4.205294e-06	2.2279744e-06	5.30126e-06	1.3539571e-07	7.771954e-08	3.7475985e-07
priorregion3_spot_23	5.1901026e-07	0.2844314	0.098113045	0.0077531035	0.0484074	0.37344378	0.009590591	4.5212287e-06	0.08157473	0.09353319	3.7504836e-07	3.4277838e-07	0.0031464098	6.947887e-07
priorregion3_spot_24	3.0980755e-07	0.24496624	0.021697395	3.101484e-06	4.887182e-06	0.3003495	4.9041415e-07	8.8711533e-07	0.11663831	2.930839e-06	0.31633475	5.5552596e-07	2.434996e-07	2.872756e-07
priorregion3_spot_25	0.0045837476	0.3020082	1.6762601e-07	8.582367e-08	0.026141388	0.3124107	2.2406202e-06	0.011750262	1.4073233e-06	0.20608166	0.09926112	0.003952325	2.818187e-07	0.0338064
priorregion3_spot_26	1.7705469e-07	8.012916e-08	7.954542e-08	9.279968e-08	8.9536506e-08	0.7242737	0.074533425	0.09943682	9.7825804e-08	0.10175489	1.2016463e-07	1.4461882e-07	5.760533e-08	2.5730708e-07
priorregion3_spot_27	0.0056415666	0.15419318	6.388264e-07	3.8814113e-07	1.2638723e-06	0.38621223	1.4242689e-06	1.7105461e-06	8.593588e-07	0.31400168	0.13486637	0.0015278498	2.3275625e-06	0.0035485476
priorregion3_spot_28	0.0018127519	0.27581373	0.019675387	2.002299e-07	0.010928957	0.35270372	0.11533145	0.024289506	0.0867747	0.06327084	0.04939786	1.9789682e-07	4.4454478e-07	2.5296083e-07
priorregion3_spot_29	1.1839528e-06	0.46955556	5.1366163e-07	1.861114e-07	0.018601151	0.42211136	2.2770288e-05	0.002131613	1.6515747e-05	0.08095001	6.0178834e-05	0.0029107144	0.0036346067	3.6017532e-06
priorregion3_spot_30	3.7449658e-07	5.345037e-06	1.6831099e-07	1.2369125e-07	3.757701e-07	5.4446975e-08	4.4597982e-08	5.853736e-08	4.902627e-07	0.42854527	0.4453115	5.486718e-07	2.1498997e-07	0.12613548
priorregion3_spot_31	0.0035779278	0.2577267	1.6349071e-06	1.2553329e-07	0.033968754	0.407673	7.583113e-05	0.13447241	7.912597e-07	0.15569545	3.049674e-06	0.0068038353	8.5022634e-08	3.1780712e-07
priorregion3_spot_32	2.853593e-06	0.19475642	4.4881417e-06	3.547283e-07	0.023875298	0.6165404	0.030809274	0.0025137397	1.8681254e-06	0.13148691	1.1065508e-06	6.3505354e-06	3.6262895e-07	5.7716414e-07
priorregion3_spot_33	0.011761459	0.5260845	5.7507356e-07	2.4725526e-07	1.0249559e-05	0.043901388	3.2810979e-06	9.936331e-07	0.00010780742	0.3461572	0.062514834	0.009452656	2.0793173e-07	4.558751e-06
priorregion3_spot_34	0.022524716	0.5747123	4.7368778e-07	2.2581013e-07	0.044641886	0.18555903	0.023173982	0.0968846	0.048668582	2.9657159e-07	6.0017607e-07	2.5716028e-07	1.3536284e-07	0.0038328685
priorregion3_spot_35	0.01600421	0.40325946	1.6552236e-06	1.9447351e-07	3.7367494e-07	0.15804943	6.7050695e-07	0.063974775	1.592468e-05	0.2691681	0.08939697	0.00012705309	9.4241466e-07	2.3796598e-07
priorregion3_spot_36	1.4213557e-06	0.3122291	2.0737951e-07	1.7328512e-07	2.2796582e-06	0.2746395	2.5349182e-06	1.8145977e-06	2.612058e-06	0.28592074	0.11907769	2.8066077e-07	1.4970884e-07	0.00812161
priorregion3_spot_37	0.008256432	5.3306917e-07	3.3422148e-06	0.0069606444	2.1541192e-07	0.624287	1.6807498e-05	0.04831185	1.0872944e-06	0.3003788	0.0117818015	1.1194134e-06	1.035548e-07	2.0542657e-07
priorregion3_spot_38	0.061304923	6.6575035e-06	0.006642898	8.966418e-07	6.09644e-07	0.08659453	3.9766914e-07	1.2975753e-06	0.02432416	0.715477	0.07053047	0.03511353	5.4006546e-07	2.0431505e-06
priorregion3_spot_39	0.0034468898	0.20721379	3.6734093e-07	2.848501e-07	0.035385385	0.44393414	0.19349214	0.030419543	0.009857491	0.07221298	1.608553e-07	1.1219094e-07	8.894017e-08	0.004036759
priorregion3_spot_40	0.025871193	0.2949287	3.0345313e-07	1.6804648e-07	0.02278521	0.51467836	0.034302346	0.012040452	6.795216e-06	0.09530912	2.060087e-05	4.5558645e-05	6.387893e-07	1.0557446e-05
priorregion3_spot_41	0.08855187	0.3312151	3.3252168e-06	1.8896378e-07	0.024305604	0.29285246	0.077573195	0.024894645	6.2368593e-07	0.12951137	0.0310911	1.3000454e-07	2.0736478e-07	1.5425344e-07
priorregion3_spot_42	1.4145943e-05	0.5282863	1.0919672e-06	0.0007439224	0.02008531	1.3564556e-07	2.5006176e-07	3.383477e-07	0.258547	0.12686777	0.060453974	0.003589257	0.0014055957	4.7671733e-06
priorregion3_spot_43	6.2476806e-07	0.11975626	3.494984e-07	1.484649e-07	0.015811767	0.5697279	0.038987827	0.039683424	0.027851963	0.14649957	0.03389962	0.0041477233	0.0036312747	1.5250401e-06
priorregion3_spot_44	0.0051843612	2.0323198e-05	0.08485021	4.5186604e-07	0.0064692004	0.3865096	0.16987897	0.0500994	0.013592824	0.14690244	0.13649146	3.6999248e-07	1.6051744e-07	2.832419e-07
priorregion3_spot_45	1.5444112e-06	0.44416848	0.045217473	7.1997056e-07	0.04236797	0.23495287	5.4853185e-06	2.2076976e-05	0.00016256	0.16965899	0.033122152	0.030315503	6.5500154e-07	3.5037576e-06
priorregion3_spot_46	0.025035478	0.39326477	7.115935e-07	2.0269509e-07	0.071526796	0.073648386	1.294928e-06	0.036661066	0.09669044	0.29041615	5.383904e-06	0.0070588435	3.9785527e-07	0.005690098
priorregion3_spot_47	0.06080421	0.004125197	1.8565714e-07	9.186332e-08	1.532594e-06	0.025915125	1.0738477e-06	1.7991067e-06	8.8685124e-07	0.6556038	0.20256808	2.4944363e-06	3.018339e-06	0.050972495
priorregion3_spot_48	0.027510915	0.0802441	1.3218063e-07	1.0013019e-07	0.014529622	0.5642013	0.14627397	0.054164745	0.0018017628	0.11126867	6.858777e-07	1.4813775e-06	1.8513181e-07	2.3269724e-06
priorregion3_spot_49	9.4956556e-07	0.11647623	1.6137315e-05	0.00019916972	1.2290388e-06	0.6769487	5.0365004e-05	0.0013527034	7.553141e-07	0.17878477	0.023281693	0.002228224	0.00065895374	1.578005e-07
priorregion3_spot_50	4.092635e-07	0.324942	8.2217014e-07	0.011559946	4.9503e-07	0.3176844	0.08849655	0.024428114	0.075741395	0.13202918	0.01633056	7.494648e-07	0.0014541576	0.007331204
priorregion3_spot_51	0.003005303	0.69125265	2.8375823e-07	1.9755696e-07	3.0458892e-05	0.24118714	5.3028805e-07	6.83802e-07	7.549261e-05	0.04695075	0.017493077	1.2389627e-06	1.7227607e-07	2.0343477e-06
priorregion3_spot_52	0.013939018	0.4523094	5.634651e-06	4.909451e-07	0.02661867	0.21409823	0.014033364	0.015081314	0.098884314	0.15469839	7.782531e-06	0.010316384	4.564989e-07	6.560303e-06
priorregion3_spot_53	8.61519e-05	0.25554198	1.5517035e-07	1.30416e-07	2.8095596e-06	0.32336116	0.095235735	2.4810506e-05	0.014156028	0.1215157	0.19007437	4.256454e-07	3.1465274e-07	2.6123504e-07
priorregion3_spot_54	1.7374485e-07	3.0121438e-07	1.0061273e-07	9.8564854e-08	1.5374606e-07	0.75486517	0.046718545	0.12477289	1.4430758e-07	0.07364184	1.2813038e-07	1.389569e-07	6.43277e-08	1.904204e-07
priorregion3_spot_55	0.011533242	0.26440975	3.8308977e-07	1.5121948e-07	3.218597e-06	0.4632427	0.07749596	0.006944657	1.9800023e-06	0.15127575	0.02508799	2.9652342e-06	1.636895e-07	1.1198082e-06
priorregion3_spot_56	1.3145727e-06	5.221731e-07	1.4702216e-07	1.427349e-07	2.3151571e-07	0.7357798	0.11035472	0.051287267	6.819721e-07	0.08176294	0.015367837	2.0395798e-07	0.005443484	5.826888e-07
priorregion3_spot_57	6.094894e-07	0.43273586	1.1571959e-07	0.00021990396	8.359939e-06	0.28660342	5.680754e-07	5.6387745e-07	1.2861087e-06	0.18654394	0.09388357	2.6299944e-07	7.016424e-07	7.7384317e-07
priorregion3_spot_58	6.0130074e-06	4.7251308e-07	1.0082019e-07	9.488717e-08	3.2272132e-07	0.6848185	0.0016824994	0.056002375	4.8831265e-07	0.19962914	0.03385952	1.4750481e-06	0.0017541924	0.0222448
priorregion3_spot_59	2.2720226e-06	0.5016213	4.901499e-07	2.6154638e-07	0.026140083	0.3146931	5.9533534e-07	2.5062554e-06	4.163199e-06	0.13885725	4.7281583e-06	0.00079263584	0.0020612017	0.01581936
priorregion3_spot_60	0.04317958	0.11621742	2.9845245e-07	1.5005118e-07	0.016527755	0.6326755	0.05134874	0.06363493	5.608359e-06	2.1593122e-07	0.07640555	9.263882e-07	1.0447833e-07	3.0392143e-06
priorregion3_spot_61	0.022537654	0.09864276	1.8092989e-07	9.165638e-08	1.11284784e-07	0.73183113	0.01203693	0.035709426	2.9872626e-07	0.07887393	0.020362582	2.3904485e-07	1.2188742e-07	4.4642634e-06
priorregion3_spot_62	0.0058631287	0.27574274	0.022365028	0.005159593	0.030615693	0.1867473	6.175025e-07	0.0033794807	0.04732987	0.3731489	0.00095151033	0.04221684	0.0064777844	1.4507978e-06
priorregion3_spot_63	0.020709213	0.6218783	9.5652624e-08	4.975888e-08	1.579069e-06	1.8297442e-07	0.007730106	3.244428e-07	0.053752977	0.25444043	0.040879082	1.4055363e-06	0.00059336465	1.2925204e-05
priorregion3_spot_64	0.040425844	0.47205424	8.221132e-07	2.9204583e-07	0.036993682	0.2000905	1.7890578e-06	0.019265907	0.052279726	0.16534767	5.3445674e-06	0.009711464	0.0012884347	0.0025342656
priorregion3_spot_65	6.562108e-05	0.57930833	0.008274212	1.669124e-06	0.01818592	0.18753827	1.4642062e-06	2.3559319e-06	0.20556998	2.2231347e-05	2.4160801e-05	1.4605603e-05	2.7072423e-07	0.0009908581
priorregion3_spot_66	3.978892e-07	0.6760896	5.8031474e-06	2.5156857e-07	0.00037321236	0.24808945	4.4615462e-07	2.1574492e-06	8.861963e-05	0.043003686	0.03022782	2.0423952e-06	1.5837882e-07	0.0021163991
priorregion3_spot_67	0.020907013	0.36014146	1.784227e-07	1.0022242e-07	1.4722988e-06	0.40927365	0.07501221	0.00011184399	6.503147e-05	0.13447177	8.393339e-06	1.421498e-07	1.1401142e-07	6.6383636e-06
priorregion3_spot_68	0.06782558	0.12680003	2.2708065e-07	1.3048172e-07	0.011449129	0.5054666	0.012529774	0.0100147305	1.5221389e-06	0.10497287	0.16093859	2.9624405e-07	1.38793e-07	4.0876174e-07
priorregion3_spot_69	0.053825065	0.45437366	7.76678e-06	6.853479e-07	0.12410916	1.0642983e-07	2.973522e-07	1.7935103e-07	0.06343266	0.05499472	0.24924195	2.450283e-06	1.4574393e-06	9.955637e-06
priorregion3_spot_70	0.006083583	0.12833439	1.9845943e-07	1.5714139e-07	0.0066924826	0.5149376	1.2541794e-06	4.0126793e-06	0.043579895	0.2943274	3.403071e-06	2.6881327e-07	1.1107219e-07	0.006035265
priorregion3_spot_71	0.03093457	0.019167036	0.0054114913	3.9004036e-07	1.2939225e-06	0.28012353	8.038269e-07	4.1162302e-06	1.23573e-06	0.61700374	0.037835516	0.009491205	3.61491e-07	2.4670111e-05
priorregion3_spot_72	0.008637507	0.35078707	5.6121297e-07	1.541422e-07	0.014061993	0.37130186	0.011326461	0.008900787	0.036860008	0.19811682	5.3654508e-06	2.1993552e-07	6.2019114e-07	4.8164924e-07
priorregion3_spot_73	3.7144002e-07	0.2675618	0.039695162	5.397377e-07	1.3881346e-06	0.36721253	2.5491347e-06	0.016359176	0.060545508	0.21032846	0.038291436	4.291615e-07	1.3525461e-07	4.0948657e-07
priorregion3_spot_74	0.017824553	5.679988e-07	2.2691218e-07	0.0033488397	3.5144745e-07	0.4868579	0.16762418	0.123011105	2.921039e-07	0.17966336	0.019565102	6.8336857e-07	0.0021012095	1.6754e-06
priorregion3_spot_75	3.851927e-06	0.44424173	1.5333779e-06	1.7215272e-07	1.6218711e-06	0.053342238	4.5891554e-07	0.14399935	0.07548637	0.18004625	0.0904201	0.0124556655	1.7962293e-07	5.359677e-07
priorregion3_spot_76	0.029084623	0.0267761	1.3882146e-07	1.33497e-07	0.00336764	0.43970644	0.11799044	0.11754835	6.7479465e-07	0.15207319	0.0994286	0.005058381	7.527519e-08	0.008965092
priorregion3_spot_77	0.012536049	0.57275486	0.023172395	3.8284685e-07	0.012105699	0.086114526	0.024767952	1.0942769e-06	0.16351244	0.029726803	0.07530582	6.279972e-07	3.4537433e-07	1.0526172e-06
priorregion3_spot_78	0.04268289	7.6663116e-07	0.00894905	5.7185787e-07	6.949454e-07	0.53388405	3.606369e-05	0.005339638	7.989926e-07	0.38442776	0.024674568	1.4083455e-06	3.2708803e-07	1.4308844e-06
priorregion3_spot_79	0.005249691	0.4554281	2.9753724e-07	1.5170127e-07	4.141247e-05	0.3743827	0.00015222881	9.060471e-06	7.418403e-06	0.16452914	0.00019732783	7.417062e-07	2.3749035e-07	1.5254199e-06
priorregion3_spot_80	1.6124106e-05	0.14001693	4.3842343e-07	5.1518015e-07	0.010787184	0.6172636	0.018437693	0.04013423	0.005064144	0.15168813	6.417342e-07	8.4846965e-07	0.0026754672	0.013913942
priorregion3_spot_81	2.0688033e-06	0.49692723	0.03450888	9.427821e-07	0.0025241675	0.10433287	0.020353647	1.0161789e-06	1.7921317e-05	0.24123873	0.043673262	0.030053789	2.7736112e-07	0.026365185
priorregion3_spot_82	0.07399218	0.14000724	1.4964088e-06	0.002946129	1.0368381e-05	1.200661e-07	0.0144154	3.5661742e-06	6.828929e-07	0.5967091	0.13603549	0.0064339866	0.0018635883	0.027580753
priorregion3_spot_83	0.17500162	1.561498e-06	0.046853133	0.00060101075	0.034995746	5.3082832e-08	0.06265492	1.5794069e-06	4.0319676e-07	0.591811	0.07956439	1.0246524e-06	0.008513145	3.7494286e-07
priorregion3_spot_84	0.06937635	0.503032	4.5138216e-07	1.6798373e-07	0.040112063	0.16079068	6.155855e-07	1.1463411e-06	7.9643805e-06	0.22512896	3.5294423e-05	0.0015100876	1.4839424e-06	2.6317782e-06
priorregion3_spot_85	3.7539942e-07	0.85326	6.0524944e-06	3.3699402e-07	0.045796912	1.0802723e-07	0.012400864	3.283014e-07	0.07212273	4.168651e-07	1.1290913e-06	0.007872503	2.3166278e-07	0.008538006
priorregion3_spot_86	1.9636718e-06	0.5582777	5.022304e-07	2.9548877e-07	2.1019108e-05	0.03270087	1.456297e-06	0.0083513865	0.007312245	0.19200207	0.14807989	0.01542315	0.0035154915	0.034311797
priorregion3_spot_87	5.3630964e-07	0.17864057	0.09156651	8.989804e-07	0.04100013	0.31329086	1.5669071e-06	0.03714491	0.17759603	0.030542092	0.124853104	9.133231e-08	2.760948e-07	0.0053624334
priorregion3_spot_88	0.07618838	0.5407072	4.746504e-05	1.8242804e-07	0.0770862	3.9261346e-07	0.074236386	0.020610845	0.0702737	0.12513545	0.0107028885	0.0050075036	1.930286e-06	1.5879228e-06
priorregion3_spot_89	1.883503e-07	0.2378648	3.587337e-07	1.7402871e-07	6.046306e-07	0.6975381	1.8794357e-05	1.1858074e-05	8.5052255e-07	0.06445256	8.1463695e-06	0.0001016847	9.196485e-08	1.6490136e-06
priorregion3_spot_90	1.3220367e-06	0.5085428	4.767882e-07	2.7410064e-07	0.011675742	0.18104927	0.07415059	0.007644389	0.02395237	0.15874495	0.017750423	9.4702386e-07	3.5045022e-07	0.016486242
priorregion3_spot_91	0.054526135	0.4838081	9.70638e-07	2.456167e-07	0.021410277	0.060881305	1.5443809e-06	0.0075983326	9.228526e-06	0.19585803	0.1736467	1.5411078e-06	4.1852068e-06	0.0022533364
priorregion3_spot_92	0.02675835	0.5735154	0.032056607	4.0414145e-07	0.012974152	0.20647843	1.1862801e-05	0.01469781	5.17862e-05	0.10142839	0.0239546	0.0014682814	0.0015878797	0.0050158883
priorregion3_spot_93	3.60688e-07	0.48357484	4.5791626e-07	2.5944902e-07	0.02051843	0.3171318	0.083946854	4.939812e-06	0.010008877	0.08481079	1.6512445e-06	2.3144787e-07	1.9734773e-07	3.2389246e-07
priorregion3_spot_94	1.2814545e-06	0.53603417	5.91902e-07	2.932654e-07	0.08615143	0.25157008	0.028868334	2.3893704e-06	0.0950269	2.80515e-06	2.185854e-06	1.0376422e-06	2.4878688e-07	0.0023381584
priorregion3_spot_95	4.5195316e-07	0.47028127	0.025299447	6.182099e-07	5.867723e-06	0.17089184	5.302819e-07	0.00264533	0.2305014	0.1003642	7.1860545e-06	1.2562987e-06	2.8121178e-07	4.031203e-07
priorregion3_spot_96	0.04952961	0.5181348	1.3134375e-06	1.8131588e-07	2.1449703e-05	0.11665521	0.0060711512	0.03488839	2.451814e-05	0.26781484	2.1555677e-05	0.0020161208	3.0220497e-07	0.0048205936
priorregion3_spot_97	0.0007198576	0.17909092	1.2772284e-07	9.801037e-08	6.1882935e-07	0.6113211	0.00085733936	6.286458e-05	4.912448e-07	0.18909349	0.018852457	3.8260603e-07	8.720551e-08	2.8183857e-07
priorregion3_spot_98	0.08860842	0.51453966	2.9723807e-07	1.2303887e-07	0.083570555	0.15333429	2.5518413e-05	0.07458241	1.7194814e-05	0.082331866	3.153221e-06	2.1419894e-06	6.3080705e-07	0.0029835952
priorregion3_spot_99	8.082838e-07	0.51924634	1.783519e-07	1.0424132e-07	0.021224445	0.3050126	6.842366e-07	1.9453164e-06	0.07026263	0.034318987	0.018496642	2.118676e-06	0.011589902	0.019842593
priorregion3_spot_100	7.2769776e-06	0.43190438	3.2399942e-07	1.8071522e-07	0.013958769	0.27227437	7.360863e-07	2.1543174e-06	3.555048e-06	0.25710154	6.6344364e-05	4.337448e-07	1.869259e-07	0.024679687
priorregion3_spot_101	0.030675616	0.44874984	1.9689084e-07	1.1271531e-07	1.4259482e-05	0.27358487	4.538573e-06	0.074494	2.8133323e-05	0.07911085	0.09002225	0.003312262	4.652129e-07	2.7619287e-06
priorregion3_spot_102	0.1832118	0.12490134	0.01403368	9.2243596e-08	0.1692932	0.13171193	0.07076334	0.029261636	1.4339973e-06	0.27489895	2.7320092e-07	0.0019206018	1.212765e-06	5.0630376e-07
priorregion3_spot_103	0.03807941	0.63331187	6.936042e-07	1.0596901e-07	0.05118894	0.11146644	0.026254904	3.6108402e-06	0.008382813	0.116403654	3.2739363e-06	2.363998e-07	4.0502007e-07	0.014903764
priorregion3_spot_104	0.051446937	0.7333278	0.029038558	2.9645778e-07	0.06787075	1.0517591e-07	3.3760733e-07	1.949153e-07	0.11802105	1.8574829e-06	0.00028303394	1.3977062e-06	3.3105553e-07	7.184379e-06
priorregion3_spot_105	0.017212672	0.0235762	0.0031549179	1.0807052e-07	0.031271584	0.58153725	0.14987549	0.008049288	3.7543143e-07	0.18532082	3.6397603e-07	2.6745377e-07	1.376515e-07	5.31655e-07
priorregion3_spot_106	8.8232974e-07	0.34083414	8.3388005e-07	2.0412074e-07	1.6096922e-06	0.24217638	0.079455465	0.07994747	0.059906058	0.19766559	1.03178845e-05	3.2713035e-07	2.1814479e-07	5.706461e-07
priorregion3_spot_107	0.010392859	0.06764217	4.7537927e-07	1.560629e-07	0.04330505	0.56601995	0.21679406	0.037679974	6.396606e-07	0.05816356	1.8305593e-07	4.64214e-07	1.7237728e-07	3.460435e-07
priorregion3_spot_108	1.2026501e-05	0.4525674	0.05886666	4.7811375e-07	0.032532714	0.15831028	2.5178957e-07	6.7820304e-07	0.09470749	0.18348381	8.7714966e-07	0.019516896	1.174834e-07	4.030211e-07
priorregion3_spot_109	9.833417e-07	0.19597267	4.3654987e-07	1.6126822e-07	5.2487503e-06	0.46199575	5.209844e-06	8.547839e-06	5.630642e-07	0.15819728	0.18027085	0.00092866237	1.9150127e-06	0.0026117088
priorregion3_spot_110	4.7012583e-07	0.7128901	0.005616511	2.966195e-06	0.01350585	0.024747243	3.3766943e-07	2.1345322e-07	0.05363986	0.18547213	0.00036745085	1.023984e-06	2.2828313e-07	0.0037557029
priorregion3_spot_111	0.053420022	2.023767e-05	2.200287e-06	0.0020909968	9.543e-07	0.42152256	6.1898154e-06	1.0981181e-05	2.4537976e-06	0.46841386	0.038796034	1.6038335e-06	0.0028444838	0.012867476
priorregion3_spot_112	0.017622598	0.39990753	1.0974567e-07	5.4406787e-08	1.5028956e-05	0.34182665	1.0907132e-06	5.0901957e-07	0.11967418	0.11051683	5.9815363e-07	0.006962686	0.003471207	9.3608446e-07
priorregion3_spot_113	0.12572466	4.5411775e-06	7.9292846e-07	0.003104531	6.7626576e-07	2.192989e-07	0.038679034	0.034432217	3.8354173e-07	0.6226232	0.14750916	0.023137217	0.0047804345	3.0022463e-06
priorregion3_spot_114	0.017624088	9.937603e-07	9.737399e-08	7.542157e-08	2.410741e-07	0.5071139	2.979329e-06	1.0001799e-05	1.5527489e-07	0.4038152	0.047495328	4.4914265e-07	7.0048054e-06	0.02392946
priorregion3_spot_115	1.5963907e-07	0.21545772	1.4834866e-07	6.8304125e-08	0.026580852	0.5492258	9.57898e-07	1.6592056e-06	5.4390335e-07	0.18375908	0.024972651	1.1467435e-07	1.0750229e-07	1.5569901e-07
priorregion3_spot_116	1.30188e-07	3.4982364e-08	4.1889635e-08	3.2999605e-08	3.167787e-08	0.6841895	0.1597892	0.15461479	4.883051e-08	3.7080934e-08	3.6349512e-08	0.0014055256	5.6567465e-08	4.352004e-07
priorregion3_spot_117	1.9635606e-06	0.39946592	0.011336031	1.3043558e-07	3.2121557e-06	0.26152354	1.2172803e-06	1.3450477e-06	3.651592e-06	0.20557153	0.11557237	0.0065176613	6.856024e-07	6.579111e-07
priorregion3_spot_118	3.3943516e-06	0.4914696	1.2878955e-07	9.0491575e-08	5.779145e-06	0.15565152	0.0013159222	2.5257737e-06	0.134552	0.1952828	0.015551008	1.4539452e-06	1.2376096e-06	0.0061625238
priorregion3_spot_119	0.011725963	0.42485106	1.2888094e-07	8.566449e-08	0.0063468385	0.25487158	4.627673e-07	0.010586885	5.916355e-07	0.26735538	0.014590901	2.269768e-07	0.0032589324	0.0064109834
priorregion3_spot_120	1.6006159e-06	0.45355558	0.034793578	1.8795205e-07	1.4730126e-06	0.15798597	8.269713e-07	5.3690627e-07	0.065122195	0.14190768	0.1462103	0.00041805406	1.4852569e-07	1.8547827e-06
priorregion3_spot_121	0.02286299	0.30414137	0.045732588	9.1598235e-07	3.5135272e-07	0.48692104	0.0018285157	1.4274451e-05	0.05383206	0.06954855	0.009087858	0.006028632	1.6906505e-07	7.91418e-07
priorregion3_spot_122	0.024069155	0.5032819	0.0054872846	2.2066394e-07	0.025904363	1.5699143e-07	2.2193296e-07	3.2175615e-07	1.264381e-06	0.2194467	0.2218072	1.1552893e-07	9.223065e-07	2.5488688e-07
priorregion3_spot_123	0.04085552	0.6338501	9.876704e-07	2.678731e-07	0.04635031	0.15974294	0.0034681822	5.22125e-07	0.0003713862	0.09367271	0.017092785	4.7102985e-05	5.705913e-07	0.004546674
priorregion3_spot_124	6.118331e-07	2.5824158e-06	2.9381722e-06	0.0033219503	3.0735652e-07	0.62338483	3.8290727e-05	0.003553266	7.4537216e-05	0.33218366	0.034472805	0.0029635977	1.3009682e-07	5.1487604e-07
priorregion3_spot_125	0.04501239	0.44461358	2.1151577e-07	1.2954546e-07	8.285663e-06	0.1797283	1.0336045e-06	0.016063483	0.06480439	0.24800475	5.008815e-05	0.0017114733	6.599467e-07	1.0693119e-06
priorregion3_spot_126	3.5953107e-07	0.1830205	2.5029598e-07	1.1285529e-07	3.6404478e-07	0.53247833	0.022065036	0.071211	0.03087037	0.13025826	0.029702809	5.5324335e-07	1.5218677e-07	0.00039200895
priorregion3_spot_127	7.402495e-07	0.38763598	2.110672e-07	2.133872e-07	0.038586967	0.5219953	6.0495117e-06	5.4047e-06	6.557084e-06	0.04040351	0.0113561675	1.1244696e-07	2.5459308e-06	3.338575e-07
priorregion3_spot_128	3.2072958e-06	0.3791821	0.024532666	2.2830275e-06	1.9672193e-06	0.09860983	0.003230829	0.033139765	0.09203242	0.220928	0.14715827	0.0011758662	1.9969568e-07	2.575474e-06
priorregion3_spot_129	0.06716616	0.38752803	7.682496e-06	4.515568e-07	0.034657165	0.25739935	0.079067156	0.08552567	0.00058689294	0.08408071	1.3245665e-06	1.9456244e-05	3.0258306e-07	0.0039596404
priorregion3_spot_130	6.943807e-07	0.22591394	0.012267848	1.4341127e-07	2.6988698e-07	0.37758645	0.10708511	0.06521286	0.028417975	0.11410656	0.06940734	3.680626e-07	1.8350137e-07	2.441188e-07
priorregion3_spot_131	3.983925e-06	0.5424091	7.0937034e-07	2.2604576e-07	0.057532847	0.19109845	6.2438096e-07	9.528966e-07	0.049024347	0.14737912	0.0043518688	0.0035683182	0.003764875	0.00086462946
priorregion3_spot_132	3.8786052e-07	0.13239451	2.023717e-07	2.0166752e-07	2.5071392e-07	0.7339296	1.4136434e-06	1.8974395e-06	2.2084136e-07	0.04979502	0.04567981	3.0804105e-07	0.013629411	0.024566725
priorregion3_spot_133	0.011824439	0.5783888	2.0020493e-06	7.0923e-07	0.0001100425	0.06236067	5.1873735e-07	1.0626469e-06	0.09852708	0.1476105	0.03465128	1.3846764e-06	0.003638307	0.0628832
priorregion3_spot_134	0.001430589	0.1806472	7.928966e-08	4.719981e-08	3.1122386e-07	0.5434302	6.6947934e-05	2.599719e-05	8.207921e-07	0.15889156	0.11550548	2.623378e-07	1.5530323e-07	3.3548662e-07
priorregion3_spot_135	0.048094284	0.6253828	4.988533e-07	2.1888157e-07	0.032154806	0.033170078	2.4861515e-06	3.885608e-07	1.7148972e-05	0.25599587	4.2435913e-05	0.005134982	2.8493034e-07	3.7644184e-06
priorregion3_spot_136	0.026644783	0.49075508	0.067720376	3.6952292e-07	1.0395886e-06	0.19534951	0.022275371	5.196032e-06	1.6303544e-06	0.19133586	3.7150716e-05	0.0058731413	8.338946e-08	3.4982958e-07
priorregion3_spot_137	0.022134334	9.637686e-07	4.5627104e-07	0.0027272683	3.7514658e-07	0.46325922	0.17531852	0.05690747	3.6153182e-07	0.26968434	0.007072723	7.334549e-07	0.0028929554	2.271965e-07
priorregion3_spot_138	0.00092125795	0.45092908	4.3061175e-07	1.4332853e-07	0.02215036	0.18049443	0.09451865	0.005693614	0.111345984	0.05516926	0.07863719	0.00013734237	3.8250747e-07	1.8371106e-06
priorregion3_spot_139	3.5965124e-06	0.49321094	2.4500262e-06	2.6090837e-07	0.006144384	0.12487894	0.09491556	0.010084117	0.07028343	0.13370763	0.06520359	3.3991094e-07	0.0015642078	5.378411e-07
priorregion3_spot_140	0.05294732	0.22297929	2.1789269e-07	9.546227e-08	1.4549362e-06	0.3474619	2.240986e-06	3.7007833e-06	7.8087527e-07	0.2975306	0.07555354	9.658602e-06	5.8343755e-07	0.003508688
priorregion3_spot_141	0.012388416	0.6092937	0.10877492	3.8264818e-07	0.0044892454	0.2650284	3.289797e-07	6.059813e-07	1.3505504e-05	4.9772586e-07	9.325143e-06	2.0561053e-07	3.6079888e-07	1.7154761e-07
priorregion3_spot_142	5.471618e-07	0.19815439	6.78627e-08	4.8237982e-08	3.3615476e-07	0.40497455	0.22733362	0.16837282	5.051437e-07	0.0011619781	1.639625e-07	1.6076166e-07	1.0730874e-07	6.3169426e-07
priorregion3_spot_143	0.014177718	0.6640735	3.4983165e-07	2.0707786e-07	0.048369598	0.13030745	3.4576368e-07	1.0750626e-06	6.685326e-06	0.1336362	5.2327937e-06	7.203375e-07	1.4618516e-07	0.009420926
priorregion3_spot_144	0.037765406	0.43334907	5.9955585e-07	1.2963442e-07	0.029945556	0.29977918	0.0453347	0.023980701	2.1381236e-06	0.12983032	3.4732466e-06	7.6255174e-06	2.2660225e-07	9.0144397e-07
priorregion3_spot_145	7.2903595e-07	0.33678296	2.03784e-07	1.2908164e-07	1.2188373e-06	0.4776035	8.62417e-07	1.859101e-06	3.9600283e-07	0.14312385	0.027194148	0.0076854634	9.5483905e-08	0.0076046498
priorregion3_spot_146	2.2396624e-07	0.19660644	1.3739479e-07	8.791452e-08	9.949872e-06	0.40037882	1.8192886e-06	2.0083087e-06	1.6110758e-06	0.14138289	0.26161566	1.0504589e-07	1.2726588e-07	2.2223477e-07
priorregion3_spot_147	1.0948712e-06	0.5934906	0.03153725	4.6735406e-07	0.045550305	0.18643464	1.1689577e-06	5.8059805e-07	0.059903275	0.073715076	1.1712427e-06	0.007593483	1.7048852e-07	0.001770775
priorregion3_spot_148	7.210235e-07	0.45179877	0.036069952	1.7184755e-06	0.0011730297	0.36977553	0.017985549	1.8397099e-05	0.014278772	4.5402805e-05	0.10885047	4.9274524e-07	1.3452421e-07	9.40275e-07
priorregion3_spot_149	0.07259049	0.19815688	1.5769605e-06	0.0033412739	7.171346e-07	0.49139595	1.7301054e-05	0.056659423	2.4996248e-07	0.17044407	6.036232e-07	1.622887e-07	0.0073910146	2.5116054e-07
priorregion3_spot_150	0.0008025632	0.31134298	4.2190927e-06	4.8562305e-07	1.0939681e-06	0.40285295	4.8420793e-07	1.1232545e-06	7.9834723e-07	0.23638673	0.037926253	0.010679037	8.849212e-07	2.9531932e-07
priorregion3_spot_151	0.012102767	0.24386615	1.9874304e-07	1.0428559e-07	0.0067440323	0.4760144	0.06923152	0.08934571	3.1552096e-07	0.10268842	4.7548947e-06	2.4610395e-07	8.3434094e-07	5.558873e-07
priorregion3_spot_152	0.017589217	0.32122836	1.9559045e-06	1.9180479e-07	0.016659837	0.5905533	5.69665e-06	1.6194848e-05	0.04938396	0.0045603663	4.2070945e-07	1.02713855e-07	2.3872923e-07	2.3342328e-07
priorregion3_spot_153	0.057369135	0.72068876	2.9317846e-07	1.5291539e-07	0.051047686	5.2629158e-08	1.0008775e-07	8.0633434e-08	1.6817428e-05	0.14067213	0.017196838	0.0036452848	8.496342e-07	0.009361954
priorregion3_spot_154	1.122084e-06	2.4155713e-07	6.5114826e-08	7.4847996e-08	2.730537e-07	0.72594506	0.0002004912	5.6960784e-05	1.5938312e-07	0.213094	0.029636372	1.4728306e-07	2.3384067e-07	0.031064807
priorregion3_spot_155	7.9103995e-07	0.08678011	3.7330037e-07	1.0515507e-07	0.008107117	0.6239865	5.7320827e-05	0.0009907043	5.959316e-07	0.17700183	0.103013374	3.6228341e-06	1.4887311e-07	5.7476165e-05
priorregion3_spot_156	0.0062265154	0.7479539	4.910105e-07	0.003397578	0.0045693186	0.085405	0.022457229	0.024248272	0.03076269	0.07485587	6.2163845e-06	0.00011637542	1.1859284e-07	6.565852e-07
priorregion3_spot_157	1.5820576e-06	0.31896862	0.033924334	2.2585469e-07	2.4780049e-05	0.46744913	0.0026930207	0.09302494	0.08210703	3.53762e-06	0.0018020817	2.1390389e-07	1.16095414e-07	5.003767e-07
priorregion3_spot_158	0.003918373	0.5852085	2.1090361e-06	1.7563094e-07	5.205078e-05	1.1319584e-06	0.027420318	5.954811e-06	0.1181243	0.26008257	0.0012126786	4.021619e-06	0.0039666058	1.1211049e-06
priorregion3_spot_159	0.028526954	0.40122512	4.5002707e-07	1.5897903e-07	1.5503367e-06	0.19183616	8.864083e-07	0.003687306	0.009744804	0.15268315	0.15097962	0.036046717	3.0348983e-07	0.025266817
priorregion3_spot_160	0.03064545	2.0660953e-07	2.1544412e-07	7.667929e-08	2.7214637e-07	0.46178213	0.10168576	0.11633474	2.375187e-07	0.28847653	1.6228857e-07	6.7560825e-07	0.0010730128	4.694e-07
priorregion3_spot_161	5.3438623e-07	0.5630049	3.666161e-07	2.8473036e-07	1.8681241e-05	0.08504106	3.3818648e-07	4.4430737e-07	3.4785808e-05	0.0118018715	0.34009507	7.9585095e-07	5.148711e-07	3.353401e-07
priorregion3_spot_162	7.5971855e-07	0.12228858	7.368865e-07	3.996599e-07	8.86527e-07	0.40122333	9.180443e-05	5.3112817e-06	1.8154216e-06	0.32296658	0.15281916	3.347278e-07	2.1772823e-07	0.0006001608
priorregion3_spot_163	2.0579841e-06	0.6033488	1.4933133e-07	6.583556e-08	0.015743636	0.20149937	9.0775575e-07	0.0034460796	0.057350013	0.10289916	8.719147e-06	7.1986483e-07	5.214965e-07	0.015699938
priorregion3_spot_164	0.043206297	0.30245072	4.6952806e-07	1.0898174e-07	0.005015169	0.41710737	0.08552892	0.001501429	0.009795265	0.083625816	0.051767655	2.4162009e-07	1.3509381e-07	4.732072e-07
priorregion3_spot_165	0.06021211	0.62847084	3.3625713e-07	1.3039214e-07	0.06453531	0.015834687	3.196238e-07	3.2149376e-07	0.003712141	0.22720006	2.6941036e-05	1.3211817e-06	3.7691868e-06	1.8372028e-06
priorregion3_spot_166	4.8861705e-07	0.5044316	6.9618005e-07	5.250828e-07	0.023881936	0.43303502	0.011677572	2.9297908e-05	1.268944e-05	0.024389625	1.453966e-05	0.0025242025	2.5097413e-07	1.6539673e-06
priorregion3_spot_167	0.033361267	0.34187564	0.0065368237	1.2365439e-06	0.0057186685	0.28470886	0.045503534	0.019731214	9.2661566e-07	0.23104692	0.031511415	3.310584e-07	2.2703864e-06	8.5957765e-07
priorregion3_spot_168	0.011621892	0.60309714	0.0111823715	8.575982e-07	0.056837324	0.22012125	0.033025283	1.77938e-06	3.3985263e-05	0.05132602	5.881963e-06	0.006245681	1.6356271e-06	0.0064990246
priorregion3_spot_169	0.091699615	0.15760218	6.0731973e-06	2.2670419e-07	0.079123765	0.14063007	0.024994424	0.00043762865	2.4634044e-06	0.49560633	5.241274e-05	0.0069197104	0.0029213433	3.758412e-06
priorregion3_spot_170	1.7993718e-06	0.5129151	0.006717548	2.8376346e-07	3.458108e-05	0.19124863	0.14673029	0.053393647	1.7950615e-06	0.088943064	7.979312e-06	4.803722e-06	1.9071614e-07	2.7794866e-07
priorregion3_spot_171	3.341249e-06	0.23902705	0.023501726	4.7198026e-07	1.3443607e-06	7.900666e-08	4.7565342e-07	1.0317739e-07	0.018402308	0.4374907	0.26089877	0.0021520415	3.8485814e-07	0.018521229
priorregion3_spot_172	0.07712584	0.44643968	1.086731e-06	1.4748805e-07	0.029145008	0.02070845	0.0022279418	6.5047186e-07	2.115795e-06	0.3997377	0.00015550757	0.02445468	6.216617e-07	5.797381e-07
priorregion3_spot_173	0.10930967	0.01556974	0.0243505	1.1822001e-07	0.033973295	1.1778214e-07	0.08820122	0.006297579	9.039086e-05	0.7106663	0.011496707	6.945096e-07	2.2160695e-07	4.345552e-05
priorregion3_spot_174	0.008580096	0.17115727	7.519651e-07	2.5620938e-07	0.013860833	0.40507424	0.044232737	0.090873756	0.024799675	0.2414175	1.1372714e-06	9.4459426e-07	2.8601966e-07	5.7201356e-07
priorregion3_spot_175	1.8409402e-07	0.5303074	3.790733e-07	6.9370105e-07	7.970607e-06	0.19453329	1.9189295e-07	1.9350092e-07	8.6005195e-05	0.00060453825	0.27445838	2.5483274e-07	1.9846931e-07	3.2896315e-07
priorregion4_spot_1	3.8132414e-06	0.0018296876	0.25623924	2.9660401e-05	6.7056185e-06	6.879454e-08	8.8356e-08	6.400043e-08	1.8086088e-06	0.0003105717	0.737371	0.0041648517	8.381231e-07	4.1536074e-05
priorregion4_spot_2	3.796588e-06	4.902457e-05	0.5329232	3.975236e-06	0.012512261	5.1361536e-07	0.010195157	0.013516942	2.7090764e-05	1.9191648e-05	0.4213831	2.904743e-06	2.6503147e-07	0.009362515
priorregion4_spot_3	0.009111928	6.309602e-05	0.41314167	1.620881e-05	8.296231e-07	0.008212918	6.1443467e-07	0.00089880073	4.136993e-06	0.11697195	0.4515752	5.153566e-07	4.831027e-07	1.6539548e-06
priorregion4_spot_4	0.017878745	0.13057218	0.37250704	1.8095817e-06	2.3102136e-06	1.6266382e-07	1.0050225e-06	0.0008479934	3.3090898e-06	0.02904045	0.43950474	0.0062423474	1.8364402e-07	0.0033976613
priorregion4_spot_5	1.2139922e-06	0.10192947	0.26559323	4.5717065e-06	3.5888481e-06	6.039206e-07	1.9661616e-07	1.7225844e-07	0.01730136	0.086802855	0.5283572	6.0362356e-07	4.1589547e-06	7.8653613e-07
priorregion4_spot_6	1.2487496e-07	9.140644e-06	0.7057641	0.036534294	0.0066666515	4.1479712e-08	6.945441e-08	6.141447e-08	1.1576656e-06	1.9458544e-07	0.24876416	1.3347089e-07	1.1919317e-07	0.0022597976
priorregion4_spot_7	0.03704877	9.186752e-05	0.23586681	2.8689026e-06	9.416905e-06	1.5551254e-07	0.0039826883	0.002415819	1.6219831e-06	0.005008804	0.7155702	3.4102283e-07	2.6640748e-07	3.7444542e-07
priorregion4_spot_8	0.026485175	0.11093852	0.14764589	3.1675495e-07	7.998818e-06	8.6635616e-08	1.1436234e-07	8.4650516e-08	8.9156106e-07	0.05857958	0.6493804	0.006959785	3.3920662e-07	7.612874e-07
priorregion4_spot_9	4.267382e-07	1.8079461e-05	0.47329718	0.00021534244	1.4658004e-06	1.440603e-07	1.952658e-07	1.849117e-07	5.1432507e-06	6.3315993e-06	0.5260811	4.4242643e-07	0.00037281512	1.2655761e-06
priorregion4_spot_10	9.444003e-07	4.879786e-05	0.0036578022	4.6769657e-07	1.1697667e-06	0.00838467	2.5455657e-07	6.2012714e-07	6.024247e-06	0.069325894	0.9164716	5.952437e-07	5.4395355e-06	0.0020956816
priorregion4_spot_11	0.0077982848	0.0001937324	0.37980744	6.1773026e-05	2.5507795e-06	1.6209653e-07	0.0011726542	2.0485416e-07	1.1519779e-05	4.2468884e-05	0.6106936	3.0890158e-07	3.532941e-07	0.00021493941
priorregion4_spot_12	4.0956766e-07	1.951756e-06	0.36548197	4.324017e-06	1.0817708e-06	1.4497579e-07	2.555903e-07	4.9805595e-07	0.10352018	1.5272613e-05	0.49113992	0.016137943	2.3316979e-07	0.023695782
priorregion4_spot_13	6.832061e-07	0.039790846	0.1691515	9.185646e-07	0.010021895	2.837285e-07	5.780747e-07	0.006752332	4.824509e-06	0.0031024269	0.77117217	5.307493e-07	6.302982e-07	5.06836e-07
priorregion4_spot_14	1.0361161e-06	0.108158715	0.16252632	0.025210924	7.422201e-06	3.2593428e-07	0.0032413376	2.1756084e-07	1.9227793e-05	0.0348763	0.66595614	2.609161e-07	5.020739e-07	1.2280433e-06
priorregion4_spot_15	0.0056609414	0.034973513	0.4428973	4.241115e-06	1.9199162e-05	1.4353486e-07	1.6181902e-07	2.1692601e-07	1.4099107e-06	0.04843211	0.46647874	0.0015296479	1.4303133e-07	2.3150635e-06
priorregion4_spot_16	0.0047374032	5.5180067e-07	0.6457432	0.17234196	5.2542646e-07	3.330563e-07	2.3994498e-05	7.6848954e-07	1.6151001e-06	7.6113597e-06	0.17570932	2.3683367e-07	0.0014321241	3.3399107e-07
priorregion4_spot_17	4.705619e-06	0.100651905	0.26953802	0.0017734594	0.011013769	0.0037308978	0.0073259734	2.7348767e-06	0.0017153308	0.07713495	0.5172205	5.467416e-07	0.004305164	0.0055820746
priorregion4_spot_18	0.021498723	0.15418155	0.3199584	5.3508606e-06	4.9967925e-06	2.0160998e-07	0.0053239586	4.6538665e-07	1.0158768e-06	0.11661459	0.38240823	3.1236485e-07	4.5656753e-07	1.8010833e-06
priorregion4_spot_19	5.8525376e-07	6.369492e-06	0.6140743	0.0023836412	6.771905e-07	1.0022623e-07	7.889555e-08	7.309334e-08	1.5837952e-06	4.0612085e-06	0.3789334	0.0045939926	1.2487892e-07	1.0014696e-06
priorregion4_spot_20	9.8433e-07	0.0158897	0.2859853	2.5806296e-06	4.0459345e-06	2.7883266e-07	3.4888464e-07	0.000766288	2.0054067e-05	0.080497794	0.6158119	2.3445814e-07	0.0010193917	1.2068235e-06
priorregion4_spot_21	0.0019208782	4.1027083e-06	0.27071562	2.5801908e-06	6.94006e-07	2.8569417e-07	1.3550442e-07	1.8490806e-07	8.609521e-07	6.7019246e-06	0.7209571	0.0063856347	2.1924049e-07	4.9121054e-06
priorregion4_spot_22	1.1491352e-06	0.15465093	0.10500056	2.752737e-06	1.1492315e-05	0.004873966	4.1122306e-07	4.890082e-07	8.563308e-05	0.07558248	0.6587844	3.322956e-07	0.0010047054	6.906445e-07
priorregion4_spot_23	4.6457467e-07	5.717075e-07	0.8173948	0.079731874	2.812443e-07	6.550252e-05	2.6819166e-06	1.2664839e-06	5.355839e-07	1.2566161e-06	0.09353419	2.5320657e-07	0.0018083537	0.007457965
priorregion4_spot_24	0.009659541	0.00019691458	0.42592102	0.01896197	1.3412208e-05	1.3571304e-07	9.455126e-05	3.7025637e-07	1.7141712e-05	0.00019085343	0.53203076	2.9081093e-06	2.525011e-06	0.012907867
priorregion4_spot_25	0.044484958	0.16925031	0.52261186	7.6021706e-06	0.012574649	2.4631953e-07	4.5265247e-06	0.005903977	7.8894595e-07	0.11054363	0.118752554	0.0054960735	0.0039541326	0.006414598
priorregion4_spot_26	6.396019e-07	0.06591363	0.4220795	0.00014621463	1.2056128e-06	4.8165566e-06	3.6120014e-07	0.00039813732	1.6508519e-06	0.059951678	0.4514993	2.7052783e-07	2.4166616e-07	2.392234e-06
priorregion4_spot_27	3.234117e-07	9.3826696e-07	0.5732213	0.07750978	3.447959e-07	0.0010741983	2.0094117e-06	0.006073993	1.0497383e-06	1.069417e-06	0.34211436	1.6860888e-07	2.049104e-07	2.055306e-07
priorregion4_spot_28	4.434227e-06	9.059931e-06	0.5618202	0.0005359637	1.0528623e-06	2.1134667e-07	4.94975e-07	1.876013e-07	1.5778118e-06	0.083095185	0.3447065	0.004038376	7.1807057e-07	0.0057860296
priorregion4_spot_29	0.00085783907	0.05213137	0.43447956	1.28741185e-05	1.25332745e-05	1.9456505e-07	0.0042731767	7.238415e-07	0.0007620732	0.00037570958	0.46029368	0.03523328	0.0058329315	0.005733959
priorregion4_spot_30	5.821962e-07	0.2822946	0.56154203	0.035935897	1.568016e-05	1.2546195e-07	2.2841596e-07	1.56354e-07	2.6385542e-06	0.02893021	0.090095535	0.0011792226	3.626914e-07	2.8380086e-06
priorregion4_spot_31	1.2459697e-06	7.319155e-06	0.30670145	3.8495796e-06	9.898268e-07	3.5867234e-07	5.3337675e-07	5.214278e-07	2.6897696e-06	1.9707159e-05	0.69325745	6.8049246e-07	6.833825e-07	2.6505973e-06
priorregion4_spot_32	9.022099e-07	1.5727597e-05	0.25098002	0.040394466	0.0065259603	0.0053518238	1.623006e-06	4.4150272e-07	1.3211062e-06	8.0283835e-06	0.693478	0.0032404053	7.96956e-07	4.794835e-07
priorregion4_spot_33	1.7390734e-06	0.015201279	0.39419624	3.754812e-05	3.8854478e-06	1.079887e-07	2.6406803e-07	1.5618912e-07	3.535438e-06	0.0650796	0.5254746	1.5966957e-07	2.9639116e-07	4.2711204e-07
priorregion4_spot_34	5.3339824e-07	3.1682382e-06	0.5040566	4.809459e-05	9.810577e-07	1.807185e-07	3.9498954e-07	2.3419061e-07	1.2856013e-06	8.711508e-07	0.4958867	4.4548855e-07	2.4511633e-07	3.881837e-07
priorregion4_spot_35	4.6800797e-06	0.4275358	0.0790996	4.488414e-06	3.259895e-05	4.3024184e-07	0.0047247903	2.6828602e-07	0.0031526594	0.015916597	0.43519554	1.422621e-06	1.5523602e-06	0.034329724
priorregion4_spot_36	0.0028511635	0.006427307	0.6347597	0.004299805	0.0073822853	7.000681e-08	0.0010543339	7.2037386e-07	2.153892e-06	0.021125346	0.32209647	1.465966e-07	2.1553672e-07	2.1886673e-07
priorregion4_spot_37	0.0063279127	1.6188293e-05	0.3585486	7.4118776e-05	1.0404265e-06	0.0010889017	0.0007274737	1.2263283e-06	3.6557806e-06	0.008158841	0.6117714	0.013278388	2.838067e-07	1.9575689e-06
priorregion4_spot_38	3.8273882e-07	2.7546598e-06	0.6817443	0.21751527	2.8122997e-07	1.3824358e-07	0.008675577	2.162237e-07	3.5711564e-06	0.025346804	0.06315791	0.0018436878	0.0017087164	5.317316e-07
priorregion4_spot_39	2.9389682e-06	0.0026642983	1.1311167e-07	1.1226248e-07	2.867949e-06	2.832731e-07	1.684457e-07	1.7444371e-07	7.4213667e-06	0.07001256	0.92020327	6.7422224e-07	0.00271793	0.004387248
priorregion4_spot_40	5.740441e-07	1.06933185e-05	0.40564373	0.11864867	7.084521e-07	4.2677198e-07	4.871498e-07	8.129126e-06	2.569205e-06	0.068138845	0.39246878	2.581399e-07	1.2242706e-06	0.015074821
priorregion4_spot_41	1.0869999e-05	7.4531154e-06	0.51608574	5.4375407e-05	4.566183e-06	9.280157e-08	2.0785706e-07	1.0999635e-07	2.8825775e-06	0.009441109	0.47439092	2.3045955e-07	1.0681041e-06	3.0429e-07
priorregion4_spot_42	1.1094711e-06	0.0049427245	0.24061006	7.7484856e-07	0.017386692	2.2586752e-05	2.2063443e-07	5.5620654e-07	1.2835157e-05	0.0042229	0.7246227	0.008175928	5.4214223e-07	3.4229205e-07
priorregion4_spot_43	4.058905e-06	0.00020928966	0.4986271	0.0003469658	0.006169811	1.5924128e-06	1.1508398e-06	0.00081536773	0.005141804	0.038399845	0.3995139	0.034175176	0.002777738	0.01381613
priorregion4_spot_44	0.004897374	6.046739e-06	0.60768455	0.09908851	3.3428893e-07	4.147563e-07	2.3762455e-07	0.0013352318	1.4967496e-06	0.01971596	0.2618333	0.0054345066	1.3158198e-07	1.7919374e-06
priorregion4_spot_45	0.03347445	0.0003304485	0.3011763	5.617546e-06	3.3833874e-06	9.2003745e-08	3.619388e-07	1.0339818e-07	4.2016713e-06	0.013349872	0.65165323	3.3852285e-07	3.6803252e-07	1.1309294e-06
priorregion4_spot_46	0.022658303	2.085657e-05	0.4158101	0.0058934065	1.5648482e-06	1.1547101e-07	2.891934e-07	1.8256087e-07	2.4178714e-06	1.7622768e-05	0.55559236	2.909391e-07	9.69383e-07	1.5766283e-06
priorregion4_spot_47	2.3634454e-06	0.12930405	0.2744694	0.025903717	0.03947615	2.394468e-07	9.734001e-07	0.020698218	0.0004408814	3.4976496e-05	0.5096659	5.963283e-07	8.030275e-07	1.7197658e-06
priorregion4_spot_48	0.011297849	3.240765e-05	0.24005175	0.11831569	8.4897e-05	5.038375e-07	5.7732e-06	2.6798222e-07	0.006182521	5.324142e-06	0.6240208	4.8074844e-07	4.1938642e-07	1.3615951e-06
priorregion4_spot_49	0.01141294	4.55746e-06	0.44925922	1.0570958e-05	4.408702e-07	0.00811333	0.0014516333	0.001626855	7.1626727e-07	0.011843322	0.51627547	1.6832313e-07	3.2963757e-07	4.787214e-07
priorregion4_spot_50	0.003346981	8.985988e-07	0.5711718	1.05573135e-05	5.269434e-07	2.0334161e-07	0.015515669	2.6092326e-07	1.2776176e-06	0.018796066	0.3791901	1.895596e-07	1.7942328e-07	0.01196515
priorregion4_spot_51	0.02466579	8.7463724e-07	0.562579	9.660125e-07	5.819107e-07	6.8473037e-07	7.70377e-07	0.012734715	3.6760284e-07	0.007639228	0.38057727	0.008432407	0.0033666166	7.5788506e-07
priorregion4_spot_52	3.4392002e-07	3.6912886e-06	0.70670587	0.00023673882	1.6650646e-06	9.2526335e-08	1.7426729e-07	1.0909419e-07	5.3855285e-07	7.508452e-07	0.29304785	1.7226839e-06	1.872834e-07	3.0166572e-07
priorregion4_spot_53	0.016556952	5.9672448e-06	0.5021407	4.195178e-05	5.0278317e-07	1.3044367e-07	0.0030277553	8.284136e-08	1.2253992e-06	0.049855787	0.4037875	1.8334015e-07	3.985563e-07	0.024580734
priorregion4_spot_54	0.0069652516	4.667408e-05	0.2066124	0.005634939	8.912612e-07	2.149532e-07	0.0047770864	1.5484144e-07	0.027936455	1.8356648e-06	0.7163226	0.0071989764	5.090278e-07	0.024501994
priorregion4_spot_55	0.0036962556	6.6945395e-05	2.2198131e-07	1.4304261e-07	2.0872096e-06	0.005010723	0.0022389176	1.7739512e-05	1.3668736e-06	0.008534372	0.9804293	2.5230335e-07	3.511939e-07	1.2405478e-06
priorregion4_spot_56	0.0031978732	0.103040665	0.6715596	1.3080978e-05	0.0020671329	1.5513689e-07	0.0028812317	0.0021088119	1.0708426e-06	0.009319579	0.20129141	7.813288e-07	2.8099865e-07	0.004518416
priorregion4_spot_57	6.278181e-07	0.10518196	0.28231874	5.3617146e-07	0.017492643	3.967656e-06	0.037042383	3.731839e-07	0.059966456	0.0077569424	0.43110716	1.7617201e-07	3.578697e-07	0.05912755
priorregion4_spot_58	2.517654e-07	5.9929687e-07	0.5030118	1.6772345e-05	2.879627e-07	3.2739467e-07	0.008335573	1.839778e-06	4.219386e-07	1.3450918e-06	0.48450658	1.5727564e-07	0.004123713	3.3087784e-07
priorregion4_spot_59	0.028876606	9.22575e-06	0.22727211	1.0737459e-06	1.209536e-06	6.8614844e-07	0.008253401	2.2853004e-07	1.0060037e-05	1.23348045e-05	0.7355615	1.9033779e-07	2.8827984e-07	1.1522882e-06
priorregion4_spot_60	0.0008115813	2.2092283e-06	0.6486266	0.05779902	4.1566457e-07	4.6619837e-07	0.0063409545	0.0010739908	1.648018e-06	0.0019366619	0.27843693	0.0049670585	1.7440395e-06	6.847785e-07
priorregion4_spot_61	0.0028934078	2.4427763e-06	0.6298889	9.695798e-05	1.1616049e-06	1.3218131e-07	1.4970372e-07	1.24682e-07	9.794067e-07	1.6243467e-06	0.36693037	0.00018304847	2.6039356e-07	4.320558e-07
priorregion4_spot_62	0.0024470473	1.3645654e-05	0.27584732	0.16402537	7.4756485e-07	1.2028146e-07	2.4905663e-07	1.3165955e-07	0.009777966	2.5481504e-06	0.546923	1.3744172e-07	0.00096134737	4.8713173e-07
priorregion4_spot_63	1.2944673e-06	0.10123907	0.12853532	1.9096531e-05	1.0814738e-05	1.1652175e-07	4.5525962e-07	1.5241056e-07	0.016584026	7.319235e-06	0.72673595	2.6057108e-07	1.1377875e-06	0.026864892
priorregion4_spot_64	6.205767e-06	4.6012733e-06	0.44901305	8.575921e-06	5.9189307e-07	1.1744012e-06	0.002075445	3.116746e-06	9.222439e-07	1.3804838e-06	0.54313666	9.4296126e-07	1.6629008e-07	0.005747247
priorregion4_spot_65	2.2774304e-06	0.047475006	0.30543545	0.014947331	3.2176657e-05	0.0007896961	8.0946285e-07	1.8987678e-06	3.061192e-05	0.00010578556	0.631174	5.111613e-07	3.7886857e-06	7.3886224e-07
priorregion4_spot_66	2.639023e-07	0.3985343	0.5551118	0.00027944866	1.9019441e-06	1.1928012e-07	1.6691635e-07	1.3128908e-07	2.1215685e-06	0.042451	3.6773706e-06	2.6189784e-07	2.852969e-07	0.003614565
priorregion4_spot_67	1.0388148e-06	0.04922359	0.31155843	4.555097e-06	1.4068585e-05	1.3368714e-07	1.7424638e-07	2.1829467e-07	0.0030566847	0.024517987	0.6084403	1.191704e-06	0.00077518716	0.0024064553
priorregion4_spot_68	6.8196425e-07	5.408878e-06	0.31335422	3.5036446e-06	6.0521074e-07	1.1448876e-07	9.9520186e-08	1.1882371e-07	7.0030507e-07	0.015459449	0.6704334	2.0007974e-07	0.00074121746	2.6434356e-07
priorregion4_spot_69	2.061284e-06	0.2761355	0.37432456	3.4600157e-06	0.013547963	1.2397608e-07	0.057874158	2.1207887e-07	0.07337667	1.3754263e-06	0.147442	1.6757588e-07	6.9545706e-07	0.057291117
priorregion4_spot_70	8.230021e-07	1.7184168e-06	0.5794295	1.4963323e-05	5.4284203e-07	6.655422e-08	7.185719e-08	1.2645124e-07	8.0608095e-07	6.8070376e-06	0.42054364	4.4842864e-07	2.818261e-07	1.200544e-07
priorregion4_spot_71	0.008090804	5.5117694e-06	0.60673517	0.12534244	8.884862e-06	2.3564843e-07	0.0087174345	3.8195083e-07	5.1438205e-05	0.0018884233	0.247907	5.063597e-07	6.941875e-07	0.0012511582
priorregion4_spot_72	9.334604e-07	1.5460238e-06	0.8117896	0.0002444048	2.9938911e-07	1.18950815e-07	1.7038207e-07	2.0220969e-07	6.8563684e-05	0.012065178	0.1758285	1.4544383e-07	1.8851938e-07	3.0069822e-07
priorregion4_spot_73	0.016484702	0.028249353	0.48895133	2.380778e-05	0.005531762	3.3284599e-07	0.01222707	0.0050512003	0.062115923	7.479301e-07	0.36400232	1.5340301e-07	5.249059e-06	0.017355971
priorregion4_spot_74	7.8440115e-07	0.27574927	0.5282245	1.1314405e-05	2.217557e-06	2.487435e-07	0.002200256	5.1837515e-07	2.6269197e-06	1.0263049e-06	0.18429236	1.0493103e-06	1.3899987e-07	0.009513675
priorregion4_spot_75	1.1527199e-05	0.3353956	0.3966811	0.015374657	0.010504461	4.4586767e-07	0.03945005	1.1497724e-06	0.012539169	0.05663309	0.11208102	1.4729743e-07	3.0765912e-07	0.021327322
priorregion4_spot_76	0.0013218924	8.723288e-06	0.38914257	0.08522109	6.243184e-07	3.2917472e-07	2.6064438e-07	4.257732e-07	1.2924002e-06	3.0155315e-06	0.5242986	2.0754305e-07	4.610414e-07	4.9045576e-07
priorregion4_spot_77	1.7943021e-06	0.05500173	0.35389575	0.030599814	3.224822e-06	2.5204568e-07	1.0165708e-06	8.7189846e-07	2.021919e-06	0.011576343	0.5042514	5.806551e-07	2.4370223e-07	0.044664923
priorregion4_spot_78	2.0236352e-07	0.2303667	0.5561885	0.014151617	1.5134464e-06	8.8421885e-08	0.006115571	2.395722e-06	8.047235e-06	0.032439124	0.1472303	5.8789504e-07	1.5508174e-07	0.013495224
priorregion4_spot_79	5.326953e-07	0.0019473026	0.24523218	2.5408447e-06	2.0841821e-06	3.6996082e-07	1.6633796e-06	2.2327404e-07	1.136626e-05	1.3308068e-05	0.7516641	0.001123195	2.5574732e-07	8.466909e-07
priorregion4_spot_80	0.0029424469	0.022290574	0.7773329	0.14962	3.043663e-07	1.1240306e-07	0.006220325	2.6794072e-07	0.038136333	1.3411362e-07	6.835629e-07	4.7152145e-07	1.5352038e-07	0.0034551818
priorregion4_spot_81	3.1414738e-06	0.0066830222	0.3732555	3.0763629e-06	2.4813298e-06	1.0111885e-07	1.6896247e-07	1.09409726e-07	0.018676266	0.08414439	0.51217395	0.005056818	7.555274e-07	3.1520636e-07
priorregion4_spot_82	6.370028e-07	0.0065337904	0.26066837	1.0844996e-06	3.3345382e-06	4.686318e-07	5.939831e-07	4.2026994e-07	0.034414344	0.012257143	0.68288404	1.1788911e-06	0.0020452254	0.0011894247
priorregion4_spot_83	4.1390905e-07	5.8882188e-06	0.6263665	0.00011251462	6.201093e-07	5.880912e-06	9.4502496e-07	4.83775e-05	1.6797671e-06	0.0019800058	0.37147644	1.9330118e-07	2.6778903e-07	2.7664737e-07
priorregion4_spot_84	1.2720706e-06	0.0004659913	0.19679235	5.89784e-06	1.9047023e-06	0.009603923	4.4617254e-06	0.009056839	0.064590245	1.580616e-05	0.6908906	1.1699615e-06	0.0055092364	0.023060286
priorregion4_spot_85	0.0022717032	4.0918832e-05	0.57520574	5.3331387e-05	4.4152125e-06	1.0219801e-07	1.8192551e-07	1.1735256e-07	5.053513e-06	2.1245503e-06	0.42183578	0.0005798285	2.5119914e-07	4.5414512e-07
priorregion4_spot_86	3.0104525e-06	0.38581753	0.41387662	2.8765699e-06	3.4515322e-06	1.4063582e-07	0.002809432	4.7286434e-07	3.477298e-06	3.9666015e-06	0.18670048	1.0431353e-06	2.3046371e-07	0.010777174
priorregion4_spot_87	0.08781885	2.5554016e-05	0.16146316	0.0030977994	6.991409e-07	5.249812e-07	0.0024403352	8.590442e-07	9.411024e-06	0.076159604	0.6645835	4.966256e-07	0.0043989094	3.6098342e-07
priorregion4_spot_88	0.018866083	2.4630547e-06	0.5570013	4.748579e-06	4.715438e-07	1.322415e-06	0.004659247	4.701035e-07	0.00020555023	0.015440116	0.40381715	3.2003425e-07	1.6612503e-07	6.750667e-07
priorregion4_spot_89	2.1248368e-06	0.084426865	0.22592327	0.0048233373	1.1086627e-05	3.050134e-07	0.007835161	3.7334078e-07	0.026616126	0.020040566	0.58796275	4.9460624e-07	0.0020536229	0.040303957
priorregion4_spot_90	5.1601787e-06	0.09509815	0.045882706	4.3753118e-07	6.6143775e-06	1.4960811e-07	2.2053332e-07	2.548183e-07	1.7944854e-05	0.047188263	0.8032946	0.0085037565	6.938988e-07	1.0293636e-06
priorregion4_spot_91	0.02471171	0.01254368	0.54812115	9.2580085e-06	1.0480492e-06	5.576758e-07	0.0024968097	3.4145867e-07	0.015960664	0.013358409	0.36536807	1.3870298e-06	6.8365694e-07	0.017426206
priorregion4_spot_92	1.5829902e-07	1.5623982e-06	0.5924485	0.002116865	1.0588844e-06	0.0011904672	3.8151956e-07	4.299669e-07	0.010559239	9.143421e-07	0.3936801	9.3609096e-08	9.332858e-08	2.3636403e-07
priorregion4_spot_93	0.0022405218	9.792263e-06	0.58183193	0.20013978	1.2120013e-06	7.1482356e-07	0.00046964452	0.0023645575	0.04561768	1.0218591e-06	0.16397116	2.0430868e-07	0.003350905	9.602426e-07
priorregion4_spot_94	1.4468762e-06	6.9157995e-06	0.5012641	0.13001686	5.102949e-06	0.007122646	4.003781e-06	8.339979e-07	1.5884547e-06	0.046128877	0.29441932	7.909138e-05	0.014607094	0.006342116
priorregion4_spot_95	9.0076173e-07	6.6024336e-07	0.7469641	5.5012722e-05	2.8431143e-07	2.4456014e-07	5.6776287e-07	2.6766836e-07	3.883454e-07	0.08184096	0.16727352	7.6247346e-07	1.1774879e-07	0.0038622497
priorregion4_spot_96	0.00023079217	3.619327e-06	0.21545275	9.361922e-06	5.165507e-07	2.881195e-07	2.8622847e-07	2.9019486e-07	8.133199e-06	6.5132695e-06	0.7549293	7.573133e-07	2.421146e-07	0.029357217
priorregion4_spot_97	0.108122125	6.078731e-05	0.2007984	7.1640744e-07	2.0148107e-06	2.7924904e-07	0.031118723	2.3978174e-07	2.3210778e-06	0.0714911	0.58504176	0.0033573338	4.043876e-07	3.6143897e-06
priorregion4_spot_98	6.6680553e-07	0.07703922	0.15385501	1.0355712e-06	2.4886333e-05	0.0043131476	3.690956e-07	1.4298815e-06	0.011341852	1.3830927e-05	0.7534076	2.598041e-07	2.6301672e-07	4.2668154e-07
priorregion4_spot_99	1.4761212e-06	0.051827725	0.1318736	7.133899e-05	3.769792e-06	1.07530006e-07	1.9176038e-07	1.26995e-07	1.2392633e-05	0.009234084	0.8069718	2.9419337e-07	1.058146e-06	2.1436927e-06
priorregion4_spot_100	3.0432963e-07	6.5513376e-07	0.62190366	3.1003132e-05	5.791072e-07	1.6412325e-07	5.785442e-07	0.00695287	5.609049e-07	0.006370295	0.36303413	0.0017038943	1.155977e-07	1.1464972e-06
priorregion4_spot_101	4.705162e-07	2.48111e-06	0.6144395	4.353139e-05	1.4766218e-06	1.9991548e-07	4.6133192e-07	7.1563945e-06	1.1694307e-06	4.6369455e-06	0.38000256	0.0035443646	0.001951139	7.4750926e-07
priorregion4_spot_102	0.018509824	0.077395044	0.5539301	7.2913663e-06	1.2002748e-06	9.8416315e-08	2.7831015e-07	2.592246e-07	1.2587109e-06	4.4568874e-06	0.35012668	2.2538949e-05	2.8675424e-07	7.256598e-07
priorregion4_spot_103	0.013378876	0.0003324481	0.40265384	0.0072852857	1.4882145e-06	1.1409188e-07	1.6691843e-07	1.2993195e-07	0.06491768	4.7932044e-05	0.50774765	3.810619e-07	7.364784e-05	0.0035603882
priorregion4_spot_104	1.8468184e-07	1.5857592e-06	0.38576245	2.2722372e-05	2.990134e-07	0.0039502284	0.00033643303	7.5451217e-06	1.0583942e-06	3.4388115e-06	0.6074036	9.3627085e-07	0.0025007196	8.829992e-06
priorregion4_spot_105	0.027849456	0.16833286	0.39442953	3.8133303e-06	6.702089e-07	3.5282665e-07	0.04886407	2.4734996e-07	0.018396048	0.059599843	0.28057495	1.6002329e-07	3.3376978e-07	0.001947788
priorregion4_spot_106	1.1088512e-07	0.26594514	3.7126772e-06	4.5213594e-07	1.6434118e-06	8.065806e-08	5.8974468e-08	5.7569167e-08	0.0021793095	5.660187e-06	0.73186326	2.0758156e-07	1.4570283e-07	1.1349962e-07
priorregion4_spot_107	6.601949e-06	0.08135963	0.3481206	0.047081813	3.129055e-05	2.696256e-07	6.326918e-07	3.3229944e-07	7.1293456e-05	0.0001763238	0.52269477	1.1236542e-06	0.00038929976	6.61656e-05
priorregion4_spot_108	0.0015118084	0.07547039	0.36519265	0.009881769	8.226395e-06	1.4284272e-07	2.0519656e-07	2.4937748e-07	1.1549838e-05	0.040191386	0.5070278	6.2988653e-07	0.0007017132	1.4621643e-06
priorregion4_spot_109	4.4410317e-06	0.11433919	0.006075641	3.523009e-07	0.021181801	3.448916e-07	3.6518097e-07	1.6922878e-07	7.5935204e-06	0.099215336	0.75905657	4.4422254e-07	1.1349707e-06	0.00011658318
priorregion4_spot_110	0.011117249	0.017003128	0.5075118	9.061258e-05	1.0410197e-06	2.6064095e-07	0.00064528204	2.6372106e-07	1.9276147e-06	0.017228037	0.44639957	1.5791963e-07	2.0814088e-07	5.3598126e-07
priorregion4_spot_111	0.03382879	0.04473104	0.6858037	0.00016860582	4.6122747e-07	4.6445533e-07	0.007532054	0.010829536	1.1726814e-06	0.08145867	0.13372642	6.508275e-07	4.46e-07	0.0019180672
priorregion4_spot_112	1.1871819e-06	0.09183289	0.3324034	0.011834132	0.021293672	7.2478066e-08	2.090047e-07	1.1504339e-07	5.656541e-06	1.27002295e-05	0.5282584	3.365844e-07	1.0899438e-06	0.014356178
priorregion4_spot_113	4.7680874e-07	1.789342e-06	0.3272912	4.958513e-06	5.732348e-07	0.0033913718	2.1471e-07	2.3989486e-07	9.705907e-07	1.1726736e-05	0.6503108	3.0121782e-07	0.0026187117	0.016366621
priorregion4_spot_114	0.0027078874	0.014325594	0.30779672	1.120688e-06	0.022573141	6.3941206e-06	7.0082765e-06	0.0044571734	2.2603497e-06	0.09264139	0.5465179	4.2716667e-07	2.729135e-07	0.008962737
priorregion4_spot_115	0.062470324	1.5852277e-06	0.52647036	1.4025028e-05	3.1555336e-07	1.9564536e-07	1.4594808e-07	1.2753226e-07	1.9965016e-06	1.808765e-06	0.408837	0.0022004917	6.0920684e-07	9.79024e-07
priorregion4_spot_116	9.0751455e-05	0.3471636	0.10797876	6.8431723e-07	0.04446359	2.4586893e-07	0.05159081	3.3298355e-07	0.020711306	0.035418577	0.33133316	1.0227627e-06	2.4341684e-06	0.061244663
priorregion4_spot_117	0.012929856	0.3095241	0.33965984	2.2870315e-06	0.017024742	1.3180224e-07	0.0012314346	1.2408957e-07	1.0528471e-06	0.0287582	0.28725746	0.0036091297	1.4982588e-07	1.4796423e-06
priorregion4_spot_118	2.5210352e-07	5.1292413e-06	0.23522158	0.25311762	0.031792767	1.2847024e-06	0.042705927	1.7491667e-06	0.012809274	1.2950177e-06	0.423215	1.7655069e-07	0.001127481	4.702554e-07
priorregion4_spot_119	3.6939818e-07	3.129157e-05	0.08132125	0.008285676	1.6307906e-06	1.2568785e-07	0.0047388435	1.366424e-07	3.0168444e-06	3.9271104e-06	0.9005419	1.9566266e-07	3.0327527e-07	0.005071276
priorregion4_spot_120	0.027018119	3.5002094e-07	0.60519916	2.2703412e-05	3.1205337e-07	3.778873e-07	3.5914917e-07	0.0038471895	4.392183e-07	0.017512463	0.34094226	0.0035515	4.981596e-07	0.0019041429
priorregion4_spot_121	2.3495766e-05	0.15968534	0.15364066	0.05104977	7.999976e-06	1.3963144e-07	4.785781e-07	1.7018729e-07	5.152241e-05	0.07820485	0.5455609	2.8498066e-06	1.3971323e-06	0.011770411
priorregion4_spot_122	5.8781957e-06	0.16201879	5.0372694e-07	7.279645e-07	5.3034705e-06	5.8145417e-08	7.885911e-08	5.6355567e-08	1.3852516e-05	0.0001986387	0.8355354	2.7673596e-07	0.002218866	1.5727563e-06
priorregion4_spot_123	0.009215593	9.577768e-07	0.5052837	6.7557005e-05	3.1642807e-07	3.5507958e-07	0.0002786306	0.01744579	7.250487e-07	0.022431727	0.44527137	3.016209e-07	3.1483452e-07	2.6792043e-06
priorregion4_spot_124	0.0052575613	0.07827149	0.596472	0.025278408	0.02330423	8.1477914e-08	1.17147835e-07	1.2647526e-07	0.0020110232	0.008959415	0.26044515	1.9816713e-07	9.230706e-08	1.6549745e-07
priorregion4_spot_125	0.010281169	1.0294825e-06	0.7099765	4.4353328e-05	4.6107274e-07	0.0029074852	2.9316288e-07	1.9522315e-07	8.2299516e-07	7.826538e-07	0.27678627	1.3898021e-07	2.4483566e-07	2.539182e-07
priorregion4_spot_126	1.5495729e-06	7.4786685e-06	0.53547627	1.207802e-05	5.4067405e-06	3.972784e-07	0.019218108	2.4318115e-07	0.057436943	8.418962e-07	0.36131373	1.8137156e-07	6.1231015e-07	0.026526138
priorregion4_spot_127	8.239187e-07	8.986313e-06	0.40401497	0.035358086	7.586223e-07	0.0045899353	3.3305363e-07	2.1521862e-07	3.3863157e-06	0.041682146	0.5142495	3.8039758e-07	4.1927385e-07	9.001079e-05
priorregion4_spot_128	1.5580464e-06	0.09612772	1.7708205e-06	0.025750132	3.770259e-06	1.9450563e-07	1.9085188e-07	1.2933249e-07	1.0090187e-05	0.0013725186	0.8687952	0.0038772612	1.2853093e-06	0.0040581278
priorregion4_spot_129	2.318434e-07	1.7777362e-05	0.3142241	0.03026162	4.0533164e-06	7.109434e-08	1.362644e-07	1.0337269e-07	7.0177125e-06	1.8328561e-05	0.6542928	1.7958693e-07	0.0011731683	4.0967822e-07
priorregion4_spot_130	5.049869e-07	0.035737354	0.3467083	0.04344099	6.2192856e-07	2.151363e-07	1.036237e-06	2.273242e-07	1.0223485e-05	2.394027e-06	0.5661163	0.00798048	2.525605e-07	1.141786e-06
priorregion4_spot_131	0.0027409892	7.392672e-06	0.45898122	0.017562695	1.3811091e-06	0.016037233	1.14936e-06	0.011651454	0.03404247	2.7094063e-06	0.41122368	8.734929e-05	2.1456317e-06	0.04765809
priorregion4_spot_132	1.5171796e-06	0.10482043	1.2297849e-06	0.022450255	6.434377e-06	7.262963e-07	2.0917632e-07	1.9364414e-07	9.75872e-06	0.0037462309	0.8689589	2.8278552e-07	2.3033201e-06	1.481946e-06
priorregion4_spot_133	1.6362294e-07	6.7754087e-07	0.64278644	0.00030441405	3.5861714e-07	2.771389e-07	4.0159767e-07	3.7192925e-07	7.8673503e-07	2.6797508e-07	0.35690412	5.6410914e-07	1.1517742e-07	9.920973e-07
priorregion4_spot_134	3.836094e-07	0.21556363	0.41924885	0.040593214	2.182307e-06	2.2372097e-07	0.0039519165	1.6981514e-07	0.00033291834	2.1279018e-06	0.2947975	1.7993533e-07	1.6834989e-07	0.025506647
priorregion4_spot_135	1.6394307e-06	3.5139115e-07	0.7162973	2.7416068e-05	2.1529225e-07	1.8906384e-07	9.03015e-07	0.008714707	7.584069e-07	5.2403766e-06	0.27082065	2.2948147e-06	2.4049086e-07	0.004128071
priorregion4_spot_136	0.018022986	0.051393565	0.6750195	0.0115351435	0.022348398	5.4891586e-07	1.0694763e-06	0.0035221104	1.0977114e-06	0.05933053	0.15144671	0.007348736	1.7655574e-07	2.9330498e-05
priorregion4_spot_137	0.0060881246	5.723219e-07	0.4686126	1.3100385e-05	3.4752287e-07	7.057076e-07	1.7131211e-07	0.012895682	7.380082e-07	1.0258946e-06	0.51238614	3.723158e-07	1.5159708e-07	2.66926e-07
priorregion4_spot_138	1.0361779e-06	0.0022170926	0.2290637	0.0063178255	1.3370546e-06	5.128356e-08	7.8782776e-08	6.976418e-08	2.1448063e-06	0.07770466	0.68221277	1.9124098e-05	1.6419567e-07	0.0024599629
priorregion4_spot_139	6.516856e-07	1.7191767e-05	0.2321025	0.0060532107	9.0990847e-07	0.0006161469	4.7031915e-07	1.4415695e-06	2.6940804e-06	0.0013691732	0.7598348	2.44541e-07	2.8143236e-07	2.7622556e-07
priorregion4_spot_140	0.044032175	0.32043463	0.33610433	1.1890074e-06	0.041833974	1.467172e-07	0.0027201197	2.3191005e-07	1.2258713e-06	0.131653	0.103216544	0.006073443	4.1437843e-07	0.0139285335
priorregion4_spot_141	2.4037217e-07	0.1947762	0.61647874	0.0747969	0.0028722887	0.001198755	3.274914e-07	0.0037575294	2.5558563e-06	0.051240165	0.05487594	1.1965429e-07	1.2294716e-07	1.7240029e-07
priorregion4_spot_142	3.330406e-07	0.031419747	0.71150225	0.20566973	3.576123e-07	1.3147249e-07	1.291141e-06	0.003512536	0.022943662	8.3108944e-07	0.010913278	1.6831532e-06	2.0794813e-07	0.014033928
priorregion4_spot_143	1.1260285e-06	2.0891728e-06	0.4913714	0.00020209668	3.386624e-07	2.1349896e-07	6.9925414e-07	0.0048296	1.3483111e-06	1.803975e-06	0.50358754	1.1051607e-06	1.6505571e-07	4.5397493e-07
priorregion4_spot_144	6.803816e-07	0.017681612	0.24217054	1.548461e-05	2.9363803e-06	1.2857905e-07	1.7485675e-07	1.7856645e-07	2.2653536e-05	0.00336712	0.73669636	3.2458655e-07	2.2104007e-06	3.9595037e-05
priorregion4_spot_145	2.198037e-06	0.012525018	0.42523348	0.017685492	2.5322718e-06	0.005627947	1.2046927e-06	5.231075e-07	0.09070838	0.003464723	0.43007034	9.799318e-07	0.002237019	0.012440174
priorregion4_spot_146	0.050665587	1.7250282e-05	0.501991	0.007739197	1.2535965e-05	9.926915e-08	2.5943658e-07	6.7292797e-07	1.2492959e-05	4.6595906e-06	0.43955317	9.0843037e-07	2.2362389e-07	1.984292e-06
priorregion4_spot_147	1.6888194e-07	2.463346e-06	0.44912037	4.8594942e-05	4.3369164e-07	0.0037880123	1.807661e-07	1.6047619e-07	0.0014175954	1.2136422e-06	0.5456199	3.52012e-07	3.1531354e-07	1.616221e-07
priorregion4_spot_148	0.02979683	0.15332296	2.3301334e-07	0.0029298721	7.256623e-05	1.010293e-07	3.716318e-07	1.5869183e-07	2.0480034e-05	0.03591655	0.7779257	3.203096e-07	2.4109577e-06	1.1368501e-05
priorregion4_spot_149	2.443481e-06	1.7223972e-05	0.50038666	0.017496906	0.00015102254	2.9298e-07	5.4881616e-06	0.0013293955	8.040224e-06	8.539344e-05	0.4637407	2.6209258e-07	0.0035118063	0.013264414
priorregion4_spot_150	4.2434627e-07	0.49471807	0.22687595	2.3607413e-06	1.841197e-06	1.6052103e-07	0.005209894	1.8555149e-07	0.02321483	0.0043486184	0.18553732	1.2127721e-07	3.4441146e-07	0.06009001
priorregion4_spot_151	5.081166e-07	8.7802965e-07	0.6450804	0.32535416	1.2221298e-07	2.7964626e-07	0.0067043435	1.3311219e-06	0.015784195	0.00409365	0.0016592068	1.0173637e-07	0.0013169403	3.8759745e-06
priorregion4_spot_152	0.00015287042	0.003836692	0.52290994	0.0059102178	0.00795803	2.7422743e-07	0.0060264673	1.6051386e-07	0.0033291327	0.0134573905	0.43641743	4.353505e-07	1.611862e-07	8.436169e-07
priorregion4_spot_153	7.6819583e-07	1.8924619e-06	0.35558742	7.4654224e-07	5.4199097e-07	0.0017936279	0.015701776	3.946808e-05	3.6403417e-05	6.103826e-07	0.5845696	3.433384e-07	0.004200204	0.03806661
priorregion4_spot_154	2.6928691e-07	1.0942128e-05	0.43535268	0.007425065	0.0076053096	1.0430032e-07	1.9719053e-07	1.4267717e-06	5.734786e-06	2.0748703e-06	0.54801846	0.0015770514	1.8230818e-07	5.8924684e-07
priorregion4_spot_155	1.1746026e-06	0.040794395	0.64017224	0.00029604105	4.0739172e-07	1.495469e-07	1.2972724e-07	7.88608e-08	1.8622636e-06	0.07361844	0.22268191	1.4994033e-07	4.366786e-07	0.02243257
priorregion4_spot_156	2.7823057e-07	2.3874422e-06	0.5068798	0.026366403	7.955959e-07	1.0888825e-07	3.6804488e-07	1.4751458e-07	9.616405e-07	1.5952105e-06	0.46674645	1.6345253e-07	1.7910848e-07	3.8541143e-07
priorregion4_spot_157	3.0208756e-07	4.3596734e-05	0.124278285	6.103973e-07	1.3207128e-06	3.1422593e-07	2.546031e-07	2.3290653e-07	7.042684e-06	7.552109e-06	0.8732206	5.694134e-07	2.0987001e-07	0.0024391268
priorregion4_spot_158	1.0482453e-06	0.083485276	0.2645342	4.479078e-07	7.297108e-07	0.008313239	0.028066082	9.648529e-07	8.9446473e-07	0.11409776	0.47038582	5.286793e-07	2.8203237e-07	0.031112703
priorregion4_spot_159	8.765994e-07	0.01393879	0.37623706	0.052028563	7.253995e-06	0.0052042855	5.976068e-07	0.0060479078	5.78706e-05	0.00014062916	0.5463332	4.9106774e-07	1.1364849e-06	1.2716682e-06
priorregion4_spot_160	2.9006068e-07	0.2571943	0.37074322	0.09974482	0.0032337522	1.2762352e-07	0.0004185382	1.3257042e-07	0.0584	4.2191795e-07	0.17264357	3.0390322e-07	0.0013664047	0.036254074
priorregion4_spot_161	2.2254014e-07	1.1908927e-06	0.5087436	0.080978885	2.160084e-07	9.267831e-07	5.668607e-07	4.684803e-07	9.095588e-07	5.6211065e-06	0.4095238	1.4606881e-07	0.000743259	2.3546511e-07
priorregion4_spot_162	2.2710203e-05	1.4210869e-05	0.11994724	8.007914e-07	5.389488e-07	1.6551122e-07	6.1793077e-07	2.055219e-07	1.3116058e-06	5.8365654e-06	0.880004	7.902496e-07	4.0502647e-07	1.1548694e-06
priorregion4_spot_163	0.022618715	0.0040230625	0.31683668	1.3275343e-06	6.6915336e-06	4.8866104e-07	1.1764238e-06	0.022833256	1.2747753e-05	0.02185618	0.6095286	0.0022800178	3.4207577e-07	6.525662e-07
priorregion4_spot_164	0.06393067	0.25007188	0.49872708	9.030746e-06	2.6753075e-06	1.9630531e-07	0.019155765	2.1343262e-06	9.902718e-05	0.006721892	0.14022353	0.0071390145	0.0077091674	0.006207881
priorregion4_spot_165	6.7393194e-07	0.018648406	0.5425516	0.05146689	7.0953115e-07	0.01225927	2.5083682e-07	8.6404447e-07	0.031768713	2.0639345e-06	0.33876216	3.5977945e-07	7.3838685e-08	0.004537926
priorregion4_spot_166	0.010848108	2.8110044e-06	0.61868984	0.035393514	1.0576703e-06	0.0032450047	6.14245e-07	3.9961427e-07	9.975773e-07	0.008822887	0.32299095	4.5661807e-07	4.8914393e-07	2.9951293e-06
priorregion4_spot_167	2.0320302e-07	0.31584272	0.57448393	0.024287896	9.4006486e-05	6.632129e-08	1.4046269e-07	1.819053e-07	1.3959078e-06	0.0501268	0.035161924	1.9071241e-07	1.3129599e-07	4.5653007e-07
priorregion4_spot_168	0.010204409	0.033884376	0.61270595	0.0777745	2.2346453e-06	2.5773775e-07	0.00012298231	5.248247e-07	0.0013405695	0.008121926	0.2436686	6.4164374e-07	5.02145e-07	0.012172548
priorregion4_spot_169	0.003863493	4.8017082e-05	0.30925456	0.014122737	3.4008292e-06	8.134519e-08	1.2577787e-07	1.9249164e-07	4.34075e-06	2.3142398e-05	0.67005295	2.213845e-07	4.3564526e-07	0.002626363
priorregion4_spot_170	4.1267117e-07	1.8923013e-06	0.4240793	9.339089e-06	5.0541007e-07	2.1542957e-07	4.2078963e-07	0.008915874	1.1849105e-06	5.2844434e-06	0.56230754	0.004677407	2.7150222e-07	3.3374968e-07
priorregion4_spot_171	0.023309229	8.575511e-06	0.52079993	0.03295512	8.7553093e-07	3.201871e-07	6.517037e-07	4.4277456e-07	3.4979282e-06	4.378531e-05	0.42287523	7.695171e-07	5.007987e-07	1.0848187e-06
priorregion4_spot_172	7.8153704e-07	5.2001434e-07	0.45234755	2.5521667e-06	3.554369e-07	3.4936934e-07	0.010776404	0.004298422	2.5703494e-07	0.0010127135	0.5315596	1.1291239e-07	2.0194871e-07	1.6859644e-07
priorregion5_spot_1	0.0006053026	0.14567146	1.4176676e-07	6.976056e-08	0.25941566	0.044965763	0.020211384	0.017481212	0.26094526	0.007687992	4.470606e-06	5.4119636e-07	0.18025409	0.06275665
priorregion5_spot_2	0.11302734	0.115984574	1.275461e-07	9.94324e-08	0.18581179	2.9340436e-07	0.03596333	1.6901945e-06	0.21756311	0.061895292	1.6922766e-07	1.597459e-06	0.18958691	0.08016367
priorregion5_spot_3	0.054548185	0.08247802	2.0979051e-07	1.152702e-07	0.5453578	0.0029498904	0.0070390105	0.0035779476	0.11967994	0.022248182	0.030024104	3.3663574e-07	0.11509818	0.016998157
priorregion5_spot_4	0.06012163	0.19563149	1.3311436e-07	8.3454125e-08	0.43569267	1.2785945e-07	0.010867956	2.9488035e-07	0.29767978	1.162936e-06	1.1222348e-06	6.3214134e-07	4.824098e-07	2.444107e-06
priorregion5_spot_5	0.0787165	0.060485557	0.026677653	4.5710757e-07	0.43578562	4.5788587e-07	6.7000465e-06	0.009606921	2.98225e-05	8.021373e-07	3.2275925e-06	0.005354643	0.36135826	0.021973385
priorregion5_spot_6	0.023975585	0.18891077	3.153225e-07	4.066944e-07	0.58310986	2.4396797e-07	0.0022063584	0.020407725	0.15412313	4.040687e-07	6.732037e-07	1.5996247e-07	1.6329936e-07	0.027264245
priorregion5_spot_7	0.026878782	0.2239142	1.4295756e-07	9.44512e-08	0.1731459	2.3410047e-07	0.015613595	9.131235e-07	0.4461947	2.5500558e-06	1.7826878e-06	7.8471885e-07	0.045358825	0.06888753
priorregion5_spot_8	4.57995e-06	0.25130856	3.0526658e-07	5.794716e-07	0.586264	0.003696833	8.226447e-07	0.0057090665	0.14738871	1.065526e-06	1.0708491e-05	2.5279823e-07	4.8585036e-07	0.005614091
priorregion5_spot_9	0.019777514	0.058616966	4.3505048e-07	6.092936e-07	0.3471721	2.3324199e-07	2.4716095e-07	3.533758e-07	0.2583137	8.4053664e-07	2.3966554e-06	3.9616734e-07	0.28732958	0.02878464
priorregion5_spot_10	0.017142413	0.21439259	0.008770366	9.290802e-06	0.14190975	0.0008778621	4.922549e-07	1.9118951e-07	0.43774277	1.5559118e-06	1.7509465e-05	2.838028e-07	0.17913269	2.153678e-06
priorregion5_spot_11	0.04498418	0.07014662	8.707499e-08	4.3849386e-08	0.06319249	0.0012041106	0.0798197	8.667568e-06	0.5309984	0.018946271	4.47755e-07	0.0032990617	0.14257337	0.044826467
priorregion5_spot_12	0.035543736	0.26236376	1.684622e-07	1.3386305e-07	0.44696093	1.414311e-07	0.009110078	8.208778e-07	8.8554916e-05	2.1852164e-05	0.06781214	2.2520908e-07	0.13035585	0.047741655
priorregion5_spot_13	0.10815397	0.033969298	1.7007805e-07	1.1986684e-07	0.20258483	0.019751998	1.6962871e-06	3.0694906e-07	0.3729429	1.1371009e-06	1.7904396e-05	8.540193e-07	0.25604048	0.006534302
priorregion5_spot_14	0.034836575	0.12329874	1.1659696e-07	2.4069158e-07	0.37715888	2.2421361e-07	4.356672e-07	4.3246916e-07	0.21942069	1.2016051e-06	6.1516624e-07	1.8414723e-06	0.23348482	0.011795208
priorregion5_spot_15	0.023627771	0.08393646	7.5977965e-07	1.678372e-07	0.31349164	0.0025369492	2.6860334e-07	0.0056087477	0.45271194	1.865838e-06	1.6792088e-06	0.0013334017	0.116746426	1.9395181e-06
priorregion5_spot_16	0.06495445	0.16543159	1.3580646e-07	7.625041e-08	0.21025543	0.005952346	6.665317e-07	0.0034640406	0.4065806	1.1485345e-06	6.249418e-07	0.006666792	0.12209448	0.014597697
priorregion5_spot_17	0.05104755	0.023832345	6.4400194e-07	0.010008663	0.5999446	7.493929e-07	0.027727298	0.010702256	0.0064476607	4.9621224e-07	2.6127879e-07	6.7447723e-07	0.13465798	0.1356289
priorregion5_spot_18	2.2560725e-06	0.003909315	3.2853126e-07	0.09177684	0.8660807	3.2907778e-07	1.9051164e-07	0.0016686016	0.024849055	3.6734932e-07	0.01171129	8.1425235e-08	1.4148978e-07	4.585538e-07
priorregion5_spot_19	0.0073575964	0.0684338	1.0508312e-06	0.004704208	0.62925625	7.11132e-08	1.2421829e-07	1.3800964e-07	0.11125721	3.0559494e-07	4.79281e-07	3.3459955e-07	0.17898768	7.267422e-07
priorregion5_spot_20	0.009762772	0.25703955	0.044203304	5.4397566e-07	0.4943301	8.1042896e-07	0.0052683917	0.003773235	0.011823656	1.7184396e-06	2.4997314e-06	5.3483075e-07	0.15434013	0.019452792
priorregion5_spot_21	0.1196211	0.16163181	2.5602478e-06	3.8497765e-07	0.26141468	9.308622e-07	0.016491817	0.013657937	0.1594463	0.038595736	5.763483e-06	1.8095145e-06	0.2229549	0.0061743804
priorregion5_spot_22	0.046401452	0.1440032	0.00022251136	9.2627005e-08	0.3668934	2.0546271e-07	7.315997e-07	0.00050503446	0.36607015	1.164259e-06	8.2856405e-07	1.9265016e-07	0.0759009	2.2003891e-07
priorregion5_spot_23	4.1977714e-07	0.15990397	0.020562762	0.041328732	0.42376187	0.007290246	2.8985386e-07	0.0027230168	0.21446195	4.4824384e-07	2.893861e-06	9.213979e-08	0.129963	1.6759276e-07
priorregion5_spot_24	0.03767619	0.18142086	1.1101689e-07	1.00090666e-07	0.5237813	4.6840105e-07	0.0077743633	6.5768836e-07	0.18268725	0.0040977327	5.3579413e-07	2.9642018e-07	1.8194723e-07	0.06255989
priorregion5_spot_25	0.058782406	0.00069743954	4.0738203e-07	2.4137015e-07	0.40935647	0.027804233	3.8674625e-07	4.6446712e-07	0.28900498	2.039427e-06	6.282662e-07	0.0025839028	0.21176556	7.7332527e-07
priorregion5_spot_26	0.02144176	0.01038294	2.8620624e-07	2.108782e-07	0.6336977	0.014209781	1.1899999e-06	0.05438128	0.15609524	0.0032602213	5.653813e-07	4.2844965e-07	0.079646505	0.026881855
priorregion5_spot_27	2.6466387e-06	0.1763594	0.029554365	0.012230424	3.0752565e-06	7.221271e-07	1.3486521e-06	1.7259165e-06	0.4325146	0.010335913	3.6313638e-06	0.0012737857	0.31724477	0.020473598
priorregion5_spot_28	0.019072335	0.22784695	2.1306735e-07	1.9385344e-07	0.44875228	2.48041e-07	0.0055820346	4.1880745e-07	0.26385716	2.8028549e-06	1.3442187e-06	2.2060411e-07	0.026846133	0.008037707
priorregion5_spot_29	0.010666365	0.12836488	3.3448313e-07	3.605772e-07	0.5589719	2.402342e-07	4.7160816e-07	0.011214917	0.1944209	5.745243e-07	7.9108395e-07	6.205942e-07	0.05504583	0.04131186
priorregion5_spot_30	0.05435266	0.07135793	4.8665066e-07	3.818211e-07	0.56837845	5.0618604e-07	3.8241873e-07	3.6319057e-07	0.14868642	0.009881459	1.1470888e-05	1.2211882e-06	0.14731511	1.3129201e-05
priorregion5_spot_31	0.048173152	0.06771051	1.4217208e-07	1.3140996e-07	0.46940964	0.060200274	8.6981015e-07	1.036521e-06	0.2882936	2.1305527e-06	1.7166857e-06	8.45028e-07	0.021544699	0.04466132
priorregion5_spot_32	0.059929166	0.09539892	2.3532914e-07	1.5533995e-07	0.3523759	6.705691e-08	1.1741775e-07	1.1395943e-07	0.39588046	5.061249e-06	7.5959537e-07	2.3271954e-07	0.09640826	4.714252e-07
priorregion5_spot_33	0.0666873	0.19689676	2.2866621e-07	1.4690956e-07	0.4651109	2.8924754e-07	0.009464731	4.626391e-07	0.26182836	8.3514915e-06	7.2285366e-07	2.253252e-07	9.555508e-07	6.0925834e-07
priorregion5_spot_34	3.3960612e-07	0.12222383	7.6434327e-07	0.13063459	0.5572822	2.692265e-07	2.0493007e-07	0.0025418121	0.11987304	3.262128e-07	0.02851862	9.519842e-08	0.03892379	1.3932421e-07
priorregion5_spot_35	0.036512088	0.124073796	5.0432124e-07	2.6480103e-07	0.30744597	9.059547e-07	3.4820605e-05	0.004211841	0.35599533	0.0036740291	3.3304128e-05	5.355564e-07	0.1473582	0.020658588
priorregion5_spot_36	0.056656603	0.11312837	1.1227705e-06	1.0336087e-06	0.6582135	0.0017466762	3.176861e-07	3.3112354e-07	0.00016149906	8.899981e-07	2.0543437e-06	1.9274621e-07	0.17008711	3.501204e-07
priorregion5_spot_37	0.07216429	4.0625653e-07	1.2878223e-07	7.361175e-08	3.178364e-07	0.06452858	6.8859987e-07	0.024177732	0.547063	2.6136965e-07	1.8337553e-07	4.7611647e-07	0.29206252	1.3235608e-06
priorregion5_spot_38	0.024725258	0.0930844	1.6646045e-07	9.0408787e-07	0.21098737	0.0161572	1.2935384e-06	1.0948318e-06	0.4709972	0.008019384	4.6957684e-06	4.7911146e-07	0.17133978	0.0046808203
priorregion5_spot_39	0.025278812	0.15607333	2.871128e-07	1.4866772e-07	0.40471768	0.018809963	5.18357e-07	0.010711076	0.25183162	0.025418408	6.009193e-07	9.327956e-05	0.0912761	0.015788062
priorregion5_spot_40	0.05633351	0.0032961266	9.819157e-07	6.6051757e-07	0.6495645	1.0965e-06	0.005333239	0.0035404372	0.024844192	6.4731137e-07	1.3776229e-06	1.0718443e-06	0.2460464	0.011035721
priorregion5_spot_41	0.005768976	0.3690146	1.8230313e-07	1.6639e-07	0.25044706	1.11785226e-07	1.7765882e-07	1.786747e-07	0.33009076	0.0001534947	0.03737822	0.007142495	1.6745555e-06	1.8608305e-06
priorregion5_spot_42	3.3251877e-06	0.08323663	1.9758447e-06	0.24039382	0.378348	5.4496045e-08	5.4685135e-08	4.5911587e-08	0.13592961	2.03088e-07	3.5231203e-06	1.2388777e-07	0.16208218	3.6486736e-07
priorregion5_spot_43	0.019803097	0.11289168	1.2786423e-07	1.2747316e-07	2.7597242e-05	6.570168e-06	0.004516165	3.9606326e-07	0.67751896	1.5208099e-06	2.1346507e-06	4.8650884e-07	0.18522984	1.2368787e-06
priorregion5_spot_44	2.4783817e-06	0.060567185	3.340827e-07	4.6857463e-06	0.41919884	0.024125533	0.028553935	2.0580615e-06	0.2816079	2.7276635e-06	1.7523903e-06	2.0280568e-07	0.123638585	0.062293753
priorregion5_spot_45	5.7868907e-05	0.2406705	9.94595e-08	8.004814e-08	0.26246786	6.3489786e-08	1.3104841e-07	2.928242e-07	0.4897241	7.495416e-07	7.3935166e-07	1.3548905e-06	1.9976744e-07	0.007075978
priorregion5_spot_46	0.02666884	0.1002245	1.6385594e-07	1.4411367e-07	0.25234854	0.023941759	2.9005272e-07	2.8357198e-07	0.5905923	2.2217115e-07	1.1141474e-06	1.7379973e-07	9.250925e-07	0.0062207193
priorregion5_spot_47	0.013654552	0.119213864	1.9225533e-06	7.5755435e-07	0.23994948	1.5458244e-07	6.7361475e-07	0.005375364	0.09830379	3.53766e-06	0.2463799	0.0006561629	0.2764567	3.1367967e-06
priorregion5_spot_48	0.037228726	0.1424573	3.4679314e-07	2.2451636e-07	0.35147938	0.004522774	0.01383149	3.4069244e-06	0.3293744	1.820987e-06	6.3767097e-06	8.44141e-07	0.060216613	0.06087621
priorregion5_spot_49	0.11037038	0.036029223	5.7937416e-07	2.73877e-07	0.7183842	4.9481355e-06	1.3589625e-06	0.046945848	0.01638388	0.01647196	3.5601107e-07	1.2877251e-07	0.052874263	0.0025326526
priorregion5_spot_50	0.045133248	0.21931902	0.012562458	7.2251555e-07	0.44024688	1.9673347e-07	1.3909948e-07	3.6574363e-07	0.108679675	3.7569714e-06	0.00025077333	5.4857275e-05	0.1737454	2.5708955e-06
priorregion5_spot_51	0.05170188	0.15692498	2.0912141e-07	9.5948664e-08	0.22494802	1.4801118e-07	4.9164566e-07	2.916301e-07	0.31325218	0.0017892576	2.8784386e-06	2.8575507e-05	0.23856066	0.01279031
priorregion5_spot_52	1.9535317e-05	0.06131859	3.358864e-07	4.4888722e-07	0.3131894	0.024917586	7.139742e-07	0.010267138	0.3474011	4.482652e-07	8.6614807e-07	7.667915e-07	0.1460535	0.0968296
priorregion5_spot_53	1.8015482e-05	0.17015387	4.1385337e-07	5.0072674e-07	0.32681432	5.5824836e-07	9.529623e-07	0.032271024	0.32519358	2.493917e-06	0.011277571	1.4221926e-06	0.07287123	0.06139423
priorregion5_spot_54	0.030841801	0.12371244	3.9696616e-07	0.01382134	0.17962182	1.2800636e-07	0.002355355	1.125693e-07	0.44272596	5.402052e-07	9.612309e-07	1.5022265e-07	0.20691755	1.4434437e-06
priorregion5_spot_55	0.045283444	0.26718354	1.15278226e-07	1.06356055e-07	0.15012518	2.2542065e-07	0.014621554	5.1491327e-07	0.26774663	0.00013435705	1.0230451e-05	1.2751539e-06	0.19316319	0.061729584
priorregion5_spot_56	0.004295846	0.20631367	1.13869426e-07	8.2921744e-08	0.44823936	2.9052518e-07	2.0153496e-07	2.6941825e-07	0.2888162	4.707097e-07	9.287661e-07	1.6933276e-07	1.7263496e-07	0.05233219
priorregion5_spot_57	0.008318318	0.17189534	6.124233e-07	5.418442e-07	0.30124205	2.204251e-06	1.6900921e-06	0.00014251957	0.46521133	6.319105e-07	1.7274763e-06	3.7818904e-07	0.034840252	0.018342432
priorregion5_spot_58	0.04072698	0.079935126	1.9367195e-07	1.2140042e-07	0.40253967	0.014512618	3.0451426e-07	4.0956917e-07	0.25695902	1.3296772e-06	8.1127916e-07	6.2881065e-07	0.20532231	4.3913755e-07
priorregion5_spot_59	0.06627505	0.13381292	1.4907432e-07	8.623191e-08	0.1126017	9.460839e-08	1.4648884e-07	1.4180303e-07	0.37985104	1.9134718e-06	5.716848e-07	0.0009879618	0.2956333	0.0108348755
priorregion5_spot_60	1.7873505e-06	0.40853631	3.1961096e-07	1.2624574e-07	0.006183603	1.04534124e-07	1.635149e-07	1.7745694e-07	0.45773882	0.040118963	0.0760866	0.0015808159	1.890545e-06	0.009750281
priorregion5_spot_61	0.054744102	0.052857026	2.375407e-07	1.6729123e-07	0.4609803	4.3472366e-07	4.1897965e-07	0.007825092	0.2421824	1.8346802e-06	0.002599249	4.158105e-07	0.1636455	0.015163006
priorregion5_spot_62	0.021789445	0.1253796	1.467039e-07	1.1051691e-07	0.1570573	2.6595796e-07	0.008505878	1.6050521e-07	0.54839975	3.233247e-07	4.0024813e-07	9.632456e-07	0.119162805	0.019702809
priorregion5_spot_63	0.070718594	0.033165928	2.1043074e-07	1.2372719e-07	0.26017857	1.179996e-07	2.8384088e-07	1.7165783e-07	0.41642824	6.780232e-07	9.950015e-07	0.001639535	0.2084557	0.0094108
priorregion5_spot_64	0.04349833	0.052591365	1.2032272e-07	8.6579256e-08	0.26731175	6.395636e-08	1.2208876e-07	1.1772821e-07	0.42263263	1.6563464e-06	9.702879e-07	3.141794e-07	0.21285796	0.0011045613
priorregion5_spot_65	6.2871427e-06	0.3007996	1.5662629e-07	1.354218e-07	0.35977986	6.00297e-08	1.09266324e-07	8.320293e-08	0.2541154	4.5956098e-05	0.085250214	4.182163e-07	3.60626e-07	1.3482249e-06
priorregion5_spot_66	0.009846293	0.18433762	3.47306e-07	3.4000172e-07	0.44593215	0.005114145	2.897188e-07	3.0440783e-06	0.00011344539	2.9667815e-06	0.19690612	3.3380015e-06	0.15773878	1.2030705e-06
priorregion5_spot_67	0.083913326	0.15782648	1.4730898e-07	7.4593885e-08	0.26995277	3.2416648e-07	0.005895887	0.024332624	0.36637485	0.005133917	6.912251e-07	6.456849e-07	0.086565755	2.5005845e-06
priorregion5_spot_68	8.731636e-06	0.21850227	1.3118794e-06	0.106679805	0.47836375	1.7648284e-07	1.4789998e-07	3.4232467e-06	0.07063569	9.628884e-07	2.1690443e-05	3.4596692e-07	0.1257804	1.2089519e-06
priorregion5_spot_69	0.030601481	7.1276314e-05	5.5375597e-07	3.0253398e-07	0.7306896	1.0440347e-07	9.0819604e-08	1.6487704e-07	1.3038215e-05	0.008074024	5.4428597e-07	3.9185024e-06	0.22582187	0.00472302
priorregion5_spot_70	0.061144	0.24363446	1.4196205e-07	7.578193e-08	0.17496493	4.803721e-07	0.026114434	1.1378893e-06	0.32300422	0.027051818	4.585883e-06	2.9727798e-07	0.14407179	7.594442e-06
priorregion5_spot_71	0.046650242	0.055868864	2.987792e-07	1.4507624e-07	0.3145787	0.0039936183	3.215377e-07	0.010234821	0.11958131	0.044434007	0.098373346	2.0812396e-07	0.26838973	0.037894394
priorregion5_spot_72	0.097404234	0.03349304	1.7649445e-07	1.3973805e-07	0.55350524	8.4320664e-07	0.013629564	0.0037698145	5.5831224e-06	1.1866298e-05	6.635048e-07	1.0867308e-06	0.23333953	0.06483821
priorregion5_spot_73	0.035781078	0.15546687	2.168596e-07	1.3055266e-07	0.33222407	0.012554968	2.9823033e-07	0.0017408845	0.16831245	0.052069906	0.1120282	0.004431202	0.12538807	1.6245187e-06
priorregion5_spot_74	0.05139341	0.09545573	1.8063544e-07	1.5026923e-07	0.37042978	3.8305436e-07	3.0946603e-07	0.004553156	0.29635134	8.964614e-07	7.883269e-07	2.0450675e-07	0.18181302	6.650621e-07
priorregion5_spot_75	0.05352643	0.11443984	1.4450019e-07	1.0096581e-07	0.4407794	2.48223e-07	0.016931739	2.6460702e-07	0.2948163	5.91654e-07	4.4236043e-07	3.1160158e-07	0.05812189	0.021382337
priorregion5_spot_76	3.2799053e-05	0.12461485	9.3260475e-08	8.458197e-08	0.27007967	4.3734445e-07	0.021730687	0.018874545	0.36002484	1.4833323e-06	6.2244444e-06	4.1899884e-07	0.12513927	0.079494566
priorregion5_spot_77	1.3262064e-05	0.3334511	0.13172114	3.7524005e-06	0.11922284	1.390762e-07	2.1162107e-07	3.044707e-07	0.08920704	1.5216862e-06	0.02174879	1.4490502e-06	0.28666395	0.01796442
priorregion5_spot_78	1.7734999e-06	0.33575767	5.4894696e-07	7.375373e-07	0.45362	2.4323292e-06	1.9201109e-07	1.3790093e-07	2.7125907e-05	1.8199128e-06	0.07308951	2.7632493e-07	0.12290286	0.014594729
priorregion5_spot_79	1.4607361e-06	0.20200421	7.905809e-08	6.610458e-08	0.30707046	2.989647e-07	4.395384e-07	1.3907291e-07	0.48910293	3.7133069e-07	8.0227073e-07	1.02658014e-07	2.1795081e-07	0.0018183576
priorregion5_spot_80	0.061130892	0.057650063	2.448625e-07	1.8138354e-07	0.35405183	0.018466728	8.7548244e-07	0.019074699	0.17529295	5.1150994e-07	9.577725e-07	4.0031958e-07	0.31432885	9.217042e-07
priorregion5_spot_81	0.05393825	2.4225998e-05	4.200343e-07	2.2819914e-07	0.6390632	0.019769348	5.6990496e-07	8.0571385e-07	0.15826339	0.015572609	9.027126e-07	2.5544395e-07	0.11336416	1.6314173e-06
priorregion5_spot_82	0.07293109	0.08974671	0.058134723	1.3256835e-06	0.41336343	0.0014042577	0.014443344	1.6749507e-05	0.055897772	0.028394485	6.291439e-07	5.7042183e-07	0.2616753	0.003989655
priorregion5_spot_83	0.0003416111	0.16499509	4.0096373e-07	3.113644e-07	0.44085532	6.655246e-07	0.0024603703	4.4392138e-07	0.2345464	5.275253e-07	7.069325e-07	4.349626e-07	0.08252769	0.07427
priorregion5_spot_84	0.00018669841	0.33979493	5.276642e-07	7.692653e-07	0.18917108	0.016957503	0.024761684	8.970364e-07	0.22670735	1.04876035e-05	0.00054835784	0.0020596583	0.11718136	0.08261878
priorregion5_spot_85	0.037202284	0.16647369	3.7296e-07	0.03577364	0.47700557	1.0603646e-07	1.6231276e-07	9.3433265e-08	0.1675448	5.636531e-07	6.090414e-06	2.0317171e-07	0.11599106	1.3750185e-06
priorregion5_spot_86	0.034331433	2.746296e-05	6.3139595e-07	0.095924765	0.6079407	2.3237315e-07	1.2103957e-06	2.4602048e-07	0.016259324	2.8830368e-07	0.008771188	0.0014254764	0.23531412	2.9862285e-06
priorregion5_spot_87	0.036426008	0.028914398	1.0592056e-07	9.768315e-08	0.58879846	0.0046416344	0.019143904	7.451177e-07	0.018860891	4.2486585e-07	3.4089632e-07	3.6277996e-07	0.21876183	0.08445083
priorregion5_spot_88	0.02420121	0.17449342	1.6862624e-06	1.6206708e-06	0.33512756	3.1336947e-07	0.010701337	0.0015225246	0.42257077	9.702679e-07	1.3999893e-06	2.140321e-07	0.031376664	3.822966e-07
priorregion5_spot_89	4.9614505e-06	0.08708986	3.0944009e-06	0.010998152	0.5730708	4.457443e-08	1.0577667e-07	0.0027413128	0.22245866	4.758415e-07	7.205477e-07	1.6167458e-07	0.10363035	1.2911681e-06
priorregion5_spot_90	0.093288414	0.0568589	2.8692043e-07	1.773631e-07	0.0073295487	0.012131073	1.2973542e-06	0.017617196	0.33409864	0.000638703	1.6782659e-06	0.010113776	0.46787706	4.3341977e-05
priorregion5_spot_91	0.039694376	0.06861148	2.6532095e-07	1.3762603e-07	0.2977566	4.3227254e-07	4.876626e-07	2.1684104e-07	0.38897488	1.244383e-06	1.3911401e-06	3.0593844e-07	0.20495775	4.1352197e-07
priorregion5_spot_92	0.038868714	0.13983215	4.6704952e-07	1.3236894e-07	0.38202527	1.2256686e-07	1.3073037e-06	0.002386974	0.37570617	1.0521297e-06	2.8426098e-06	2.9146204e-07	0.047810778	0.013363786
priorregion5_spot_93	0.068848	2.418628e-06	2.0284519e-07	1.744313e-07	0.38132903	2.6629783e-07	0.023308594	0.0035237276	5.4184966e-07	6.276335e-07	8.088676e-07	6.0653684e-07	0.28521407	0.23777089
priorregion5_spot_94	1.2255274e-06	0.25405875	2.5358422e-06	0.06671628	0.30548206	9.482353e-08	1.530401e-07	1.2190992e-07	0.12859733	2.2900354e-06	0.12355298	3.3253403e-07	0.10956312	0.012022725
priorregion5_spot_95	0.02957246	0.13386089	1.5541983e-06	8.5997067e-07	0.18689683	0.00629203	6.879537e-06	0.0024546164	0.102654345	8.878082e-07	1.2258531e-06	0.0058180285	0.48150256	0.050936792
priorregion5_spot_96	0.071292385	0.04511299	1.8786112e-07	1.3394173e-07	0.35339013	4.9686906e-07	0.005545108	1.2719479e-06	0.39040843	5.560737e-07	6.8547223e-07	7.4835884e-07	0.13424435	2.5059728e-06
priorregion5_spot_97	0.015875315	0.11547536	5.767318e-07	2.6737948e-07	0.5461094	3.2347302e-07	0.002073018	0.022121543	0.060381453	4.2833412e-06	0.08073467	2.4885315e-07	0.15320842	0.004015337
priorregion5_spot_98	0.14101906	0.14064851	1.6629244e-07	9.941509e-08	0.27665088	0.0033832209	0.017531399	1.7686416e-06	0.30644852	0.007570221	1.762757e-06	8.177257e-07	0.10424481	0.0024988945
priorregion5_spot_99	0.049591415	0.036597315	5.6701367e-07	1.148658e-06	0.54039186	0.010551357	0.0041691824	2.4130138e-06	0.27880004	0.006904051	1.8982336e-06	5.304232e-07	0.06385126	0.009136867
priorregion5_spot_100	0.0263203	0.07897534	1.0464082e-07	9.925999e-08	0.3075511	6.257649e-08	7.592231e-08	6.9254256e-08	0.5000151	1.4992311e-06	7.2521453e-07	8.966497e-07	0.08713302	1.6144036e-06
priorregion5_spot_101	0.08208682	0.21619666	0.059858385	3.1504916e-07	0.44141573	0.014202348	0.0029805438	6.4169726e-06	0.0657987	3.850565e-06	1.9021327e-06	9.566545e-07	0.11744187	5.499272e-06
priorregion5_spot_102	0.04263084	0.22732951	0.15118441	4.2156685e-06	0.3164649	0.005295656	4.6540552e-07	7.285153e-07	0.23010409	0.02075067	1.5371172e-06	3.110707e-07	1.4638726e-07	0.0062324475
priorregion5_spot_103	0.0009938844	0.12801751	4.4927714e-07	3.2586803e-07	0.42264196	2.1215908e-06	1.2797168e-06	0.004326306	0.2509665	2.0130808e-06	2.0941527e-06	0.00030854807	0.18435289	0.008384025
priorregion5_spot_104	0.025853464	0.2041428	0.07335617	2.0814218e-06	0.53743935	2.3356262e-07	6.8170027e-07	0.0034731207	0.005041192	1.1201124e-06	4.370408e-06	6.534321e-07	0.13746125	0.013223434
priorregion5_spot_105	0.006329125	0.28294265	2.8115312e-06	0.14948976	0.27072215	1.9490051e-07	1.6626778e-07	1.2144432e-07	0.10192157	3.6405805e-07	3.1511704e-06	3.5556747e-07	0.14104034	0.0475472
priorregion5_spot_106	0.030236788	0.08432631	1.7905319e-07	1.0740557e-07	0.2799936	3.4354633e-07	4.1355932e-07	0.033945106	0.19055888	0.043168254	0.24308552	1.4579747e-07	0.09468398	3.069213e-07
priorregion5_spot_107	0.031868815	0.14318265	6.351645e-07	6.2994513e-07	0.5648261	5.175055e-07	1.7645432e-06	0.019814806	0.16851138	8.665264e-07	1.8368787e-06	0.004324578	0.052927617	0.014537779
priorregion5_spot_108	0.053832565	0.15922527	2.1965323e-07	2.5274016e-07	0.5045571	6.5294137e-07	2.4005416e-07	0.0012608053	0.18720545	7.504258e-07	2.5950221e-06	1.2111288e-06	0.08724891	0.0066640787
priorregion5_spot_109	0.047471527	0.23782681	2.1562094e-07	0.0008322505	0.19384754	2.0050045e-07	0.027240228	3.3568065e-07	0.24045911	0.010115819	0.019412575	3.4937213e-07	0.11029815	0.11249487
priorregion5_spot_110	2.3276334e-06	0.3220191	1.9766354e-05	0.016517276	0.17636678	1.4109938e-07	1.0249768e-07	8.6723065e-07	0.48500377	1.116247e-06	3.8397262e-05	6.525725e-07	8.890401e-07	2.874213e-05
priorregion5_spot_111	0.029290212	0.1693163	1.9596294e-07	1.3842056e-07	0.47633007	2.534601e-07	5.7611675e-07	4.0822087e-07	0.15613067	1.1350743e-06	5.5236495e-07	8.6814754e-07	0.1603147	0.008613909
priorregion5_spot_112	0.06959114	2.9353032e-07	0.008689967	4.2813588e-07	0.01616085	0.029012538	0.007670681	3.1558662e-05	7.6912704e-07	2.5893291e-07	0.005873523	0.010529155	0.79557747	0.056861404
priorregion5_spot_113	0.037776273	0.007232193	2.2269414e-07	1.4553525e-07	0.36443055	0.011870945	0.010576168	1.4189096e-05	0.3839553	2.9584346e-06	1.2851224e-06	0.0020605624	0.18207763	1.6461951e-06
priorregion5_spot_114	0.034119695	0.0648224	1.1932694e-07	8.473295e-08	0.37425354	0.006784659	1.6823526e-06	6.6677116e-05	0.3353494	0.031715415	4.0268833e-07	3.610778e-07	0.1301587	0.022726912
priorregion5_spot_115	0.01491955	0.19225307	2.5026782e-07	1.9861515e-07	0.5052975	0.004677598	5.6681756e-07	1.1870425e-06	0.2549402	0.014680719	5.7463785e-06	3.910088e-06	0.0040012426	0.009218361
priorregion5_spot_116	0.051090922	0.10184745	1.1105481e-07	9.058134e-08	0.3940485	0.00626431	2.5198477e-07	1.5799496e-06	0.31647924	8.115678e-07	4.41394e-07	4.862069e-07	0.1295603	0.0007054546
priorregion5_spot_117	0.017704124	0.042971548	1.4437023e-07	1.354374e-07	0.45908394	5.7355077e-08	1.10808344e-07	2.3286009e-07	0.39950523	4.3744157e-07	7.0565227e-07	2.7558417e-07	0.076005094	0.0047279405
priorregion5_spot_118	3.9473252e-05	0.2035332	1.6288138e-06	5.8325236e-06	0.40916106	7.812309e-07	0.033920385	7.011111e-07	0.06159284	1.0786231e-06	0.017039394	9.461087e-07	0.109460786	0.16524194
priorregion5_spot_119	0.05060527	0.036520828	2.0836077e-07	1.4049844e-07	0.4493744	0.0132389	0.0014398878	4.2079414e-06	0.26269117	0.026469395	1.8620635e-06	3.9297612e-07	0.15964942	4.0354007e-06
priorregion5_spot_120	0.005500225	0.20236641	1.4362939e-06	0.019592851	0.26440725	8.81943e-08	1.7563387e-07	8.2156426e-08	0.35656875	5.7552313e-07	1.3071358e-06	3.1741507e-07	0.14679596	0.00476453
priorregion5_spot_121	0.080694154	1.6308e-05	6.6249066e-07	2.1967051e-07	0.6633725	0.0026439421	3.7322133e-07	0.031985894	3.0586393e-06	0.009742022	3.1982705e-07	2.3395476e-07	0.21153918	1.2170642e-06
priorregion5_spot_122	0.021243872	0.18987426	1.02357966e-07	5.125431e-08	3.680221e-06	0.007705813	0.10256032	7.4453997e-06	0.42606148	0.02054761	8.2008614e-07	9.834044e-07	0.13939191	0.09260169
priorregion5_spot_123	0.037185874	0.25615478	1.8940982e-07	1.2026501e-07	0.17158493	0.018440906	1.9140323e-06	0.0067812046	0.3032438	2.2487898e-06	3.6030015e-06	0.0027339763	0.20386556	9.024405e-07
priorregion5_spot_124	0.027443947	0.17722578	1.5906892e-07	9.855628e-08	0.3535391	9.205211e-08	1.4199286e-07	1.0566109e-07	0.34223798	2.1496696e-06	1.4870155e-06	1.6263948e-07	0.099548385	4.330063e-07
priorregion5_spot_125	0.06792881	0.042350993	1.0749965e-06	8.9557886e-08	0.24282067	1.0261541e-06	0.033050936	7.53934e-07	0.3972065	1.7775924e-06	1.4469906e-06	3.728634e-07	0.20913932	0.0074962736
priorregion5_spot_126	0.010667559	0.11837832	8.711435e-07	2.4936114e-07	0.62156206	9.9947655e-08	0.00401282	3.0011162e-07	0.03434204	1.2430164e-06	9.441845e-07	7.626384e-07	0.20743723	0.003595632
priorregion5_spot_127	6.008508e-06	0.16139795	0.031968456	1.469164e-06	0.29348728	5.3616145e-07	4.3771374e-07	2.708717e-07	0.26876915	5.8844535e-07	8.738109e-06	7.0318345e-07	0.24435723	1.1780165e-06
priorregion5_spot_128	0.12174608	2.4029362e-07	4.5046875e-07	6.6648664e-07	7.141407e-07	0.008445296	6.674993e-07	0.011507785	2.6065857e-07	2.489801e-07	0.0065013664	5.7728346e-07	0.7914709	0.060324796
priorregion5_spot_129	2.870315e-05	0.14026846	1.9500335e-07	2.1900968e-07	0.38594866	0.022077052	2.832341e-06	8.1077894e-07	0.24528216	0.0025995383	7.721718e-06	1.4618723e-06	0.12941134	0.074370876
priorregion5_spot_130	0.0003001987	0.12541647	3.0092983e-07	1.6339366e-07	0.28429043	0.019194541	3.7765167e-07	3.8193875e-06	0.20956953	0.032008924	0.11339586	1.8836035e-07	0.21581903	2.6010116e-07
priorregion5_spot_131	0.022968646	2.6193504e-05	2.4003344e-07	0.0013759	0.6513771	4.3721457e-07	0.007865714	1.839564e-07	7.6339285e-07	6.6682753e-07	9.3653705e-07	6.193241e-07	0.31252268	0.0038599826
priorregion5_spot_132	0.039077874	0.11531526	2.2668164e-07	3.915993e-07	0.53041464	0.026370067	0.001466252	2.7051334e-07	0.17311698	5.807454e-07	7.331742e-07	1.7279729e-07	0.086149536	0.028086914
priorregion5_spot_133	4.0547397e-07	0.6283412	3.271605e-06	0.074083835	1.19247525e-05	5.9416045e-08	6.1766514e-08	5.3716676e-08	0.24014162	7.217545e-07	0.050676696	1.7997435e-07	1.7713366e-07	0.006739738
priorregion5_spot_134	0.023177562	0.13726653	1.5679701e-07	8.5638625e-08	0.14716311	7.228687e-08	1.2799094e-07	8.4168875e-08	0.45384794	2.3889495e-06	4.6357033e-07	2.147374e-07	0.22511806	0.013423139
priorregion5_spot_135	0.06063487	0.05686387	0.016797272	5.869193e-05	0.5566558	0.00010041387	1.0544155e-05	0.0030141354	0.046299927	9.097567e-07	4.5713537e-06	3.870242e-07	0.20684831	0.052710194
priorregion5_spot_136	4.7659114e-06	0.07956793	2.1584815e-07	1.163292e-07	6.836002e-06	0.05113922	0.049941268	4.739257e-06	0.50902987	1.240334e-06	4.447133e-06	0.000121998695	0.24669541	0.063481934
priorregion5_spot_137	0.04615534	0.19232525	1.6122324e-07	1.1300731e-07	0.25581223	3.4940243e-07	2.5059467e-07	0.000292115	0.29663533	0.00091550365	8.9266507e-07	2.399096e-07	0.20786163	4.8302536e-07
priorregion5_spot_138	0.021797678	0.03781576	2.3543139e-07	1.3358384e-07	0.26609462	0.014296098	1.7709464e-06	4.6902204e-07	0.19322464	0.027388573	0.28652605	5.4876324e-07	0.14072496	0.012128523
priorregion5_spot_139	0.076961786	0.15997128	1.2180092e-07	4.8940482e-08	0.1599904	6.863469e-08	2.4537462e-07	3.2586388e-07	0.3754561	0.009800588	5.6093404e-07	3.1573322e-07	0.2024366	0.01538156
priorregion5_spot_140	0.085199386	0.08449193	2.270618e-07	1.2918676e-07	0.46653453	0.017523348	2.0691248e-06	0.021553429	0.12252146	0.026580641	1.3732667e-06	3.93216e-05	0.17554656	5.6637577e-06
priorregion5_spot_141	0.010047857	0.20192356	3.6835607e-07	2.1788597e-07	0.11491165	0.0007503947	0.023653781	2.8680852e-06	0.43511024	7.534894e-07	0.0070187147	2.9099985e-07	0.086933196	0.11964611
priorregion5_spot_142	1.097924e-06	0.24317907	0.0072880867	2.2421718e-06	0.28258902	5.4289373e-08	8.900216e-08	1.6307814e-07	0.41091162	4.4225004e-07	1.1205494e-06	3.21874e-07	0.04986022	0.006166469
priorregion5_spot_143	0.027335055	0.08707404	2.3476596e-07	1.2804367e-07	0.44389033	0.029104393	2.0776032e-07	3.2891722e-07	0.33360463	0.013745372	6.084015e-07	0.0028012833	0.053270318	0.00917313
priorregion5_spot_144	0.01627686	0.1615488	1.7216335e-07	2.0204918e-07	0.37359944	1.8272623e-07	1.4209272e-07	2.8075314e-07	0.4317022	3.665701e-07	9.857545e-07	1.2733824e-07	2.9784815e-07	0.01686993
priorregion5_spot_145	0.023027388	0.17271104	1.4449068e-06	0.03713611	0.48975936	1.2927934e-07	1.0463718e-07	1.0674572e-07	0.2447769	1.7154001e-06	1.7523998e-05	4.197715e-07	0.032567084	6.070287e-07
priorregion5_spot_146	0.04371887	0.14569353	5.461965e-07	2.5015171e-07	0.12520562	9.20083e-07	0.0026037325	7.4732935e-07	0.3549287	0.016183738	1.9526733e-06	0.015050868	0.2766319	0.019978624
priorregion5_spot_147	0.005251471	0.07266294	5.197172e-07	6.1814757e-07	0.5474329	0.007748222	0.00074945716	3.5771245e-07	2.8038608e-06	4.6672923e-07	6.169332e-07	4.174644e-07	0.29370207	0.072447136
priorregion5_spot_148	1.7350998e-06	0.315888	0.056819342	0.017220525	1.0153276e-06	7.061745e-08	1.2542839e-07	3.6092902e-07	0.1737172	1.6055352e-06	0.13990988	1.8617334e-07	0.29643983	1.9522534e-07
priorregion5_spot_149	0.023591964	0.07018063	1.9275242e-07	2.421681e-07	0.40882206	0.0018654179	3.6105956e-07	2.8785564e-07	2.2877387e-06	1.5512471e-06	0.10579086	2.8202763e-07	0.37990853	0.009835339
priorregion5_spot_150	0.04107833	0.12643935	1.925757e-07	2.2416839e-07	0.32770547	4.5885847e-07	0.028177708	6.5799736e-07	0.15460163	8.9512105e-06	1.0468168e-06	3.2988462e-06	0.16807067	0.15391195
