,q05_spot_factorsAstrocyte0,q05_spot_factorsEpendymal10,q05_spot_factorsImmune1,q05_spot_factorsImmune8,q05_spot_factorsNeurons4,q05_spot_factorsNeurons5,q05_spot_factorsNeurons7,q05_spot_factorsOligos3,q05_spot_factorsOligos6,q05_spot_factorsVascular11,q05_spot_factorsVascular2,q05_spot_factorsVascular9
priorregion1_spot_1,5.644523444061633e-05,1.0954793515338679e-05,0.003187289135530591,3.6706483797388502e-06,0.16306411251425743,7.665914750099182,0.37791296243667605,0.02301352620124817,0.0003347704638144933,0.489153616130352,0.05079839639365673,5.048465368417965e-06
priorregion1_spot_2,0.0003168193274177611,3.248162520321785e-05,0.00048018815577961506,5.751030039391481e-06,0.09940012656152249,5.65724332332611,0.13875016197562218,5.165249040146592e-05,2.5278725843236316e-05,5.406484490322327e-07,6.250857722989168e-06,2.1842565871565968e-07
priorregion1_spot_3,0.04897330906242132,1.2210111558437347,1.6298822970384209e-06,1.9207663157772003e-07,0.029523820150643587,1.586483430862427,0.11983941197395326,1.9619680884375158e-07,0.00012801200355170295,6.661444899691561e-07,1.855783615667406e-07,2.3271288966952853e-07
priorregion1_spot_4,1.0360224052874402e-06,1.273259123024673e-07,8.346985225671232e-07,4.100456703071132e-08,0.11668610833585262,3.828787887096405,0.011215474549680948,1.4082641897061876e-07,2.0506293594735327e-06,8.663120532048652e-08,1.4304355531180592e-07,6.059545807346468e-08
priorregion1_spot_5,7.979845435102107e-07,4.2856024329296364e-08,1.319391486731547e-06,4.419992798432305e-08,0.020908894669264554,2.118159556388855,0.5512829929590225,2.524596965258752e-07,8.797176178632071e-06,2.434605281820268e-08,3.94536769476872e-08,3.895259812480845e-08
priorregion1_spot_6,3.460871557763312e-05,2.528241466848158e-07,3.099195510003483e-05,1.3147015280878805e-07,0.029067460261285302,5.120819759368897,0.10893114767968655,1.2689732045600978e-06,2.942900403013482e-06,2.6480029475806076e-07,7.223485255281048e-07,1.700894578959833e-07
priorregion1_spot_7,0.00017954025897779503,8.822424524623786e-06,0.0011010107002221048,1.4203847626959032e-06,0.28896490186452867,8.042588710784912,0.5841124147176743,1.8258963609696363e-05,0.0001693343001534231,2.1004670657021055e-06,1.0660492125680322e-05,4.675792797570466e-06
priorregion1_spot_8,1.365170720646347e-06,5.618635185555832e-07,2.939938178769808e-06,1.0175395743772242e-07,0.09484002217650414,3.666319465637207,0.7294103860855102,1.1709134582815751e-06,4.7397451817232655e-05,2.3435601335108913e-07,4.0712071580628617e-07,2.6601232008260925e-07
priorregion1_spot_9,0.00020830738212680445,2.1343228945625013e-05,3.6043668114871255e-05,3.4125645129279294e-06,0.2061238043010235,8.728784227371216,0.5739743411540985,0.001714766910299659,0.004091829550452531,3.7322545608731162e-06,5.421961236606876e-06,4.2062449665536406e-06
priorregion1_spot_10,1.3725704729949938e-05,0.4199711576104164,4.821526704290591e-06,1.351543431837854e-07,0.0490735499188304,4.43819146156311,0.5494677275419235,7.587016398247216e-06,0.00026710787642514333,0.00032333712733816354,2.3210745098367625e-06,2.220078545178694e-06
priorregion1_spot_11,0.004973111813887954,0.43976722210645675,0.0020547117572277786,4.8223212434095335e-05,0.12625125274062157,5.027819895744323,1.0887052118778229,0.002199791627936065,5.8234241259924614e-05,0.0006987499626120553,0.0011759075918234886,4.128537807446264e-06
priorregion1_spot_12,3.365023337664752e-06,1.0882741463547065e-08,3.281704323399026e-07,1.1835834801132706e-08,0.0283902445808053,2.2862038373947144,0.0008163770631654188,5.283912418718728e-08,4.965732983919225e-07,1.0703732407080224e-07,2.3801621651386996e-08,1.0963752750114963e-08
priorregion1_spot_13,8.03211751190247e-06,6.323232196336903e-06,8.349459039891372e-06,2.3583978148167264e-07,0.12773731723427773,5.6962156057357785,0.6064856261014938,0.0012121973559260368,4.758856757689501e-05,7.696866276774017e-07,6.648054986726493e-05,4.670226545044898e-07
priorregion1_spot_14,9.861736543825829e-07,1.248593612501736e-07,5.643135835953216e-07,6.618396675150962e-08,0.030441754311323167,2.337096631526947,0.49876295626163486,3.6003891352720534e-07,1.941318708986728e-06,8.131687927459552e-08,3.1960859558921584e-07,1.9091602876386562e-08
priorregion1_spot_15,6.538613206430456e-06,4.243709486217995e-06,9.205313881466284e-06,7.205857798453509e-07,0.06377662010490893,5.6569471836090095,1.0887134432792664,0.0003052134590689093,9.609499174985103e-05,7.361093281588182e-07,9.964241235138615e-06,3.997811376166283e-07
priorregion1_spot_16,0.04950165618211031,2.904691780258873e-06,0.033308192156255245,3.0191965265657927e-06,0.014121593441814184,3.9490469217300412,0.2570288419723511,4.753770990646445e-05,5.436023729998851e-05,0.29414641112089157,0.03976298663765192,3.00779637427695e-06
priorregion1_spot_17,1.4076109522420668e-07,5.520863428642997e-08,1.8466320170773545e-07,4.974814293845498e-09,0.0004596062732161955,1.9477531015872955,0.1295814648270607,1.5908877131209923e-07,1.32913502284282e-06,1.0872269529116352e-08,1.7613855618492382e-08,2.4881136795329437e-08
priorregion1_spot_18,0.07107325159013271,0.3576440632343292,0.16025321707129478,8.401678911695854e-07,0.028595270588994026,2.636105477809906,0.17808499559760094,1.2819954463338947e-05,0.005935562169179321,0.5061798363924027,2.491122058927431e-05,0.0001960562796739396
priorregion1_spot_19,1.14255756784587e-06,6.305611144341583e-08,6.700580229335174e-07,5.2177355414073646e-08,0.04778729267418385,2.1769949674606326,0.11265335753560067,0.000998072192305699,4.195430346953799e-06,3.145393261405616e-08,2.015576052727397e-08,6.905366767284704e-08
priorregion1_spot_20,2.8467458196246295e-05,2.8921859029651384e-05,0.0487132353708148,8.268678357126193e-05,0.08365771770477295,8.206728458404541,0.6066859096288681,2.111402609443758e-05,4.0336189340450804e-05,6.248751196835655e-06,2.2770746818423506e-05,2.8900503593831673e-06
priorregion1_spot_21,0.0020190718350932,1.841908563449124e-07,5.6798809964675456e-05,1.207691475713091e-07,0.09178697131574154,3.5839909195899966,0.2647745117545128,8.624989231975634e-06,1.6735510507714937e-05,2.1210388041481564e-07,3.824692484499792e-07,2.364129485954436e-07
priorregion1_spot_22,2.1990760075141224e-07,2.3291521156210138e-08,8.625908165527107e-08,1.685890884672858e-08,0.012664994969964026,2.08766998052597,0.01684444770216942,5.468506607542168e-08,6.124012656982815e-07,1.7127335993905035e-08,3.201816909381705e-08,8.954022501228564e-09
priorregion1_spot_23,7.115576499927557e-06,2.446523623689245e-07,6.890538588777418e-06,8.127801542912039e-08,0.10332368463277816,4.5873246669769285,0.09844761118292808,0.00012691278752754442,1.5547449447694816e-05,2.51917413152114e-07,6.965673691183839e-07,4.45586584874036e-07
priorregion1_spot_24,9.295026666222839e-06,1.4527355915561202e-06,0.0659278504550457,1.2370120657578808e-06,0.030810669157654045,5.871608638763428,0.38090591281652453,5.569371769524878e-05,1.3548736797019958e-05,8.134578081353539e-07,2.7480698804538407e-06,6.060237174096985e-05
priorregion1_spot_25,1.434231234043182e-06,4.883049996351474e-07,2.936770533779054e-06,4.911952906638817e-08,0.0014213398506399246,4.624608588218689,0.17566318660974503,4.934353273711168e-06,3.864237260131632e-06,1.1308358800476982e-07,1.485902195952349e-07,4.822097050549701e-08
priorregion1_spot_26,1.7643728824623398e-05,1.0998251127602998e-05,0.0007695557811530307,9.059370904651587e-06,0.13095749989151953,7.5925651550292965,1.0494913458824158,0.0007041091041173785,0.0004483131255256012,0.3570978567004204,0.019475311785936356,1.9569488904380707e-05
priorregion1_spot_27,9.392679021402728e-06,2.6236833292614394e-07,2.0299902826081964e-05,0.00024900542339310053,0.065146579220891,3.142075443267822,0.36014566421508787,6.882579640432596e-07,7.944092021716643e-06,8.003018479030288e-07,7.151221126378007e-07,7.851825749582987e-08
priorregion1_spot_28,6.852121623523999e-06,7.066243711051358e-07,4.293421443435363e-06,1.1201023042417549e-07,0.05190381072461605,4.805392861366272,0.16180430650711058,2.3146018520492362e-05,8.98215530469315e-06,2.2461004363094618e-07,6.1079392139618e-07,4.180369217010593e-07
priorregion1_spot_29,1.3686814270386097e-06,1.9152524828314198e-07,1.7914170712174383e-06,5.811181722492621e-08,0.030840265844017268,2.741579055786133,0.5320078015327453,2.1461570938186013e-07,3.6183295605951573e-06,9.736842514485033e-08,8.362221635138668e-08,2.5390447344619816e-08
priorregion1_spot_30,2.3826864526199644e-05,5.343431865867387e-07,4.954391738465346e-06,2.667102023679036e-07,0.014293284248560668,4.565237379074097,0.24615607485175134,4.901478348529054e-07,3.400520267859975e-06,2.853875670894013e-07,2.7786825285147643e-07,3.1412869958558084e-07
priorregion1_spot_31,4.157824696449097e-06,1.1248397015606318e-06,0.0015906237298622726,5.147359559032338e-07,0.14930676892399788,5.849269700050353,0.2956663519144058,0.0001721314481983427,1.7262008350371615e-05,5.944891654507956e-07,1.0886277607369267e-06,5.8864910442935075e-06
priorregion1_spot_32,6.1545571952592575e-06,2.7590654525511124e-07,7.600839211363564e-07,3.743319751947638e-08,0.001409592415438965,3.3365900039672853,0.12801902070641516,3.683401373564266e-05,1.0303136241418542e-05,1.50070326299101e-07,5.940780056334917e-07,5.6553271576831324e-08
priorregion1_spot_33,0.09710832685232162,1.7459421515464784,4.164222491453984e-06,2.137600567664322e-07,0.010732995299622418,3.02961882352829,0.2587141811847687,0.0009786952170543373,0.00016021190240280705,0.6640510529279708,0.004618124011904001,1.5216550821151032e-06
priorregion1_spot_34,1.6821968642943831e-06,1.4151494021064082e-08,2.1026933723078402e-07,7.112825883837105e-09,5.044411796006899e-06,1.1161525905132295,0.0013798032829072326,4.845657008978322e-09,6.30756224495599e-07,1.7112929384666133e-08,1.896154540048656e-08,4.6381913954007815e-08
priorregion1_spot_35,2.3625366520718674e-05,0.4417981818318367,0.00010160637430089993,3.49193655893032e-06,0.03280368912965059,6.280752038955689,1.12150799036026,3.550774999894202e-05,3.0495304145006233e-05,0.0014868373167701066,4.390174253785517e-05,3.693002838645043e-06
priorregion1_spot_36,1.6100165964871849e-06,2.5490398591898613e-08,6.105597378791573e-07,7.740970442426942e-09,0.01293096407316625,1.6682315230369567,0.004860122036188841,1.7622656489635347e-08,1.0799893175317268e-06,1.3111159802292606e-08,9.316388061009206e-09,2.3578840124827137e-08
priorregion1_spot_37,5.110480117309635e-07,1.1544362230608842e-07,6.69889964228787e-06,4.2311955716911604e-08,0.03387140892446041,3.950606095790863,0.05305518601089716,3.207126901543233e-05,6.424216599043576e-06,1.388244314171061e-07,1.3779878642594668e-07,4.413462004748681e-08
priorregion1_spot_38,0.00202893097884953,1.4272970139980314,0.0004468167506274768,1.1980532372035669e-05,0.15670181214809417,6.949658203125,0.6611777603626252,0.0013921893609222026,0.00991927022114396,0.5472908705472946,0.0007508244074415415,9.417050432602992e-06
priorregion1_spot_39,0.0015718010952696204,1.064701990571848e-06,6.855960714347021e-06,4.009784689174013e-07,0.12850921973586082,5.862948942184448,0.057011297158896926,0.003929045412223786,6.153140857350081e-05,5.11406605596676e-07,5.91224363688525e-07,2.6691022156910556e-07
priorregion1_spot_40,0.017485940922051666,0.381459254026413,3.423777698685626e-07,4.641049873299608e-08,0.01114430376328528,1.665439647436142,0.19554519206285478,3.179386676492868e-05,1.3390312551564422e-05,7.436717410769235e-08,0.00025595100887585435,1.2815292620871332e-06
priorregion1_spot_41,0.018037354201078416,1.3950492560863494,2.0411899458849803e-05,2.6081914711539863e-06,0.10905443541705609,5.158248281478882,0.028345936071127655,0.0007383291434962303,2.180991414206801e-05,1.3295587177708513e-05,0.00024193777499021963,1.222795617650263e-06
priorregion1_spot_42,9.91472720670572e-06,1.0293456227827846e-06,1.986069073609542e-05,1.7300998678138058e-07,0.10389370918273926,3.453092658519745,0.44156624376773834,0.0015516481362283232,0.00011578157282201574,0.4669200539588928,0.0345817344263196,1.301452056168273e-06
priorregion1_spot_43,1.6877404334536554e-06,1.0808978103682421e-07,3.6666485385694615e-07,1.9418157659600867e-08,0.012813327880576254,1.6983136594295503,0.5986602872610092,6.667734851362184e-07,3.3957181926780324e-06,2.3916506730614628e-08,3.113182662772829e-08,4.2243325459878636e-08
priorregion1_spot_44,7.495619843211899e-06,1.959800374606857e-06,0.00038488510617753493,2.717952725106443e-06,0.305534490942955,6.131511902809144,0.2774207800626755,8.867609767548855e-06,0.00013752795930486173,2.4076198997136095e-06,6.4617966472724235e-06,1.918194357131142e-06
priorregion1_spot_45,0.0003492367453873158,0.30001790076494217,3.291704178991495e-05,6.183840628182224e-06,0.0712576039135456,4.753516221046447,1.4841041982173921,3.655296477518277e-05,0.01599238971248269,0.816289746761322,0.48748849183321,5.925544755882584e-05
priorregion1_spot_46,0.00030350404704222457,3.613373010011856e-05,0.0009158011118415744,5.8207343045069144e-06,0.1578830361366272,7.821125221252441,0.7165113180875778,0.0006907066213898361,0.02072723163291812,1.2995167434215547,0.2874596059322357,0.05993948951363564
priorregion1_spot_47,5.289571272442117e-05,1.4675756483484294e-05,0.00026494332269066945,4.684854707193154e-06,0.21012371480464934,9.525607347488403,0.8845572888851165,0.0010406298039015384,0.00033923531445907435,5.583612710324814e-06,2.2301870285446056e-05,2.775369512164616e-06
priorregion1_spot_48,1.1023476781701902e-05,5.07469728745491e-06,6.613088080484886e-05,1.7418140885183675e-07,0.14835515096783639,7.298597955703735,0.2666932612657547,7.577140513603809e-06,2.0635313467209927e-05,1.8107476023487834e-06,4.534191316452052e-06,8.753165758434989e-07
priorregion1_spot_49,4.6438056187980695e-06,2.6871414888773874e-07,2.2683309339299742e-06,8.81397685503771e-08,0.06681041680276394,2.85573171377182,0.3407703012228012,6.82511567902111e-06,3.0557120498997396e-05,7.451247121537107e-08,2.428084272310116e-07,9.162326279010815e-07
priorregion1_spot_50,6.831997893641529e-06,8.764758803181394e-07,1.3597203951576375e-05,9.485574793188792e-07,0.1075715258717537,4.734159803390503,0.43985330015420915,0.00019719845076906497,6.963769847061485e-05,2.9514120285512037e-07,8.596925312076565e-07,4.2260231793989076e-07
priorregion1_spot_51,3.6853224827382297e-07,2.5650956114731117e-08,6.715896773812347e-07,7.140634861180218e-09,0.014201067900285125,2.1691857814788817,0.040788738057017326,2.0731201857415726e-06,1.1294090711544418e-06,2.2733219395831843e-08,9.726874452553603e-08,2.1398332528121956e-08
priorregion1_spot_52,6.817837784183212e-05,8.511635860486421e-06,0.00012009262609353754,3.228054754345067e-06,0.0846954185515642,4.339047288894654,0.2127722568809986,0.006335347495041788,6.525865246658214e-05,1.3826258063316346,0.21890027076005936,3.4576541906972127e-06
priorregion1_spot_53,2.4519485032215018e-05,8.803044420346852e-06,0.00401319689117372,1.580437748316399e-06,0.22788491994142532,6.860316157341003,0.8234669327735901,0.0032755243824794888,0.0009372843836899847,0.5071386903524399,0.00023484976118197666,4.635230948224489e-06
priorregion1_spot_54,0.0001585074467584491,1.714619611448143e-05,5.715123825211777e-06,3.9971605190203265e-07,0.060160106793046,2.3375884056091305,0.024157467577606437,3.4579981274873716e-06,0.006910310522653162,1.941000831127167,0.08020798712968825,2.2807115897194313e-06
priorregion1_spot_55,1.1155022684761205e-05,4.874975115853886e-06,0.047499217465519904,5.020856133342022e-06,0.1558347053825855,6.647159457206726,0.649243289232254,8.6793212176417e-05,4.48928052719566e-05,4.0469489022143534e-06,4.444681803761341e-06,1.1749020814022515e-06
priorregion1_spot_56,1.6737326973270683e-06,1.6730788487961945e-07,0.000851578451693058,2.5936209624433104e-07,0.062135244905948635,3.838824129104614,0.10743547976016998,4.558026347467603e-07,2.946116057955806e-06,1.2010924628214072e-07,3.1210682749360785e-07,6.140358443929017e-08
priorregion1_spot_57,0.046240331977605825,5.96227419009665e-06,5.3384673992695757e-05,7.662020180987384e-07,0.1554153710603714,6.190128064155578,0.6469322800636291,8.397701276408043e-05,0.0002521665155654773,1.1202974519619603e-06,4.5599376107929855e-06,2.1131035737198546e-06
priorregion1_spot_58,0.1567155234515667,0.6523914039134979,8.50220881147834e-06,9.966911079573037e-07,0.0187539953738451,1.5270485877990723,0.4305337533354759,0.00038666825712425635,0.0003306447295472026,6.120510420259962e-07,0.00011209564036107622,3.547270716808271e-06
priorregion1_spot_59,6.1615294043804175e-06,7.033081281804243e-08,1.1367541674189854e-06,3.473153746824665e-08,0.02255495395511389,3.181123638153076,0.028509955201297996,1.3796434998880614e-07,8.053719909639767e-07,2.6379563777823028e-08,5.932441276002009e-08,3.969608446396933e-08
priorregion1_spot_60,0.00032095899077830834,1.8926444136013745e-05,0.00021560892128036357,3.3620530075495485e-06,0.1465826764702797,6.567457294464111,0.8087230205535889,4.091831488040043e-05,0.005174737004563212,0.921667855978012,0.32252583950757985,0.004065686650574207
priorregion1_spot_61,0.1385478213429451,1.4438988506793975,6.828171899542214e-05,5.052997994425824e-06,0.02491979794576764,5.330704236030579,0.4465403959155083,0.0013930756598711015,0.0005760530591942371,0.5541050165891647,0.369969242811203,0.0002028696471825242
priorregion1_spot_62,2.4703593112462846e-06,8.980416424719806e-07,1.3752904669672716e-05,1.8082145487596792e-07,0.05545184221118689,6.463314723968506,0.1655149444937706,2.0461882400013566e-06,8.701047045178712e-06,2.304566135080677e-06,1.6947950314261109e-06,1.668347096028811e-07
priorregion1_spot_63,4.780995413966593e-06,2.4514972807310187e-07,0.00010071819015138317,7.535269368474928e-08,0.03138645216822624,4.385287356376648,0.4605362355709076,0.001050157391000539,1.2484695480452503e-05,2.146739582542523e-07,8.74740450740319e-07,1.7567911569926764e-07
priorregion1_spot_64,0.0005401319358497858,5.085289421913331e-06,0.0036017423728480938,1.400923753180905e-06,0.022649472579360008,4.717965126037598,0.22151703611016274,2.1473518017955943e-06,5.457442125589296e-06,1.344560450888821e-06,1.5891695568370778e-06,1.4412116797757337e-07
priorregion1_spot_65,0.003803963633254171,5.926043513682089e-06,2.8209150787006366e-05,9.096212494341672e-07,0.08520345538854598,4.605145120620727,0.3896325021982193,0.0008104015345452354,0.001407923665829003,0.5732111752033234,0.03731505945324898,0.001323678664630279
priorregion1_spot_66,2.0915984691782795e-06,8.807905885532821e-07,8.238996133513866e-06,1.4559957932647195e-07,0.031788802891969684,5.491219186782837,0.20882491171360015,2.4194961224566216e-05,1.2240641399330345e-05,3.9736068657703077e-07,2.336231580102322e-06,1.5071102552610684e-07
priorregion1_spot_67,1.6234174745477505e-05,3.002832769993802e-07,4.5114741311635956e-07,1.0123100224745941e-08,0.02343516144901514,2.519506335258484,0.025221615470945834,0.003012932778801769,2.7893618380403495e-06,3.4017245198469946e-08,6.655857589521476e-08,9.107835410304688e-08
priorregion1_spot_68,0.10495620928704738,1.1323907792568206,1.738400987960631e-05,0.0024437184678390623,0.020357392635196446,1.8926568925380707,0.445321749150753,0.01282692039385438,0.002731336606666446,4.518864238889364e-06,5.489290060722851e-06,0.0006708093947963789
priorregion1_spot_69,0.0654999479651451,1.57032430768013,0.00014769194312975743,3.52106586433365e-05,0.19090150222182273,6.544950532913208,0.4116259261965751,0.0025137451011687517,0.00018209272893727758,0.00011523982429935132,0.0015589668881148102,4.478046798794822e-06
priorregion1_spot_70,1.3088468278965594e-06,2.7834580151875346e-08,9.789552393613123e-07,4.364261307898687e-08,0.0009446428157389164,1.490586882829666,0.4969088286161423,5.057114009332508e-07,2.0390311192386433e-06,5.3132390753773965e-08,5.687637152362868e-08,9.131061506906239e-09
priorregion1_spot_71,0.035180321708321576,5.92253712738966e-07,2.8832048087679144e-06,8.860856013370724e-08,0.11820918060839176,4.7158954620361335,0.1252550423145294,4.040354542667047e-06,2.7031214813177943e-05,2.627305349278686e-07,7.214319083459487e-07,2.0022914029027561e-07
priorregion1_spot_72,0.0006665802386123686,0.0001555842623929493,0.00024685253156349064,5.5895270998007617e-05,0.21370179429650307,7.984365749359131,0.4391575574874878,0.0002899348575738259,7.576220377814025e-05,2.3210719973576487e-06,9.090480034501526e-06,2.1595706243715546e-06
priorregion1_spot_73,2.9184577033447565e-05,4.169379781160388e-06,1.065508490682987e-05,6.899711763708183e-07,0.0729752242565155,5.563691973686218,0.5138157069683075,0.00019315551035106182,0.00024744707043282687,0.31099528968334195,0.03397367652505636,2.2377787445293507e-06
priorregion1_spot_74,1.6470722130179638e-05,8.662375739731944e-06,7.148510849219747e-05,2.590387759937585e-06,0.10553394183516501,7.416432642936706,0.7353771030902863,7.752356323180719e-05,2.254921037092572e-05,1.5737152011752188e-06,1.9291718672320712e-05,9.086127477075934e-07
priorregion1_spot_75,1.6205057181650773e-05,6.948338949541722e-07,1.608830507393577e-05,4.945053348137663e-07,0.012260560365393759,4.960105276107789,0.37995700538158417,6.099162021655502e-07,4.340016494097654e-06,5.879078543102878e-07,1.063619248498071e-06,1.9201113161670945e-07
priorregion1_spot_76,6.792850194869971e-06,4.3672795527527345e-06,4.400402049213881e-05,4.42150903268157e-07,0.1702034339308739,8.580155944824218,0.1871527336537838,7.5289952519597155e-06,1.111806818698824e-05,1.6618004224255857e-06,2.9573584015452076e-06,6.046747614618653e-07
priorregion1_spot_77,4.237447174091358e-05,0.0001485117565607652,0.1334134727716446,8.603263358963886e-06,0.10361841954290867,7.2535426139831545,0.926560378074646,1.4358577936945949e-05,2.7807249352918006e-05,2.1964595589452076e-06,6.927722679392901e-05,1.3126244482464246e-06
priorregion1_spot_78,4.028580133308425e-06,6.3527926252859865e-09,2.82353930458612e-07,5.8718901296828114e-09,1.6081185822258704e-05,1.2570933461189269,0.0062624590937048205,9.457862049089275e-09,2.655731748291146e-07,3.429450767811204e-08,7.376995192487358e-09,1.876725841398752e-08
priorregion1_spot_79,7.14611931584841e-07,7.800449930428499e-09,4.063858796143905e-06,2.889385299909009e-08,0.021045692823827265,0.5752544194459914,0.08350269943475723,1.6495129955274024e-06,0.00155804714304395,2.349241627896959e-08,3.788589459929882e-08,1.9602908274407584e-08
priorregion1_spot_80,2.4184058275977807e-07,3.877865335510933e-08,1.3824742381984833e-07,7.16283206081414e-09,9.992437153414358e-05,1.6737930357456208,0.20479785054922103,4.9458426865101055e-08,9.817382789378827e-07,1.2898768719793452e-08,3.070889285083923e-08,1.0954557483344729e-08
priorregion1_spot_81,8.04538508418773e-06,7.462875510100276e-06,0.0005766214395407588,1.0585406971586054e-05,0.19861088544130326,5.343876314163208,0.9320516943931579,0.00012289596743357835,3.61018761395826e-05,0.40232107192277905,0.011968830693513156,0.0012180832563899457
priorregion1_spot_82,4.869989857070323e-06,1.0764957991682422e-07,1.5020102352991673e-06,2.854159397713829e-08,0.0006867692194646225,3.7991280913352967,0.07858378216624261,0.0002665809282916598,2.987124275932729e-06,5.670111651312482e-08,2.8120047232960135e-07,3.7648587891681026e-08
priorregion1_spot_83,0.012004243582487105,0.4128722921013832,0.0017505185795016586,7.828343836990826e-06,0.0779138371348381,6.501646280288696,0.22330474480986595,0.01044471710920334,0.00011113915315945634,1.8918823627700476e-06,0.003908934514038264,2.7657969098981996e-06
priorregion1_spot_84,0.0002298994346347172,1.6333796520484614e-05,0.07745590321719648,1.0232454656033952e-06,0.09273826591670513,5.7137841463089,0.19651301354169845,9.429917372472118e-06,1.4778362901779475e-05,1.6579093608015682e-05,3.573491449060384e-05,4.492292049462776e-07
priorregion1_spot_85,1.5054221330501605e-05,1.9637694663288133e-06,1.6479139139846667e-05,7.17353725576686e-07,0.11282167062163352,6.7657122135162355,0.15741470977663993,1.4177573802953704e-05,1.7311952615273188e-05,0.5998076409101486,7.063794255373067e-05,0.0003644568947493099
priorregion1_spot_86,7.84566527727293e-05,6.938915316823114e-06,3.59067971658078e-05,8.358702331179302e-07,0.12020743377506733,7.5283205032348635,1.155967080593109,1.529233204564662e-05,6.725105995428749e-05,4.396502799863811e-06,3.9022307419145365e-06,1.7864107405785035e-06
priorregion1_spot_87,3.02791438116401e-05,1.4087273075347185e-05,0.005380537174642086,3.640566137619317e-06,0.10467223040759564,6.464453792572021,0.7217698395252228,0.0005197156162466854,0.02146355472505093,0.5331120043992996,0.00468203779309988,6.954560776648578e-05
priorregion1_spot_88,9.406224222630044e-07,1.2585688082822347e-07,1.3664576272276466e-06,4.05779521983618e-08,0.00035872003354597837,3.394933080673218,0.3614488750696182,1.0698997868985317e-06,1.3266850089621585e-06,9.728031677980197e-08,1.6957720632149177e-07,3.838158164626293e-08
priorregion1_spot_89,7.054472689560499e-07,1.2140553948825072e-07,5.684474842837517e-07,4.10611465895272e-07,0.016742007806897163,1.8628025949001312,0.06157389804720879,2.2641951659352345e-06,4.712075292445661e-06,2.9230040876626618e-08,1.3185106553237347e-07,6.780307870712933e-08
priorregion1_spot_90,7.4737973136507214e-06,1.4203157320480387e-06,9.41725552365824e-06,3.8472471004524776e-07,0.10750942714512347,5.962541556358337,0.20152235627174378,2.392859332758235e-05,1.3729366492043482e-05,2.83064078132611e-07,2.4181428102565407e-06,4.459133350565026e-07
priorregion1_spot_91,0.07586275786161423,4.140423641274538e-07,1.3370816986935099e-06,5.842663490795986e-08,0.022232184279710056,2.227605557441711,0.42241424024105073,0.0009544005908537655,1.3510072631106597e-05,1.245719005282808e-07,7.348482455427075e-07,5.059523374484343e-07
priorregion1_spot_92,7.777941391395871e-07,3.204612738727519e-07,1.5604371697008901e-07,1.7033072907679524e-08,0.000643782882252708,2.464218151569366,0.04884624313563108,1.65493852932741e-06,6.20257029027016e-07,2.5487040833382937e-08,8.91582907058819e-08,3.882858603532213e-08
priorregion1_spot_93,0.04403217323124409,7.586213405375021e-06,1.9230177440476836e-05,7.153153575245596e-07,0.12238241471350192,4.628046202659608,0.45508881062269213,0.00354774227598682,0.00035705877671716736,0.5218799889087677,0.010174197982996703,0.00018892246880568566
priorregion1_spot_94,0.03800950273871422,2.53283335496235e-06,8.956939700510705e-06,2.165551478583439e-07,0.10799705237150192,4.237577319145203,0.2859234377741814,0.00477215216960758,0.0008253684238297865,1.3297304008119682e-06,1.0936690728158283e-06,1.2117481264795061e-05
priorregion1_spot_95,0.02617104649543762,0.6925857812166214,1.309494195993466e-05,2.21857930000624e-06,0.036161952279508115,3.7883509516716005,0.7478983670473098,1.704553860690794e-05,7.423965835187119e-05,2.00150747104999e-06,1.60428883646091e-05,2.0866211457359895e-06
priorregion1_spot_96,2.5373372500325787e-05,4.398363362270175e-05,0.0614361122250557,4.88223597585602e-06,0.11191617511212826,6.373283052444458,1.1874509155750275,0.0009362293116282673,0.0002792760322336108,0.5497935116291046,0.0020314732799306514,0.00017035781711456367
priorregion1_spot_97,0.04893674571067094,1.1359542952504853e-06,0.0006214800174348055,1.0350769980504993e-05,0.11622279174625874,5.721073913574219,0.832841882109642,4.8941584827844055e-05,1.706556522549363e-05,9.856124449925119e-07,1.3002265177419758e-05,6.709950355343608e-07
priorregion1_spot_98,0.0784900113940239,5.636108909357064e-07,3.640451666342415e-06,1.130200217858146e-07,0.1055777508765459,3.33771059513092,0.8958581775426865,6.672161521237285e-06,9.047750199897565e-06,2.710684370299532e-07,2.7838695814352837e-06,2.948143404069015e-07
priorregion1_spot_99,3.992003239545739e-05,1.923500667544431e-06,0.0014677475672215225,7.057202708438126e-07,0.012584364879876376,2.2453552007675173,0.168792961537838,1.679770948612713e-05,5.666386050506844e-06,4.4105667740268475e-08,9.809969334639846e-08,3.1118528731610696e-08
priorregion1_spot_100,2.5157987602142383e-05,1.46565078466665e-05,0.04165944848209619,6.9427197786353645e-06,0.05544690079987049,6.695068717002869,0.5670833706855773,0.0001025949688482797,1.6961924211500447e-05,9.628959645624492e-07,7.678040537939523e-06,1.2154993214608114e-06
priorregion1_spot_101,8.264464759122347e-06,9.692316382370337e-07,0.05212422739714384,2.1849397512596625e-06,0.10491750463843345,4.53224024772644,0.18375327587127685,4.56541858966375e-06,2.5676610039226948e-05,5.151556791815893e-07,2.62854022139436e-06,1.324139532243862e-06
priorregion1_spot_102,0.00010884163530135994,0.29463875889778135,5.154266491445014e-05,1.6632813412797987e-06,0.12803697139024733,6.235103273391723,0.10727583058178425,0.0021188980899751186,5.003870082873618e-05,0.0011556056619156153,0.000259742206253577,4.0884768395699205e-06
priorregion1_spot_103,0.1559488296508789,2.1298008203506473,0.04926371481269598,6.223571085683944e-06,0.03220069818198681,5.376295375823974,0.25552354753017426,0.012175460159778596,0.001155453285900876,2.0468153953552246,0.09493278302252292,2.8985498647671194e-05
priorregion1_spot_104,1.1702164556481875e-05,1.2363606629151038e-05,8.750002143642635e-06,4.907858397018572e-07,0.03289110530167818,3.608110916614532,0.437071704864502,8.362854132428765e-05,0.04438573978841305,0.5845381289720535,0.3887478277087212,0.02403094582259655
priorregion1_spot_105,8.06760587579447e-07,2.39228648979406e-07,1.8378091851900543e-06,1.4311618956597273e-08,0.01181152337230742,3.5835471391677856,0.1377819612622261,2.680996786352807e-07,1.8575406784293593e-06,8.843029526417468e-08,1.858952259681246e-07,5.832092533353261e-08
priorregion1_spot_106,1.875336629382218e-05,2.9277061457833044e-06,5.3677268806495706e-05,5.806206672787085e-07,0.08053564615547656,5.798558902740479,1.2160615563392638,0.00270688496530056,3.9312609078479004e-05,1.489967462475761e-06,4.368329200588051e-06,1.6036300166888395e-05
priorregion1_spot_107,9.194264833922717e-07,1.4540707198307247e-07,9.872486714357365e-07,1.0207753220470295e-08,0.021109008882194757,3.391537082195282,0.03076566942036152,2.221192489741952e-05,4.746358536067419e-06,4.097751720166798e-08,1.8312357994432207e-07,4.373546662606032e-08
priorregion1_spot_108,5.6465450143150526e-05,0.00010084170244226698,9.531775358482263e-05,2.472081337145937e-06,0.22402312681078912,6.8550784349441525,0.2813833922147751,0.0038076143944635993,0.0007929945568321273,1.9509732723236084,0.07772674448788167,5.284651456349821e-06
priorregion1_spot_109,8.395335407840323e-06,7.161134547573057e-08,3.659103509079387e-08,8.294951356901948e-08,0.00013475034138537014,2.0368937134742735,0.00186247177189216,2.511106984570688e-08,7.081945909703792e-07,3.158860284457887e-08,3.2826225115911715e-08,2.577230393541186e-08
priorregion1_spot_110,0.00450801111292094,7.406549889310554e-06,0.03946362137794495,3.701868081407156e-06,0.1578335754573345,5.866861486434937,0.25210512429475784,0.008134620497003198,0.00018416287857689895,8.039303054374614e-07,2.189660415297112e-06,1.6857776643064429e-06
priorregion1_spot_111,0.004983900114893913,1.442766028958431e-06,0.0014938451698981226,1.5898096762612114e-06,0.012179708713665605,3.8999554395675657,0.5926691085100174,0.00013434217980830003,1.1802143626482576e-05,4.847573904953606e-07,4.0636752913769673e-07,1.485514285377576e-05
priorregion1_spot_112,0.002294436458032578,5.800619192086742e-06,0.00011140074457216542,1.6382242279178175e-06,0.16099560260772705,7.692465662956238,0.6618510514497757,0.005944204074330628,0.00018237278491142205,6.138350818218897e-06,3.7620148395944854e-05,2.085028086185048e-06
priorregion1_spot_113,2.5638076112954878e-05,8.49008902150672e-06,1.3976717127661686e-05,3.585133157457677e-07,0.06940077506005764,5.569379782676696,0.11528617329895496,0.005368643603287637,2.7505214802658884e-05,0.31738225668668746,0.0413552550598979,1.033479412626548e-06
priorregion1_spot_114,0.0032052798196673393,1.7427491172838929e-06,1.5116683289306823e-05,6.073029965136812e-07,0.25208926647901536,6.541903853416443,0.29440356642007826,0.0034467866411432625,3.9963636663742366e-05,8.195429074930872e-07,2.7471238354337407e-06,6.964753737292994e-07
priorregion1_spot_115,0.022488988004624844,1.9962859153747559,6.439319759010687e-06,5.096766273027245e-07,0.06676389425992967,2.0280394911766053,0.2071413218975067,2.6387690195406324e-05,1.420204221176391e-05,6.39960705939302e-07,1.0356184293414118e-05,3.017682601580418e-07
priorregion1_spot_116,1.6339585954483483e-06,1.5595866571516128e-07,6.633659068029374e-05,2.525941170006263e-07,0.016206637118011714,3.516781449317932,0.34455375075340267,7.942678053041164e-07,9.684139513410628e-06,3.488317901201299e-07,2.111449198594073e-07,1.5442727274717074e-07
priorregion1_spot_117,0.0579080831259489,0.3793314069509506,0.18827432841062547,2.1225184923423514e-06,0.05268339272588492,2.902726709842682,0.9571508288383483,1.3425383986032103e-05,0.00064106228237506,3.4864928807110117e-06,9.124162602347498e-07,4.056875468450016e-06
priorregion1_spot_118,1.1481063211249425e-06,4.2717462633845574e-08,2.826180684678548e-06,3.885971899819652e-08,0.046405913680791853,2.1359270453453068,0.2268814265727997,0.0001998728759645019,1.311266637458175e-05,1.2075384745457995e-07,2.8394070028525675e-07,1.468236419555069e-07
priorregion1_spot_119,1.3475223113346148e-06,2.207152462574413e-07,3.0173883942552493e-06,4.02506378804901e-07,0.07718604616820812,3.3155825614929197,0.27224422097206114,1.4484596590591537e-06,5.578337777478737e-06,1.4468761904140596e-07,3.7756627619955906e-07,5.8183438156333985e-08
priorregion1_spot_120,0.0005107771081384272,5.183584962651367e-05,4.877499450230971e-05,1.4275407352215554e-06,0.1392798878252506,7.2838445663452145,0.36327160596847535,0.00823686746880412,0.0007248405832797289,0.5198456376791001,0.03282693959772587,3.285062302893493e-05
priorregion1_spot_121,0.001597727369517088,1.3949185222372763e-05,1.8019955041381765e-05,7.754869443488132e-07,0.3051262989640236,6.035380268096923,0.1927514225244522,0.000581501325359568,0.00038399046607082713,0.5589100629091263,0.037428782694041735,1.812973769119708e-05
priorregion1_spot_122,0.03982541002333165,3.681159603274864e-06,1.1739706815205864e-05,2.7948787248988085e-07,0.08540578708052635,4.37608642578125,0.787808644771576,0.003978727525100112,0.00012331118268775755,7.028954883026018e-07,1.8070792577873362e-06,1.071002316166414e-06
priorregion1_spot_123,2.2518866060750042e-07,2.5196007236161225e-08,2.716419700732331e-07,4.1818803886428673e-08,0.011512375343590973,1.3927953839302063,0.5143562197685242,6.26200986175718e-08,1.7372903926116124e-06,9.823721791590855e-09,6.195877446657506e-08,1.746263489366129e-08
priorregion1_spot_124,2.8072644454368856e-05,4.6706305170118875e-07,3.1393923222822194e-06,2.7399066340194625e-07,0.10349072068929671,4.138819670677186,0.48243617713451387,1.2747336450047444e-05,0.0006521462026285008,1.663401434370826e-07,6.148310802700508e-07,4.665165619144318e-07
priorregion1_spot_125,5.0184098654426634e-05,0.4276789277791977,1.5087146084624693e-05,1.0838604339369341e-06,0.22718998938798904,7.162001419067383,0.3437429204583168,0.0005324528174242005,0.0001322086638538167,0.00020628000493161383,5.8391441370986286e-06,2.6888249408330012e-06
priorregion1_spot_126,0.015484309988096356,9.466258177326381e-07,3.7049347884021703e-05,0.00015143164418986998,0.15489872246980665,4.269568014144897,0.22248297855257987,0.00492320405319333,0.0026573114562779662,3.2442454198644557e-07,9.149804753860735e-07,3.4705331586337707e-07
priorregion1_spot_127,5.653676053043455e-05,1.1667204411480726e-07,4.055187787344039e-07,7.635880683309892e-09,2.494697091606213e-05,1.003420287370682,0.03514629919081926,7.939621127661667e-07,6.0859776112920375e-06,0.20148905813694,0.024982428923249245,7.371848660397974e-08
priorregion1_spot_128,3.4451009298663856e-07,5.601399060140013e-08,1.8363422711331624e-07,8.567155118655024e-09,8.102272513497156e-05,1.9489582240581511,0.2388412944972515,1.8251339373165366e-08,3.6817375814734987e-07,3.788166846874219e-08,1.036340695037552e-07,8.086216762848154e-09
priorregion1_spot_129,1.4942285133656696e-06,5.560202467336239e-08,0.0635215662419796,1.5378980648961264e-07,0.00210326419910416,1.8025218486785888,0.0762348260730505,7.446637795283097e-08,6.412706937908297e-07,1.9358992187079593e-08,2.913359395506632e-07,1.300783987190357e-08
priorregion1_spot_130,7.658613384364799e-07,1.1476170129753883e-07,2.9651812383235665e-06,8.265005035923424e-08,0.006825327943079174,1.849405199289322,0.40215037167072293,5.31212421606142e-07,1.8169907320952916e-06,6.14588945069272e-08,9.45318912926041e-08,4.874170453916805e-08
priorregion1_spot_131,8.961568573795377e-06,1.2954784097019e-06,1.1878571558554541e-05,3.659389648191791e-07,0.09414047673344612,7.318459463119506,0.09757400527596474,1.4658549298474102e-05,1.3167808083380805e-05,3.932251024707512e-06,2.042537516899756e-06,3.4749702848557723e-07
priorregion1_spot_132,1.596949123268132e-05,1.4371711245075858e-06,3.6952104323972893e-06,8.529359298847795e-08,0.09526791423559189,4.009111118316651,0.46496881544589996,6.592746331079982e-07,1.1506032387842425e-05,1.3960719726924254e-07,2.8062467407607986e-07,2.891771799795606e-07
priorregion1_spot_133,0.000143640763417352,2.905307189848827e-06,1.3247193101051381e-05,7.773576641056934e-07,0.12671628668904306,5.404869437217712,0.6414333432912827,0.012394793843850492,5.799031823698897e-05,8.406471039279495e-07,3.071622427341936e-06,1.0934953877494993e-06
priorregion1_spot_134,8.537969142707881e-06,1.0014224073984224e-06,5.17891239724122e-06,2.0672895217899168e-07,0.19762822911143302,5.134014320373535,0.2996384739875793,1.7940773773261753e-06,1.2622796293726424e-05,4.942678970110137e-07,5.298457267599588e-06,1.2180837245523435e-06
priorregion1_spot_135,1.3579017448250853e-07,1.204260651199718e-08,7.167081363945728e-08,9.001473300074282e-09,9.441776228413802e-06,1.2623948097229003,0.020840596966445447,2.3299077689387103e-08,4.0195211994387145e-07,5.595314056527912e-09,3.1741860917478007e-09,1.252958581332564e-09
priorregion1_spot_136,9.301344107370824e-07,1.26625668883662e-07,0.06660246849060059,5.108652032959073e-07,0.020925761386752128,3.2476998567581177,0.04700721446424723,6.579443237342275e-07,1.1823698855550901e-06,1.0659357201348031e-07,3.0431651651952054e-07,3.50523787773227e-08
priorregion1_spot_137,0.001584661559900269,3.4387370078547976e-06,5.978741432954849e-06,4.383838245303196e-07,0.13205642327666284,3.9997358679771424,0.5932510316371917,0.0008383545588003472,0.01593442652374506,0.7234707951545715,0.016869388893246653,1.4872557699163737e-06
priorregion1_spot_138,0.06447507888078689,0.443500192463398,3.915635843441123e-05,1.921534203574993e-06,0.1589221090078354,6.20677764415741,0.7820235818624497,0.008234029402956367,0.00018632353094290012,0.6307247906923295,0.01143518160097301,6.2557679484598335e-06
priorregion1_spot_139,3.8035671082070623e-06,1.8987859505159576e-06,1.1203383701285931e-05,1.724784056023054e-07,0.00043504588393261656,2.452097737789154,0.15565612018108368,8.993848183536103e-07,1.501493306932389e-05,0.3263739347457886,2.63930515757238e-05,9.676353407428452e-08
priorregion1_spot_140,1.1038243712846453e-06,2.410175568456907e-07,7.714431103522658e-06,2.9488208319605756e-08,0.0008903134847059847,3.3222976326942444,0.19478464052081107,5.551320214181033e-06,1.7279018379667833e-06,1.3591256973199963e-07,2.2781756356948792e-07,4.09538204237947e-08
priorregion1_spot_141,0.050065797008574005,5.433900196294417e-06,2.364168194617378e-05,7.050764935456756e-07,0.06742926910519599,5.78712887763977,0.28339239805936817,0.003206764056812972,0.0003391392208868638,6.919348493283906e-07,1.2881166185252368e-05,1.7195534746861084e-05
priorregion1_spot_142,1.907904725158005e-05,1.4165557149681262e-05,0.05201759301126003,1.5209170555863239e-06,0.020543921273201704,6.087908601760864,0.2432537078857422,1.032252612276352e-05,1.1529452422109898e-05,8.674331212432663e-07,1.4886886356180187e-05,7.454335701595484e-07
priorregion1_spot_143,0.046979235485196114,2.430457368518546e-06,9.487276520303568e-06,2.658121232457234e-07,0.09160228855907916,5.022071123123169,0.24892913401126862,0.016483388375490904,3.0989903098088686e-05,1.1718951441253013e-06,0.00023584504961036146,5.112942943696907e-07
priorregion1_spot_144,2.559302056397428e-05,7.4932537927452365e-06,0.00041856221505440775,3.4922490158351146e-06,0.14485978856682777,8.399292087554931,0.40671361684799195,0.00018548203588579783,7.677515495743136e-05,5.525207552636857e-06,1.5356655330833747e-05,1.820802265228849e-06
priorregion1_spot_145,0.04434863720089197,7.902989977992547e-07,7.878902852098691e-06,2.8501291353677517e-07,0.13702823594212532,5.9326101541519165,0.04380038902163506,0.00025589105061953884,5.206596943025943e-05,4.574473180696259e-07,2.4171914787984862e-06,3.810557174688256e-07
priorregion1_spot_146,3.563728341759998e-06,4.761478411552389e-08,4.447172955224232e-06,0.0005136292427778245,0.005546886730007828,2.4808702111244205,0.06373918689787388,5.658241377659579e-07,4.745310138787317e-06,2.523696124967501e-07,2.5134565220241715e-07,2.021376310779033e-08
priorregion1_spot_147,4.950380741775007e-07,1.0040309526004877e-07,6.262152794533904e-07,1.3374793050857649e-08,0.0002134976050001569,2.9686788082122804,0.12710271701216697,2.110336509986155e-07,1.170693508356635e-06,2.8953936315190282e-08,7.174029974521546e-08,1.847995774184597e-08
priorregion1_spot_148,3.2737750188971404e-05,1.1930000300708344e-05,0.061548291333019735,9.228001090377802e-06,0.1759083054959774,8.232432174682618,0.9442106425762177,0.0011381650227122008,0.00020027800492243843,3.154490389079001e-06,7.87637040957634e-06,2.8185511837364173e-06
priorregion1_spot_149,7.8155382652767e-05,1.8016051672020695e-05,0.058729846961796284,3.924520819964528e-06,0.20120108276605606,8.348525333404542,0.12211737595498562,0.0006932728225365281,3.834263607132016e-05,1.981527418593032e-06,8.516765683452832e-06,4.901734087070508e-06
priorregion1_spot_150,0.00029606050375150514,0.4296253576874733,0.046286982484161854,6.61054433294339e-05,0.07863232940435409,7.327163362503052,0.6000710368156433,0.006522416067309678,8.516043235431425e-05,3.400818889076618e-06,0.000356871253461577,7.548207895524683e-06
priorregion1_spot_151,2.7301575573801533e-05,0.0003568553642253392,8.224652374337893e-05,2.3009551910035955e-06,0.14940709248185158,6.345287394523621,0.41444243788719176,0.005757684865966439,0.0014556334412191064,0.546245202422142,0.044692388735711575,1.5603759266014095e-06
priorregion1_spot_152,0.03860924895852804,1.3556528925895692,0.00010873518185690046,4.138454687563354e-06,0.1611225426197052,2.490473234653473,0.5361220061779022,0.01595068294554949,0.002310104737989604,7.769308723482029e-07,0.0009272186580346897,3.2204302556237964e-06
priorregion1_spot_153,1.3310669737620629e-05,4.46024363043307e-07,2.916423159149417e-06,5.112359104941788e-07,0.03807739838957786,3.8266626358032223,0.5268860965967179,0.004687290405854583,3.580431439331733e-05,1.6884742350953275e-07,3.224140641577833e-07,1.9649294173973432e-07
priorregion1_spot_154,0.00021181414049351588,9.21312059176671e-07,4.779436021635775e-05,2.5593522678946107e-07,0.2724064335227013,5.263940691947937,0.181206177175045,0.003242256189696491,3.545980871422216e-05,5.469097288823833e-07,4.863363142249e-06,1.656655518900152e-06
priorregion1_spot_155,1.2375774304018704e-06,4.012979175627152e-08,8.393894422624726e-05,2.659022930728838e-08,0.009476309502497315,1.791370767354965,0.6182469367980956,7.487478200118857e-07,1.927101442333879e-06,5.821955859630635e-08,1.811636124671168e-07,6.02963712736937e-08
priorregion1_spot_156,4.241060295839816e-07,2.8217407788133642e-08,9.505179860980207e-08,1.3132683873706697e-08,0.04272505175322294,1.721419948339462,0.006065210234373808,5.1209636175997276e-08,1.95933049553787e-06,2.508030787495841e-08,5.307754076255834e-08,8.547262630997921e-09
priorregion1_spot_157,0.009220663690939546,0.00016586265701334924,3.0282727493613496e-05,1.2223733676819394e-06,0.12553272396326065,6.116294980049133,0.1514035165309906,3.0226591206883313e-05,5.926585181441623e-05,0.7921521991491317,0.000544938156963326,2.9218380632300976e-06
priorregion1_spot_158,1.2071982780526016e-06,1.195450884949878e-07,4.6697871169953947e-07,8.195058178728232e-08,0.0001230238751304569,2.5182265758514406,0.2382888562977314,7.806419226596972e-08,9.72262267850965e-07,4.214278721548226e-08,5.068292843191102e-08,1.3412234700638238e-08
priorregion1_spot_159,1.4026209441908578e-06,2.2419590663957937e-07,6.29028298249068e-07,3.2532994254097505e-08,0.10042116269469262,2.902336835861206,0.1278351277112961,1.1086394771098184e-07,1.2987441778022912e-06,2.877988478644511e-07,2.6014140257757393e-05,4.643467725884421e-08
priorregion1_spot_160,0.02750036595389247,9.670400777395116e-06,0.0651385184377432,2.904481289078831e-06,0.14014414474368098,8.140673732757568,0.6023656159639359,0.0025940326391719285,0.0002170210995245725,2.3567200173602036e-06,1.1635551618383036e-05,3.2795069046187565e-06
priorregion1_spot_161,0.07069500014185905,1.819874972852631e-06,0.07003008499741555,4.662902099994426e-07,0.0520067336037755,4.430429291725159,0.4795982152223587,2.2100644741840373e-06,7.909441364972736e-06,5.478337129716238e-07,6.525098797283135e-06,4.1728718400690925e-07
priorregion1_spot_162,3.194074935208847e-07,1.7848531541631022e-08,3.2095964712652864e-07,1.3455985081733958e-08,0.0002740239855484106,1.5193659603595733,0.3482336178421974,2.6316215961941226e-08,2.1709022007598836e-06,1.9757678515475165e-08,1.962254696508126e-08,1.1330197136061317e-08
priorregion1_spot_163,0.07251524701714515,1.0626412451267242,9.149700190391741e-07,6.5730802816688085e-06,0.00032819716579979286,0.603957149386406,0.010336675029248,4.4274327592575e-06,0.023591018375009296,0.6881363451480865,0.008123619295656682,0.00019458378083072602
priorregion1_spot_164,0.0012568604433909059,2.0976480072931736e-06,6.762205271115818e-06,3.2028274858930673e-07,0.22230556681752206,4.832949709892273,0.6014943182468414,0.012846305035054684,8.537118847016244e-05,7.668602336252662e-07,0.000528736031264998,6.27174136980102e-07
priorregion1_spot_165,1.0348391242587242e-06,5.843577373099151e-08,3.5722208963306917e-06,3.180956458237461e-08,1.1445798782006024e-05,0.7425465732812881,0.18993571251630784,1.6227588375272717e-07,1.4545919896136187e-06,0.4247233226895332,0.01042608986608684,0.0052825603401288395
priorregion1_spot_166,9.144852356257617e-07,5.2907051895090266e-08,1.5725126303323126e-07,1.0813994544278672e-08,0.05529513973742723,1.9919793367385865,0.01384270964190364,1.4011958526793933e-07,1.7259986464068789e-06,9.202121287188449e-09,2.676256984912584e-08,8.020337354253115e-08
priorregion1_spot_167,1.9690857152454557e-05,3.7889937516411014e-07,0.0008032207551877946,5.680907094074428e-07,0.028393840417265892,4.319783926010132,0.6316874951124192,1.0836135743375053e-05,9.720722528072657e-06,9.303231422563842e-07,2.9970217156005675e-06,1.1522764907567762e-05
priorregion1_spot_168,7.506509973609356e-05,1.5062940747156972e-05,0.06974098645150661,3.7257588473949e-06,0.17239859625697135,6.564886307716369,0.4022598937153816,0.002724935312289745,0.00010299059686076363,0.794922035932541,0.14687737599015235,9.226137763107545e-06
priorregion1_spot_169,0.14559739530086518,0.40361268967390057,0.20003922060132026,1.2466917314668536e-05,0.12924157381057738,8.622197389602661,1.1662182450294496,0.0001184710916277254,0.0006579624168807642,2.1733496123488293e-05,8.474897986161524e-05,0.0006418260047212244
priorregion1_spot_170,0.000770508436835371,1.740837156205544e-07,6.588472115254263e-06,1.561394526561344e-07,0.010590832959860564,3.4586925387382506,0.11408282294869423,4.163890043855645e-05,1.2812233217118774e-05,5.334677251056519e-08,1.6977564740727757e-07,1.1557405521500642e-07
priorregion1_spot_171,0.04093684051185846,1.2856146931648254,1.2166456599516096e-05,1.8589593764772873e-06,0.03187549281865358,3.917361867427826,0.4972997054457664,0.021777006797492504,0.02406848706305027,1.207361997330736e-05,0.00013026111118961123,0.014581723650917412
priorregion1_spot_172,0.045843655988574025,0.3690493106842041,0.1363109603524208,1.1723631814675172e-06,0.10190431661903859,2.608120512962341,0.16268625631928446,7.144934471625675e-07,7.071414584061133e-05,2.3450591356777296e-06,4.6547483663061944e-07,1.2699027763574121e-06
priorregion1_spot_173,0.03373326361179352,0.00010733166382124182,4.906060203211382e-05,1.5825160687654719e-06,0.14060734882950784,5.849854016304016,0.9827456891536713,0.007935605058446527,0.00423825338948518,0.2793314978480339,0.006713724136352539,2.414191021671286e-06
priorregion1_spot_174,0.00017230538578587583,0.00018535882190917619,0.03691354244947433,8.826401381156758e-06,0.15254432633519172,7.734293699264526,0.7228137999773026,0.002653000585269183,6.746667677361985e-05,0.536337387561798,0.020936996396631,2.9122096839273583e-05
priorregion1_spot_175,3.071033589208128e-07,1.9053043445182994e-07,1.7616006218190705e-07,2.340505993458919e-08,0.023443405609577892,2.7271588683128356,0.053127866424620154,3.0766026952733234e-07,1.038745642745198e-06,3.5898104222553687e-08,4.862838487440513e-08,2.4792261310579994e-08
priorregion1_spot_176,5.101995128597992e-07,2.6159616872689642e-08,0.048441360145807265,2.4982586950272893e-07,2.4578712691436524e-05,1.1819191753864289,0.4036993145942688,1.109414832001221e-07,6.650589966739062e-07,1.099464701503905e-08,8.049638182683338e-08,2.8863470014073303e-08
priorregion1_spot_177,0.0047048454405739905,6.43223179395136e-06,6.99355125107104e-05,1.5438339744378029e-06,0.0896886259317398,8.025738191604614,0.24873125180602074,0.00027612610720098015,3.6049955997441434e-05,2.2021135123395657e-06,2.3382245308312123e-05,1.3824192080846843e-06
priorregion1_spot_178,3.2585791984729437e-07,8.010481096221156e-08,7.131950894745388e-07,6.709240119029404e-09,0.0001153718687419314,2.565676641464233,0.07735598497092724,5.8024180127347336e-08,5.882221216779726e-07,9.537605727416576e-09,1.3849964020096195e-07,1.3016393651810178e-08
priorregion1_spot_179,0.001754810131387785,1.4334839136154189e-06,0.05375052392482758,7.580749269209264e-07,0.0005610017280559987,2.4750839948654173,0.5110195875167847,3.017210659095326e-07,2.792800353290659e-06,8.177839916356788e-08,2.266664772321292e-07,3.7778884909300814e-08
priorregion1_spot_180,0.00015075265764608048,2.4434792862848555e-06,1.785574486348196e-05,1.1308190011050101e-07,0.08186721093952656,4.314797425270081,0.22990090027451515,3.704146331529046e-06,2.9381891818047737e-05,0.6421450316905976,9.58987516241905e-06,0.002400677709374577
priorregion1_spot_181,0.03950447738170623,5.63987330224336e-06,9.436660047867917e-06,5.534704968113147e-07,0.036098843440413475,4.111382508277893,0.29389830976724624,8.690381810083636e-06,3.265999293944333e-05,0.7744248181581497,0.03951776139438152,3.1948967034622912e-06
priorregion1_spot_182,0.020235985424369572,1.3895434207711333e-07,1.2778453481132602e-06,5.257999102781241e-08,0.00020573102301568724,3.435729050636292,0.04641037303954362,1.0548930276854661e-06,4.256143097336462e-06,3.778106556495687e-08,7.852329204638407e-08,6.664169944770038e-08
priorregion1_spot_183,4.217429273012386e-06,4.687520709012461e-06,6.604582466707143e-07,3.844709688394232e-08,0.003616583056282252,2.418437469005585,0.08966372422873974,1.5478917561040362e-07,2.8194065407660673e-06,0.2157345972955227,0.01817895583808422,6.7897058997346e-08
priorregion1_spot_184,0.13663729056715965,1.4821296334266663,1.8022621952695774e-05,0.002231216640211642,0.0001418657775502652,1.1420342683792113,0.2025908246636391,0.004736000252887607,2.6808712300407935e-05,3.4943523132824346e-05,2.091682324589783e-06,9.878179553197698e-05
priorregion1_spot_185,2.322832540357922e-06,1.209302066484952e-07,0.0023561454727314413,1.416186783842477e-07,0.0008438495802693069,1.9160695314407348,0.08328937664628029,5.077459013591579e-06,0.0015869094931986183,0.504261589050293,7.359452808941569e-07,7.818122440994557e-07
priorregion1_spot_186,1.7003423636197113e-05,2.2785900910093917e-06,8.356331409231644e-06,3.6814594324141585e-07,0.05298142470419407,6.317347717285156,0.16659192219376565,2.66156582711119e-06,9.93891931102553e-06,1.0859577173505388e-06,1.0671145901142153e-06,2.8006914334355324e-07
priorregion1_spot_187,5.292813093547011e-05,1.0581580340840446e-06,0.04222832527011633,5.269319262879436e-06,0.03625168483704329,4.766968703269959,0.712074238061905,6.87479503085342e-06,6.699038567603566e-05,9.061838284196712e-07,2.427585081932193e-06,4.013328108953829e-07
priorregion1_spot_188,4.518864761848818e-06,2.024566235547809e-07,5.943072778791247e-07,5.1734822292814905e-08,6.860334578959738e-05,1.8409330248832703,0.08047718703746795,1.7470783362227848e-07,3.279877080331062e-06,0.2312399171292782,0.011552280047908425,6.308297528789808e-08
priorregion1_spot_189,8.796750298643018e-05,5.870220570614038e-06,3.3904150768648836e-06,1.8224154629820083e-07,0.1058301791548729,3.361006808280945,0.06965423896908761,6.7715809791479845e-06,4.5000631325819994e-05,1.0801700174808502,0.06109982747584581,2.4016062525333845e-06
priorregion1_spot_190,1.972839927475434e-05,4.382296697258426e-06,0.06899203807115555,9.387446453956727e-07,0.03841293435543776,5.025411343574524,0.278099799156189,0.00016246605155174622,7.293220223800745e-05,3.6634533984170053e-07,4.04810493819241e-06,1.1643750951861876e-06
priorregion1_spot_191,0.047365895286202435,0.37302785515785214,0.14502185881137847,6.622802800393403e-07,0.0007252173556480557,3.268997287750244,0.018155693728476762,2.4674465919360956e-07,5.109398784952646e-06,2.7308900712341712e-06,8.868175484622043e-07,2.24197099214507e-06
priorregion1_spot_192,2.778193020276376e-05,4.9583548616283226e-06,0.0006282041285885498,4.8166685701289685e-06,0.11974934488534929,7.693375730514527,0.7420539319515228,0.00103467027656734,1.7127980572695382e-05,1.474386397148919e-06,1.3292687026478235e-05,1.2880953192961897e-06
priorregion1_spot_193,6.119348176980566e-06,6.720601930965132e-07,1.0197703488756815e-06,3.1578775683271944e-08,0.03388617020100355,1.9405302882194517,0.008451040228828787,1.564463741487998e-06,1.7688190655462674e-05,0.5880551844835281,5.620929778160644e-06,5.316883971318021e-07
priorregion1_spot_194,2.7040527356803066e-06,1.923185180885412e-07,1.1406634030208808e-05,5.027044380767621e-07,0.07570318803191185,3.3590438842773436,0.11262706145644188,1.6339554622391007e-05,2.087262901113718e-05,0.9691193968057633,0.0017956712981685998,0.011415588716045023
priorregion1_spot_195,7.142222045786184e-07,1.8342736325394073e-07,5.092427159070213e-07,1.2392894133128607e-08,0.00015296477067749947,3.404938447475433,0.08179507404565811,3.2366041523346215e-06,2.6580395456221597e-06,1.7810264623108195e-07,6.909447378689038e-08,7.711811242927525e-08
priorregion1_spot_196,0.0002838254702510313,1.586768839842989e-05,0.0001755179386236705,2.8776108592865062e-06,0.09422525204718113,9.715222883224486,0.6781294375658035,0.00011748498764063697,0.00013616510477731936,6.514201618301741e-06,2.7401323313824834e-05,2.8982011099287777e-05
priorregion2_spot_1,1.1020060867394933e-06,1.9273441012046533e-07,0.0437612034380436,1.310756101702282e-06,0.0008003146969713271,3.121620726585388,0.26778840720653535,8.497553409370085e-07,2.5568935370756665e-06,1.1209778634224677e-07,2.064831484460683e-07,1.207880082176871e-07
priorregion2_spot_2,3.199174643668812e-05,8.091240442809068e-06,1.2826601803302764,0.006902306340634823,0.04546356201171875,4.1896697044372555,0.8687703460454941,8.997142867883667e-05,1.3666124095834675e-05,1.3554219719935647e-06,2.047326024694485e-05,0.00020823202357860284
priorregion2_spot_3,0.00028919832257088277,6.7176893253417805e-06,0.73278027176857,0.00030529533978551626,0.062121891602873805,6.633953499794006,0.9450608313083648,1.325742719018308e-05,2.1014335743529955e-05,4.43473948052997e-06,1.5954129139572615e-05,0.00012651032593566925
priorregion2_spot_4,5.3523294445767534e-05,1.0790916235237092e-06,1.468411910533905,1.8364757465860748e-06,0.006464035646058619,4.524420833587647,0.6087168365716934,0.0002643016210640781,0.000978787714848295,4.821479947736407e-07,4.319499930716121e-06,0.0009297507232986391
priorregion2_spot_5,1.4759729447177963e-05,1.168329043821359e-06,1.2702810863629567e-05,1.2556752608361422e-06,0.021046633087098598,4.5285015344619755,1.5450633883476257,0.0065572325140237815,3.0240334035624985e-05,8.261382663476982e-06,1.3678720108600827e-06,4.478433680787931e-07
priorregion2_spot_6,6.649124770774507e-05,7.23371874755685e-06,1.0470677495002747,4.034837957078707e-06,0.10477008558809757,4.545794725418091,2.104928708076477,0.0030654722009785472,5.0118136095989035e-05,1.1770107846587052e-06,2.1611452029901557e-05,1.1232936572014298e-06
priorregion2_spot_7,3.9765286174997527e-07,1.578840613802868e-08,0.4576986536383629,1.8001424280100763e-07,3.0274013261077927e-05,0.6149656563997269,0.3845957905054092,0.00015438947593793273,4.565084941532405e-06,5.145493204850027e-08,4.4086765882411784e-08,5.50001693966351e-08
priorregion2_spot_8,1.707566866571142e-06,7.589541837660364e-07,3.412772957744892e-06,1.5149683747495148e-07,0.1534374013543129,4.8868825197219845,0.6704085409641266,1.7521774111628476e-06,7.092655937412929e-06,7.898772018961608e-05,1.0465461343756035e-06,3.245806183826972e-07
priorregion2_spot_9,1.4077810917001443e-07,1.4414478610724759e-09,5.359241797009418e-08,6.062776769510947e-09,2.5507832788207456e-06,0.9845225602388382,0.0004441189637873322,4.7890501120306804e-09,6.662588162953397e-07,4.4844324031956265e-09,2.0366451192188606e-08,3.9435556598022005e-09
priorregion2_spot_10,7.023079069767846e-06,1.8312253473595774e-06,3.837234817183344e-05,1.6371549634186521e-06,0.08115880601108075,5.724326729774475,1.68325275182724,0.013830164028331638,0.00017537531675770882,1.4474883414550283e-06,1.0691250872696401e-05,1.8634923264926334e-06
priorregion2_spot_11,6.443959537136835e-05,3.3252795446969684e-06,0.44242958873510363,1.0114281224105072e-06,0.20830537453293801,6.23863217830658,0.17914744019508363,1.0122533149115043e-05,5.109500143589684e-05,2.1765986161881304e-06,1.2634768609132152e-05,1.7060298091564619e-06
priorregion2_spot_12,5.87031442478292e-07,1.5459766018466327e-07,2.8646305594293153e-07,1.5590250725949773e-07,0.031389782018959526,2.553163361549377,0.10090731456875801,2.9344472949333064e-07,1.4659766748081894e-06,1.7792556263884763e-07,4.94819263963109e-07,1.1812021361023996e-08
priorregion2_spot_13,5.011031294088753e-06,2.278569013469678e-06,0.9005983620882034,4.289547587177367e-06,0.11758041605353355,2.6751502990722655,0.6402574092149734,3.837641330051156e-07,1.6249807686108397e-05,5.556800232398019e-07,8.078052815108094e-06,2.9478611054400975e-07
priorregion2_spot_14,3.8275430597423115e-06,7.364190764747036e-07,0.0002407642954494804,2.307039824245294e-06,0.07789377234876155,5.193051242828369,0.32448966056108475,0.0018930620513856412,3.1981682514015124e-05,3.678161419884418e-07,1.8804613830525345e-06,3.4036348210975127e-07
priorregion2_spot_15,0.05503002721816302,2.7106716174785105e-06,1.4475927472114565,9.394046315946982e-07,0.030145369190722707,4.409823369979859,0.7835050106048584,0.0005276536889141426,3.3756276570784395e-05,1.0518454985231076e-06,8.945361441874411e-05,1.0302420037078264e-06
priorregion2_spot_16,1.6650868110446028e-05,2.9801433925058522e-06,0.0011603058897890152,3.1882517106396333e-07,0.11617316529154778,3.04910671710968,0.8678961724042893,9.811615018406884e-05,5.0485987776482945e-05,1.7980375275783448e-06,3.774281418323517,3.977877122451901e-06
priorregion2_spot_17,8.531556750313031e-06,7.844692788694374e-07,1.2439261138439177,6.653484575736002e-07,0.1471240222454071,2.9034763813018802,0.047142405062913895,3.944773027342308e-07,5.2576592679542955e-06,3.702469953736909e-07,2.9177255953527494e-07,1.0169006721127971e-07
priorregion2_spot_18,6.193402759890887e-06,2.1970871671328493e-06,0.04904781356453895,1.4810703646617186e-06,0.03888352736830711,6.071018815040588,0.24666307419538497,3.455834735177632e-06,9.740113910083892e-06,8.039911421064971e-07,8.323087286044029e-06,2.638010414557357e-07
priorregion2_spot_19,2.0970839841538696e-06,2.2803884291988655e-07,0.06287381239235401,4.4838658084245255e-07,0.0006957109406357632,3.2136536478996276,0.4096012219786644,3.339355046705351e-07,1.3418772255135994e-06,8.435315415056268e-08,4.168529031289836e-07,1.1705990482369089e-05
priorregion2_spot_20,0.027568926382809878,5.135362221153627e-06,0.0363479545339942,5.226423650128709e-06,0.2839327245950699,7.363470935821533,0.16060298308730125,0.002487040008418262,0.00019119971038890072,1.148624772895346e-06,1.428831706107303e-05,2.6536266204857386e-06
priorregion2_spot_21,0.00034789619530783966,1.4316605484054889e-05,0.06523019187152386,8.942437443693051e-06,0.22193664386868478,9.529123258590698,0.15722306743264197,0.0013017425371799618,0.00012587764140334912,4.024517329526134e-06,3.860399010591209e-05,4.6430378461082005e-06
priorregion2_spot_22,3.758237278361776e-06,1.0902621227160126e-06,6.459453697971185e-06,2.862738284648004e-07,0.051481415331363675,5.5496070146560665,0.6272287040948868,0.0001790316127880942,5.9039795451099054e-05,4.921371157706745e-07,4.803355250260211e-06,3.697054467011185e-07
priorregion2_spot_23,0.017600346449762584,2.3548804577444572e-07,9.193238020088756e-06,1.4123299536095147e-06,0.010697792051360011,2.127404737472534,0.9268615812063217,7.119845179204277e-07,6.197646616783459e-05,0.000902084686094895,3.380837767963385e-07,3.6359947301889407e-07
priorregion2_spot_24,5.475622333506181e-06,3.500046670268376e-08,6.114186192007764e-07,1.2202252008819415e-08,0.0009005811210954562,1.595516300201416,0.37012719660997395,3.969553617366729e-07,1.0694554021029036e-06,1.0924973281589702e-08,6.592929615578669e-08,1.098933428700377e-08
priorregion2_spot_25,2.673532771950704e-05,1.3732924273313074e-07,9.253017992705283e-07,2.4121053684211805e-06,2.8177747299196196e-05,0.5617084980010987,0.9460307538509369,4.321104025706291e-08,1.221070538122149e-05,1.0654608047389049e-06,1.2048302292823792,0.0008794168592430651
priorregion2_spot_26,9.654343557485845e-07,3.528941761032911e-08,1.9622584233047748e-07,1.334950098907939e-07,0.0016736812074668705,2.5921003103256224,0.0461294399574399,1.3361251262722363e-06,1.465381660636922e-06,2.937729135510381e-08,1.7484828731539895e-07,4.0311209659193994e-08
priorregion2_spot_27,2.249293283966836e-05,0.0022991023608483372,0.4044654011726379,1.3707943298868486e-05,0.08377870656549931,6.77372887134552,0.8201872885227204,1.4224157894204836e-05,0.0001589189298101701,5.418685168478988e-06,2.256141006000689e-05,2.5041254389179813e-06
priorregion2_spot_28,3.503671257476526e-06,5.197104997023418e-07,0.9017976075410843,1.5348957049354797e-06,0.0051823051413521165,4.687806510925293,0.19570686295628548,5.08559320223867e-05,1.105107521652826e-05,2.196199162085577e-07,8.97300543556412e-07,9.953274002327817e-07
priorregion2_spot_29,6.842091192993394e-06,8.810459917185653e-08,0.7099652886390686,1.4445025371401245e-07,0.010676101362332702,2.5103453159332276,0.05774935167282819,2.2827747301334966e-07,1.6242701349256096e-06,4.381418872156928e-08,2.7851758233055085e-07,6.345358798398592e-08
priorregion2_spot_30,3.129887390969088e-05,2.8962317628611345e-06,0.0006912444107001648,3.5360141282581025e-06,0.35254886001348495,6.723601293563843,0.5599719852209091,2.095396985168918e-05,0.0003004369791597128,3.2311506402038505e-06,1.1660125028356561e-05,1.822188943378933e-06
priorregion2_spot_31,1.3683387169294293e-05,6.895305182297307e-06,0.04167317170649767,1.3658413854500397e-05,0.15875071510672567,6.19701042175293,0.8049750804901122,1.2420057237250148e-05,1.329286706095445e-05,2.811655201639951e-06,0.00019157518399879337,8.41803020534826e-07
priorregion2_spot_32,6.942542813703767e-06,7.141362061702239e-06,1.2971228837966917,2.7685302120517013e-05,0.12277002893388271,6.582015752792358,0.5836673468351364,0.002162210235837847,6.0333952569635584e-05,2.5811844693635066e-06,1.526228197690216e-05,1.4241801579828462e-06
priorregion2_spot_33,8.92750613274984e-05,5.210394306232047e-06,0.831860488653183,5.627395353258181e-06,0.22233254536986352,5.454444956779479,0.2673870250582695,0.0013066401879768819,0.0011236602149438113,0.00010266860517731402,1.530328994989395,5.0549967681945415e-06
priorregion2_spot_34,8.017496583079265e-07,4.211615607374598e-08,2.4442759638532153e-08,6.2660487021304346e-09,9.055275768332649e-06,1.12815003991127,0.006249490240588784,3.436325441725785e-05,1.3280979715091235e-06,4.52992003907582e-09,2.489519574737642e-05,3.418249905351445e-09
priorregion2_spot_35,0.00013527255359804257,4.0222231518782796e-07,2.8147428110969487e-06,5.305421979073798e-07,0.14623770862817764,4.036739039421081,0.04650857485830784,7.544594154751394e-07,7.818685776328494e-06,1.3412082580543938e-06,2.3911440962365303e-06,9.730022760834345e-08
priorregion2_spot_36,1.5354989557181398e-06,2.8078251101959496e-08,7.77122522777063e-08,7.30194329889855e-08,0.006282248347997666,0.7251408904790878,1.4213646173477172,1.2289198849657624e-07,0.0020390364457853138,1.781285732249671e-07,1.1081850566085905e-07,8.057770202185566e-08
priorregion2_spot_37,7.109704057484124e-07,1.8116126554446057e-07,2.57846096474168e-07,3.727474151560273e-08,0.031280901096761224,2.0985618114471434,0.4408283054828644,1.4945318227432838e-07,1.137669164563704e-06,4.252068439569712e-08,8.472465502507021e-08,1.1619634943116353e-08
priorregion2_spot_38,7.180798519357267e-07,2.3487676727995677e-07,2.4003956923479564e-06,4.8805912733485e-08,0.04326560311019421,2.4730083346366882,0.2590571388602257,4.6034220844148884e-07,8.035284827201394e-06,7.977038229967094e-08,9.497818105330681e-08,2.5628396471688577e-08
priorregion2_spot_39,6.632849682830512e-08,2.223153439118164e-08,1.0833050971825741e-07,9.49962770668833e-09,0.00020315772708272563,1.8068132281303406,0.10585992708802222,1.1023915362784465e-07,3.6953114346260923e-07,9.278347290475608e-09,1.5393381591621852e-08,6.061236579313345e-09
priorregion2_spot_40,9.480047492615994e-06,0.00010970168295898476,2.8770794051524715e-05,7.778974605798795e-07,0.054342299886047836,7.913854432106018,0.5079397737979889,1.293329178224667e-05,1.9329882707097568e-05,1.9274547071290725e-06,3.86032900223654e-06,1.1489578469081607e-06
priorregion2_spot_41,0.00016666035298840145,2.862163883037283e-05,0.012312675546854735,3.5005698237000616e-06,0.17726272493600848,7.0080252408981325,0.9901465505361556,6.328258568828461e-05,6.455442635342478e-05,4.706215327132668e-06,6.5444294477856605e-06,1.7311968122157854e-06
priorregion2_spot_42,0.0014093114470597357,1.2771730766303336e-07,5.065288059995509e-05,1.9286916170813133e-07,0.06847511716186999,2.4379014730453488,0.11785975396633148,0.0005424091097665951,2.1715269213018473e-05,1.384428280459815e-07,1.6769788899750892e-07,1.1176397869405719e-07
priorregion2_spot_43,7.763383820247328e-07,1.5381483251530883e-07,1.6469578667965836e-06,5.092977879428418e-08,0.09379224851727486,3.5495174169540404,0.21274810805916786,6.231960414879723e-05,2.341559847991448e-05,9.578258257647576e-08,2.494051642543127e-07,3.0686849150640684e-08
priorregion2_spot_44,1.9584616879342322e-07,1.5168233389317722e-07,1.3407113925723026e-07,2.4562794198601522e-08,0.0003629460305091925,1.8960074365139006,0.4675918653607368,5.01924223073047e-08,8.195519171749766e-07,3.088394851147314e-05,1.342821363436997e-07,3.591719526241377e-08
priorregion2_spot_45,0.056845165230333804,2.212451977356977e-06,0.7887297034263611,9.839162203206797e-07,0.016481025237590076,5.003275918960571,0.3941573455929756,8.157731190294725e-06,7.545630910499313e-06,7.912250083563777e-07,0.7564771771430969,1.5468978403987422e-06
priorregion2_spot_46,9.857220220510498e-07,2.747895679888757e-08,1.7903930569218576e-07,1.6431157767726745e-08,0.057813388854265214,2.144617807865143,0.008928179880604148,1.0361648534740199e-07,1.2783710985786456e-06,4.465221650207241e-08,3.4965388095997696e-07,2.148498676746158e-08
priorregion2_spot_47,0.000353594716580119,3.7784274468322115e-06,0.7902086824178696,2.112570780354872e-06,0.09765833988785744,6.652620768547058,0.37278209030628207,2.043234617303824e-05,1.745792142173741e-05,4.790602542925625e-06,0.00017725427096593194,1.4642206679127413e-06
priorregion2_spot_48,4.544512557913549e-05,9.139438823524415e-08,2.730718222210271e-06,2.8623011516515362e-08,0.00043134630832355466,0.9234807252883911,2.1943425416946414,1.8421385661326894e-07,0.02425627475604415,5.3297792312889674e-08,4.0007427344335165e-07,7.216829196465824e-08
priorregion2_spot_49,0.04272493999451399,1.7808081906878217e-06,8.684507838552237e-06,6.376042847477948e-07,0.05279775578528643,5.222245097160339,0.16528616100549698,0.00843991357833147,3.055172546737595e-05,5.097823191135831e-07,1.3939175971700026e-06,1.0203716612977588e-06
priorregion2_spot_50,1.1739484398276546e-05,4.459650494936796e-06,0.8857660949230194,2.9412418257379613e-06,0.1857373312115669,6.387041902542114,1.2924655973911285,5.933696593274363e-06,4.415288221935043e-05,3.4445345477251977e-06,1.12836753942247e-05,1.4225559539227108e-06
priorregion2_spot_51,1.6341788750651179e-06,3.94727790009597e-08,0.6409830212593078,6.185978634221102e-07,0.005535099119879305,2.0450729370117187,0.01351741128601134,2.977717727503659e-07,4.9373220463166945e-06,1.1811998774646781e-05,0.00016781211161287504,7.87004456270779e-08
priorregion2_spot_52,2.080159913475654e-06,5.590545981704054e-07,1.3669634739699178e-07,5.35233654730405e-08,0.0007107757875928656,1.9371901631355286,0.16891170516610143,1.0289887377723517e-07,6.745460126467152e-07,1.6297701144196707e-08,1.7567962551368057e-08,8.612858826140268e-09
priorregion2_spot_53,2.5827948320511496e-05,1.96653477360087e-06,2.3203476428985597,1.2340448483882939e-05,0.029716805089265108,4.607525396347046,1.1008905649185179,9.703850264486392e-06,6.762744924344588e-05,4.741293669212609e-05,0.5570140421390534,3.348969323724305e-06
priorregion2_spot_54,4.958082115535945e-07,1.9720621668994913e-08,0.6708711564540863,2.2290024190851917e-07,0.022342057526111604,1.3617050588130952,0.012024367554113269,6.111485539861405e-08,2.2002208879712277e-06,1.3190501535476075e-08,7.320458941251218e-08,2.2981467573401914e-08
priorregion2_spot_55,6.763427199985018e-06,1.0326335996069248e-06,0.598630890250206,0.000218639025115408,0.04826549533754587,4.7626821279525755,0.27954804003238676,0.008060667058452963,0.0001747159352817107,1.6386262302603431e-06,0.38571685254573823,4.97742135507906e-07
priorregion2_spot_56,0.04621975924819708,3.203626675940541e-07,6.220101141707346e-07,2.7229750543256167e-08,0.0044696176890283825,2.6152159810066222,0.20713151916861533,5.794940733494514e-07,1.2205336861370596e-05,9.374992195887446e-08,1.3769496831628203e-07,1.1559060304477954e-07
priorregion2_spot_57,7.119866349967197e-05,2.1464332075993297e-05,0.06669237539172172,2.962865448807861e-06,0.21547812968492508,8.490563821792602,0.3016290307044983,0.002627088408917189,0.0018780517566483468,4.408674158185022e-06,1.6585501725785434e-05,3.8083203321548356e-06
priorregion2_spot_58,1.8057988938835482e-06,2.3331852077035365e-07,1.328491947560906e-07,9.20197806841827e-09,0.0007026368955848739,1.5734790802001952,0.5502873063087463,7.334457414742701e-08,7.092324580071363e-07,4.878567967381287e-08,4.784891629583399e-08,1.7470239566108604e-08
priorregion2_spot_59,1.3780231256532717e-05,4.639743167444976e-08,0.7477309077978134,2.0979234420792637e-07,0.0002146638544218149,2.1591384768486024,0.13032891154289244,9.69463580986485e-06,8.741714782445343e-06,3.614130221762934e-08,0.0043244526721537115,5.582832072832389e-05
priorregion2_spot_60,0.00013302328006830068,6.971522168441879e-07,0.7138731360435485,3.2683302890745837e-07,0.047573489136993885,4.3013320684432985,0.6719009310007096,0.00011156067666888703,1.85625363883446e-05,1.0649060413925326e-06,8.703376715857305e-06,5.901323532953029e-07
priorregion2_spot_61,1.0595701382953848e-06,1.5661686688872579e-06,1.29949069560098e-05,3.620693846073664e-07,0.017961998097598554,4.3979592561721805,0.0298514811322093,1.520408102351212e-06,3.882343276018219e-06,5.4215964701143095e-05,0.9570413321256638,2.983216418783741e-07
priorregion2_spot_62,7.926420812509604e-06,1.5748862608688797e-06,0.05364813841879368,1.6484908655911568e-06,0.01638004817068577,3.592738485336304,0.7596339404582977,9.56102906002343e-07,6.292977354860342e-06,1.868931406079355e-06,1.3967731945285776e-06,1.5563643884775047e-07
priorregion2_spot_63,9.838912155828439e-05,7.257093830048689e-06,0.07118621319532394,4.868018572778965e-06,0.1704311691224575,6.9786408901214605,0.8729712188243866,1.8223476672574183e-05,1.7685539114609127e-05,3.0510022770613433e-05,6.222333431651351e-05,1.2231120877004288e-06
priorregion2_spot_64,0.01159135140478611,4.91915118345787e-06,0.07486964240670205,6.02887533318608e-07,0.028628412820398807,4.797615575790405,0.26260630786418915,1.2576408425957198e-05,1.4424483924813105e-05,2.5604324207506577e-07,3.2634310741741506e-06,3.6782216739084117e-07
priorregion2_spot_65,7.828870081993956e-07,1.152515576308133e-07,0.8684445798397065,8.758489286719851e-07,0.028387966845184565,2.3301753759384156,0.41958609670400615,6.363861160707529e-07,7.278002817656671e-06,4.6045876089806385e-08,8.459865661336608e-08,5.7118137064549055e-08
priorregion2_spot_66,1.8351044946030016e-05,1.5927021991046787e-06,1.9233838260173797,1.8650621768756537e-05,0.1382577836513519,5.394348454475403,0.25961510092020035,4.686136217060266e-05,0.006754765193909407,8.061534515491076e-07,5.203928822083982e-06,6.122141144260241e-07
priorregion2_spot_67,0.002438292989972979,1.59233578074236e-06,0.896232208609581,6.463655665811531e-07,0.029887209832668304,2.8821589708328244,0.09456375092267989,0.0038151084678247574,0.0002745969526586123,1.4633898945248801e-05,0.0010702049534302204,7.478389107973271e-07
priorregion2_spot_68,3.916098103218247e-05,1.529160085738113e-05,0.006486107595264912,5.3747335641674e-06,0.05470465607941151,5.981059741973877,0.740343788266182,0.0021684452774934472,0.00120965288951993,0.0017209059791639448,0.49949263632297514,1.0840772984010982e-05
priorregion2_spot_69,0.00509879996534437,3.2447897297060987e-06,0.05026624836027622,8.498554007019265e-06,0.05147087033838033,5.185261631011962,1.5392060101032259,0.005588449747301638,0.013872292684391142,1.2188381333544386e-06,1.659989547988516e-05,1.0118108775714063e-05
priorregion2_spot_70,0.0439769783988595,2.1523612394958037e-05,0.935548397898674,0.04862339273095131,0.0833142228424549,4.838145399093627,0.6368741542100906,0.0022631477913819253,0.008425582153722645,5.63531309580867e-06,2.4618112638563618e-05,2.2932640149520015e-05
priorregion2_spot_71,1.0606193711737433e-06,3.3602127480492075e-08,3.1777763638274336e-07,1.5553485965824622e-08,0.02372326720505953,2.27041757106781,0.007892380934208632,5.7760368044057486e-08,8.157285094512191e-07,1.5769771408713498e-07,1.742107415338978e-05,1.5416260890077637e-08
priorregion2_spot_72,0.001115397148532793,1.0133327180028572e-06,1.3045223022345454e-05,8.110373101999357e-07,0.14679845198988917,4.080105090141297,0.13653453215956687,3.709164084284567e-05,0.0015243919391650707,2.1559152401096072e-07,1.6072649543730223e-06,5.073143569234162e-07
priorregion2_spot_73,6.101149864434775e-07,3.631641973811384e-08,1.3247290723938932e-06,5.721879006159725e-08,6.0109919650130907e-05,1.8587228536605833,0.10186580270528794,1.739685693280535e-07,1.1917939400518662e-05,2.8184987854729115e-08,0.928165391087532,1.0658943203623041e-07
priorregion2_spot_74,2.7172186582902215e-05,7.643312699201489e-07,2.572659921646118,3.578315283903066e-06,0.06379602029919625,3.2263249158859253,2.2914410710334776,1.527454082861368e-05,0.0010239961266051978,3.1814279140007783e-07,2.2716344460604885e-06,4.501795586975277e-07
priorregion2_spot_75,2.049225361133722e-06,5.404580093681944e-07,6.213882471683974e-07,4.237274531249114e-08,0.0004656697492464446,3.194042110443115,0.16640959233045577,0.00014811245710006916,2.3630819896425237e-06,6.249880186715018e-08,7.023471141565096e-07,7.44008325170853e-08
priorregion2_spot_76,0.02030277606099844,2.1045137941655414e-06,2.2129011511802674,6.3825078541412955e-06,0.036152287013828756,3.8307822585105895,0.8964017450809479,0.00021501632872968914,0.0001431667056749575,1.3786848683139398e-06,2.2663010554424548e-06,1.2509134307947532e-06
priorregion2_spot_77,1.7027465801788824e-07,4.177207046929255e-09,3.4777199964253216e-08,1.1128828691919779e-09,0.05885322373360395,0.48351659923791884,0.0028987071244046094,9.889415707675654e-07,5.660196416101826e-06,4.024336259789152e-08,3.667038470211992e-07,6.471713764888422e-09
priorregion2_spot_78,3.5050573023909245e-05,1.0792796786063265e-06,2.1368257999420166,8.290843243230484e-06,0.06377802528440953,2.7887499451637265,0.4585030063986778,0.00040304474096046765,2.1225108866929077e-05,4.044735405273059e-07,2.0413508445926715e-05,1.161095283919167e-07
priorregion2_spot_79,1.6521271390956827e-05,1.0948809801902825e-06,0.4933930814266205,1.108832100271684e-06,0.014497874910011888,3.659512996673584,0.7432845920324325,0.00016501560094184245,5.682751962012844e-05,8.386782639036028e-07,1.9034447745980288e-06,4.247883481411918e-07
priorregion2_spot_80,1.9551724381017267e-05,2.417393670839374e-06,0.05177024528384209,2.7109329948871164e-05,0.1323860928416252,4.54162781238556,1.2090029418468475,0.003060987021308392,3.443115310801659e-05,8.95112358989536e-07,4.757870237881434e-06,2.1885667933929655e-06
priorregion2_spot_81,1.5740328581159706e-05,8.614421240054071e-05,2.6947042897518262e-05,1.4195155586094188e-06,0.08518007174134254,6.820443558692932,0.9041427433490754,0.0016705208749044687,0.00038647252513328566,4.3308290514687545e-06,6.55337054922711e-05,1.723466959901998e-06
priorregion2_spot_82,0.0008262153569376096,1.2821671134588543e-06,0.4177394822239876,4.185572834103369e-06,0.04165241438895464,6.171883535385132,0.5245647221803665,0.0008410660753725097,0.0001171248673927039,9.060264119398199e-07,4.033770596834075e-06,8.240342680210233e-07
priorregion2_spot_83,1.7867649546587931e-06,1.6321005560371305e-07,0.7090649336576462,1.5155554962120736e-07,0.02007683925330639,2.3440947413444517,0.005235514091327787,1.393939186300486e-07,3.278821986896219e-06,5.280537020979638e-08,1.8778617061343541e-07,2.8991752287765854e-08
priorregion2_spot_84,5.9803105614264496e-06,1.0498013523374538e-06,1.673735914664576e-05,3.6403694565478877e-07,0.14589040353894234,6.118969440460205,0.798642897605896,5.516242108569713e-05,8.192018467525485e-05,1.0998570303399902e-06,1.7938293126462668e-06,3.808863510812444e-07
priorregion2_spot_85,1.766740467701311e-07,1.6632768318203265e-08,1.0846761853144927e-07,1.2963485573891375e-08,0.01609204402193427,2.188573205471039,0.004660308174788952,1.6486523577441405e-07,7.285536014478566e-07,2.3211835653569325e-08,2.518726427425122e-08,8.55360378082537e-09
priorregion2_spot_86,0.002285429777111858,1.8624664903654777e-06,0.7619031459093094,4.088939931534697e-06,0.048136388324201106,3.1821396589279174,2.2959408998489383,1.4825877815383138e-05,0.00010085728354169988,9.865546189757878e-07,7.614422065671535e-05,5.010648862935341e-07
priorregion2_spot_87,3.0752977090742205e-05,1.7236157782463126e-05,0.00012746098436764442,3.7495469769055494e-06,0.199417794495821,9.944225978851318,0.9808398514986039,3.9615698733541654e-05,7.098836176737678e-05,6.249158332138904e-06,7.82822015025886e-05,9.062590379471658e-06
priorregion2_spot_88,0.060058281756937504,5.23006090702438e-07,6.920282903593034e-05,1.6679037685207733e-06,0.03073407234624028,3.593686842918396,1.4908413171768187,8.883056489139563e-06,1.910383507492952e-05,1.2418608434927594e-06,1.3133558923072996e-06,5.128885902649927e-07
priorregion2_spot_89,4.8837506437848784e-05,1.5794797855051004e-05,2.189846609326196e-05,1.0447889167153335e-06,0.21658001616597175,8.50485405921936,0.1686918057501316,0.001051718695089221,4.038701081299224e-05,3.3875708254527128e-06,3.027218679108046e-06,6.346399061385455e-07
priorregion2_spot_90,0.0011714863881934435,6.038254578015767e-05,0.06545436270534992,3.9370501554003566e-06,0.15730756372213361,7.789158725738526,1.1956445515155794,0.0017477510031312705,0.003286932362243533,3.9786584920875615e-06,1.3478145410772414e-05,4.741759003081825e-05
priorregion2_spot_91,1.7247838115963531e-06,5.354410916424968e-07,0.5756223022937775,3.126803406416912e-07,0.04220228530466556,3.944465887546539,0.058887604065239435,9.634799397417738e-07,2.1032101471973876e-06,2.2297784667557606e-07,3.346760223621459e-07,1.5045201280372565e-07
priorregion2_spot_92,2.316186264579301e-05,8.727541910502623e-07,2.149498104699887e-05,7.147972974053118e-06,0.11955360025167465,4.6375068664550785,0.05836350172758102,0.0005289845255902038,9.996042645070702e-05,2.9935775529565946e-07,9.736179663377697e-07,3.5238953870475604e-07
priorregion2_spot_93,0.00023428009735653179,9.6109059995797e-06,0.8697814255952835,1.8947295302496058e-06,0.0716407272964716,6.821943926811218,0.6491512775421142,4.5106341349310246e-05,7.885102713771629e-05,2.6773289278025914e-06,2.7441551901574718e-05,8.257016446577839e-07
priorregion2_spot_94,0.0027990390313789248,3.8890413520675795e-07,0.518201670050621,3.908479038727819e-06,0.04994702041149139,3.092792010307312,0.47929921150207516,0.007125053904019296,0.0011882468999829144,1.7480035339190183e-07,6.532142776904949e-07,0.0001028063696139725
priorregion2_spot_95,0.00014101890410529448,5.534310344046389e-06,1.4565774977207184,7.466735269190394e-06,0.15230196714401245,4.981248617172241,2.0729323506355284,0.001295938267139718,0.12676762491464613,2.378757051246794e-06,0.00019586730122682637,6.737334683748486e-06
priorregion2_spot_96,7.675054416722561e-06,1.3246127264210372e-05,0.6524456024169922,1.4289046305293596e-06,0.10436231680214406,6.989211106300354,0.19956060126423836,1.540068624308333e-05,9.400155931871268e-06,1.8301424688615953e-06,4.47626980530913e-06,6.314023124787128e-07
priorregion2_spot_97,1.5991985478081005e-07,8.833058595669742e-09,5.6834146811013405e-08,2.1442133846250044e-08,0.00012968153241672554,1.4333442211151122,0.17204882428050042,3.084378565887391e-08,9.894586753489421e-07,1.3600872694752298e-08,2.5827786664933684e-08,5.050654983129732e-09
priorregion2_spot_98,0.013346854131668806,5.983250006558194e-09,3.2126509950103357e-07,1.7365168059058083e-08,6.468007967441736e-07,0.24121496081352234,0.43098754435777664,3.025234205367156e-08,2.4558267455176974e-06,3.793448843936176e-08,1.036123894238017e-07,1.0426334746682642e-07
priorregion2_spot_99,0.0308059168048203,2.4528704216209006e-06,0.578151923418045,1.9479190359561472e-05,0.009247926017269491,3.028180480003357,1.1205308079719545,3.8441640026576354e-05,2.2200734110811027e-05,4.1752142294626536e-07,2.5163405098282965e-05,2.484611940190007e-07
priorregion2_spot_100,1.1775823800519447e-07,5.029906269271578e-09,6.120019904187757e-08,5.2316575960276175e-09,1.5167536730587017e-05,1.3666497409343719,0.09265892468392849,1.0748139587235529e-07,5.954020934950677e-07,3.703775530716769e-09,4.287545651848746e-09,6.2337528694555994e-09
priorregion2_spot_101,4.85853828990912e-07,4.513421600904622e-08,0.8476733922958375,7.961282562973793e-06,0.004621593677438795,1.6818788468837738,0.19159480333328247,3.3571443225355324e-07,3.4886842627201987e-06,4.229888510565161e-08,3.1975845331544407e-07,5.08636130547302e-08
priorregion2_spot_102,1.6464231885038315e-05,9.31471996068467e-07,0.6108418554067612,6.17506323123962e-06,0.01605882178992033,3.5411245226860046,0.36913731992244725,3.493925833026879e-05,0.00028893651615362613,2.057959409285104e-06,0.6444462716579437,3.32750663801562e-05
priorregion2_spot_103,8.273140292658353e-06,6.738782502679897e-07,0.9183818161487579,9.13503572519403e-06,0.0015714660985395312,2.8527632713317868,0.5563575088977813,0.0007499489322071895,3.6101166756452587e-06,1.2744542132736572e-07,4.047514977401079e-07,3.0698400195205987e-07
priorregion2_spot_104,2.5992000973928953e-05,2.107390389483044e-06,2.9386027097702025,1.2087843515473654e-05,0.08393865935504437,5.953317141532898,0.9522471457719803,5.798173378934734e-06,2.0483731532294772e-05,2.1067722059342487e-06,4.925071266370651e-06,8.890187075394351e-07
priorregion2_spot_105,3.080985552514903e-05,3.0955921488384774e-06,0.6000995725393294,2.3426071379617498e-06,0.07506851330399514,3.7846155405044555,0.3802653312683105,4.265987263352145e-06,0.00017469414160586894,4.997796111183561e-07,0.004403627384454012,2.9782995767391187e-07
priorregion2_spot_106,1.5976883605617332e-05,2.7569624649004255e-06,1.607227438688278,5.419430340225519e-06,0.070363350212574,4.970154714584351,0.5149450957775116,5.380092006816994e-05,2.9603382063214668e-05,1.003108488362159e-06,1.245381548642399e-06,3.856571240135055e-07
priorregion3_spot_1,6.711217406518699e-06,2.469830391760297e-07,5.708887670152763e-06,1.0778749768292072e-07,0.12149778679013253,3.4346235394477844,0.12316011972725391,1.2840223550796508,0.0008216096292017028,1.3242499619536831e-06,3.7106008790033233e-06,2.698859731253833e-07
priorregion3_spot_2,1.5358411201304988e-05,2.9618974394907125e-06,0.06305764056742191,1.2362274901533967e-06,0.05985170546919108,5.617824673652649,0.07687642127275467,3.2090602303469496e-06,1.6532043537154097e-05,8.110693613616605e-07,1.287805645233675e-06,4.1081016775024184e-07
priorregion3_spot_3,0.0003308128594653681,1.863364395831013e-05,9.361457923660055e-05,0.017211628239601852,0.09281280636787415,5.732926750183106,1.1345583498477936,9.07649620785378e-05,0.00022659544920315968,7.360282893387193e-06,0.00026041196688311177,0.8019257307052612
priorregion3_spot_4,4.744682337332051e-06,2.996969845625586e-08,4.4605700963984426e-07,3.529093870469069e-08,0.00022985587565926835,2.7979887366294864,0.009453488793224097,2.613598056200317e-07,1.0992848274327118e-06,8.213882907170955e-08,6.042306530673614e-08,1.2406760374616967e-08
priorregion3_spot_5,4.035112829114951e-06,2.639835747686448e-06,0.0005548860208364204,1.2622807844309135e-06,0.5617510974407196,4.570115661621093,0.41202656328678133,7.842985382922054e-06,1.4099588543103892e-05,2.428533468901151e-06,2.1212050569374696e-06,2.2542423891991347e-07
priorregion3_spot_6,1.2912176816826103e-05,3.978115478275868e-06,0.0775013405829668,1.0760434179246658e-06,0.023860222846269607,6.039053606986999,0.3243380427360535,1.443254905939102,0.027793390955775977,1.0741470930497603e-06,2.617709048990946e-06,9.954585834748287e-07
priorregion3_spot_7,5.083887526780018e-06,2.139268690370955e-06,8.74172887961322e-06,2.1773039549088938e-07,0.21357804164290428,6.062079524993897,0.26976099610328674,2.1819089852215255e-06,8.293956580018859e-06,1.145961499560144e-06,1.076759258467064e-06,2.757872351821788e-07
priorregion3_spot_8,5.5416206805603005e-06,2.426414084766293e-07,2.2365963900483623e-06,2.59745540631684e-07,1.5919569730758667,3.4280838131904603,0.1375937893986702,1.0723752154717659e-06,1.7916151136887493e-05,2.2022369705609893e-07,2.4835577789872336e-07,1.1003561048994474e-07
priorregion3_spot_9,4.917400218573676e-07,4.765063934542013e-08,1.881643569845437e-07,6.053162793229207e-09,0.000405322210281156,2.343931269645691,0.0025110343820415435,3.0162378124032334e-07,1.0962129692870803e-06,2.3244163127600364e-08,8.621149234500082e-08,8.759829128734963e-09
priorregion3_spot_10,0.024810752272605898,3.912053944077343e-06,5.112301114422735e-05,1.8094709787419561e-06,0.5586147218942642,6.197720313072205,0.6637737989425659,0.7945923566818237,0.014590563951060176,3.7350132515712176e-06,8.52490913530346e-05,5.249021023701062e-06
priorregion3_spot_11,5.569075960920601e-06,2.2572889747607406e-06,3.051782371699119e-07,2.515811189596207e-07,0.012337388936430216,0.8782405734062194,0.088592242076993,1.1900990060098593e-07,2.5152041598630603e-05,5.02881772490582e-07,0.005252878041937947,0.2596929952502251
priorregion3_spot_12,1.1571687991818183e-06,1.1561905921553262e-07,2.410286049325805e-06,1.24056920469684e-07,0.057890592887997624,3.4102327942848203,0.2033985584974289,2.3495333607570503e-07,1.4385706026587288e-05,1.2773739612725877e-07,2.1497520918956073e-07,3.582678509417292e-08
priorregion3_spot_13,8.750941151447478e-06,5.257833294081138e-07,3.2544939858780705e-05,1.5774757866893196e-05,0.6228600889444351,3.795782423019409,0.08265576101839542,0.7195278644561768,0.023457184340804814,5.234724937963621e-07,5.993399554427015e-07,2.6704508968578013e-07
priorregion3_spot_14,1.7080690122384114e-05,0.002067351865116507,1.9493067884468474e-05,2.560108225679869e-06,0.026628758292645216,3.6712025284767154,0.4492256760597229,0.004163974989205599,0.015932514891028406,0.002817365457303822,0.0188871038146317,1.273465460538864
priorregion3_spot_15,1.8485643579424505e-06,0.0002983278754982166,1.597323819169105e-06,6.095298950015149e-08,0.0034121801028959456,3.4004573941230776,0.45980131924152373,1.80621195435524,0.0032954505761153994,1.6921666841085427e-07,8.06097714303178e-06,1.0551455709162384e-07
priorregion3_spot_16,0.018987901974469423,9.916516148678058e-07,5.461111777549377e-05,4.203187040729972e-06,0.011292041512206197,3.0729519486427304,0.15017481073737146,1.7300617814064025,0.7931711375713348,7.220500037874444e-07,0.0016071414283942431,0.5699953585863113
priorregion3_spot_17,0.0009977723937481641,3.14010633246653e-06,4.575188486342086e-05,1.258672045878484e-06,0.0976390864700079,5.645340609550476,0.2093970499932766,1.1542502215888817e-05,2.033431828749599e-05,9.936643010632908e-07,3.6167255188956917e-06,8.235701102421445e-07
priorregion3_spot_18,1.912711031764047e-05,1.0213360155830742e-05,1.976121147890808e-05,4.355027755309493e-07,0.5594527423381805,5.827325725555419,0.3874351367354393,0.0004987690947018564,4.507464309426723e-05,9.6949138992386e-07,3.2580863603470792e-06,3.7329676274566734e-07
priorregion3_spot_19,0.00012702845779131167,5.722595858514979e-07,4.5918848400106075e-06,1.3648009598909997e-06,0.30303036868572236,2.929959440231323,0.22178357169032095,0.453650788962841,0.1761661298573017,3.463342949316939e-07,6.540178128489061e-06,0.6728243231773376
priorregion3_spot_20,1.1900899835382005e-06,2.546264326497294e-07,2.9981902798681405e-06,8.284843637795803e-08,0.029104582406580447,4.331124567985535,0.571436646580696,7.251437892819013e-07,5.6290037036887956e-06,2.296525906331226e-07,2.8053863729837755e-07,1.7247426740141238e-07
priorregion3_spot_21,5.973027418804123e-06,6.194845326490395e-07,2.8056237056262036e-06,4.7137537393382447e-07,0.0065145418280735615,3.8305182218551637,0.10942498110234739,0.6101151734590531,3.550063374859747e-05,2.3125097570186884e-07,4.068564848580536e-07,9.085254255580823e-08
priorregion3_spot_22,0.00034182170929852873,1.9837227409880145e-05,4.837457709072624e-05,3.8499183347084905e-06,0.2285131461918354,7.118916034698486,0.5347942501306534,1.8576935144665185e-05,0.013334953412413596,9.821674666454783e-06,2.6081856503878953e-05,0.31083488315343855
priorregion3_spot_23,0.0002374378535023425,2.7241119028076363e-06,5.894342848478118e-06,1.0835500290795607e-06,1.5673298060894012,4.526778316497803,0.1259181685745716,3.760765616789286e-06,9.628713814890943e-05,5.307373839968932e-07,2.793094358821691e-06,0.6532521814107894
priorregion3_spot_24,4.801610543836432e-06,1.627228769507383e-07,1.1795793761848472e-05,1.8147781304378442e-07,0.008791586244478821,1.4764992475509644,0.1738952651619911,0.40307275056838987,1.623599973754608e-05,2.631726641055821e-08,2.0850862156862606e-07,7.654839635051757e-07
priorregion3_spot_25,7.198236289696069e-07,3.334633946749933e-08,3.319170573945485e-07,1.6298246574564246e-08,1.4091255843639374,1.054506129026413,0.006047764234244824,2.6669518859989694e-08,1.93630495459729e-06,2.358142303648947e-08,2.607554606015583e-07,2.4993940961337558e-08
priorregion3_spot_26,0.49123838245868684,1.441938238713192e-05,2.821409216267057e-05,1.1052206048134394e-06,0.11231563501060009,5.910273957252503,0.2030070848762989,1.2995292782783507,0.00015397996030515058,3.0245577249843338e-06,1.2813792818633375e-05,0.21512316837906836
priorregion3_spot_27,3.299256077298196e-05,4.1254974973981013e-07,3.9835411143940295e-06,1.086517588788638e-07,0.2868601948022842,4.648478412628173,0.025320680066943168,2.60241362184388e-06,4.480364236769674e-06,1.4588004546567392e-07,2.1396278839347363e-06,3.4242520712268744e-07
priorregion3_spot_28,3.6495744524245323e-07,2.0131199729434004e-08,1.0919172055423587e-07,9.330048866829089e-09,0.0011472805752418935,2.4903705239295957,0.027723477315157653,3.7405903583476177e-07,8.686177579875221e-07,1.7736961943626284e-08,2.3389967385156753e-08,2.5423131777557727e-08
priorregion3_spot_29,1.7188419587910178e-05,1.7084469732253638e-06,0.007548544951714575,1.0969872846544603e-06,0.5106137156486511,6.064342570304871,0.046400708891451356,7.530673678957101e-06,1.878329103419674e-05,1.3779062271623845e-06,2.072308586775762e-06,2.9951268203376464e-07
priorregion3_spot_30,0.11672487929463388,2.738953594416671e-06,1.575413161845063e-05,2.1936880671091786e-06,0.05807577427476645,4.752312016487122,0.19783914908766748,0.5417654722929001,4.515806704148418e-05,8.213602359319338e-06,4.191174980405777e-06,9.643474659242202e-05
priorregion3_spot_31,5.392251805460546e-05,1.639409376252843e-07,1.6480354588566116e-06,4.357490496431639e-07,0.12698067128658294,2.667443943023682,0.07146991826593876,3.0996065106592144e-06,3.9474902223446406e-05,5.19587822509493e-06,0.03948674518615007,0.5915024191141128
priorregion3_spot_32,1.0267480411130236e-05,3.187974311913422e-06,8.715468766240521e-06,1.9414534122574883e-07,0.16641262099146845,6.152144718170167,0.3411763176321983,2.9540150762841224e-06,1.1708790316333763e-05,1.6007890337732535e-06,4.433550457179081e-05,1.0652582602688199e-06
priorregion3_spot_33,3.0407036206270275e-06,2.4383668595362454e-08,8.020731314672959e-07,1.4483459764846886e-08,0.00048475727817276493,1.8051318943500518,0.026443663425743582,0.6432592391967774,7.057970628920885e-06,5.645760747796658e-08,8.557453625712697e-08,5.20541101778349e-08
priorregion3_spot_34,5.672877955475997e-06,9.666687432741128e-08,1.8788989137874522e-07,0.0029450225410982966,0.001507108530495316,1.5105508327484132,0.20119692385196686,0.2561519339680672,0.0001931511033035349,6.257969744183356e-07,5.370428624473789e-07,6.884779139681997e-07
priorregion3_spot_35,0.1470329836010933,1.6432404549959756e-06,0.0012022114940918984,3.1283097712275776e-07,0.14049077406525612,2.4965649962425234,0.3378832221031189,0.5941594630479813,1.2372812534522382e-05,5.444164941081908e-07,3.898822683368053e-06,2.1067144007247408e-05
priorregion3_spot_36,1.5792802116720848e-06,8.704024665462385e-08,4.789535680060908e-07,8.704524345759525e-09,0.0010648910538293421,3.121095657348633,0.014963643066585064,9.862713632173837e-05,1.0179020273426432e-05,1.6101112088051655e-08,2.837052221593695e-07,1.2378865044126997e-08
priorregion3_spot_37,5.418359251052607e-07,2.788240877293902e-07,2.5153628087082324e-07,8.630510217599865e-09,0.03542131874710322,1.636246281862259,0.6231004476547242,5.4199120036457773e-08,1.7487548063854775e-06,2.5980820606008592e-08,1.5775029780229488e-07,1.067412793709366e-08
priorregion3_spot_38,1.4475330203822522e-06,2.6003829702858636e-07,8.226366986718859e-07,4.538551454658092e-08,0.014710778975859285,3.8923075199127197,0.45511935353279115,3.055127092466137e-06,2.6434322808199796e-05,1.7857758436434778e-07,3.5092967607397443e-07,5.3209039840851347e-08
priorregion3_spot_39,9.6995532658184e-06,1.8707320847966005e-07,5.250262529443716e-06,5.024854878854512e-08,0.7062936842441558,2.878187143802643,0.9983804553747178,2.525955210330722e-06,8.523052520104103e-06,1.729034430297816e-07,3.7328656361523825e-07,0.00023250195008586163
priorregion3_spot_40,1.0316901443729877e-05,9.962800959328888e-07,1.4079325126203914e-06,7.381545756857123e-08,0.014774661744013429,3.4354785680770874,0.07412341833114625,4.939188347634627e-05,9.842198460319196e-06,1.9408881613003362e-07,1.0737078497413678e-07,3.1440578140973235e-07
priorregion3_spot_41,0.07051547206938268,1.0638167339038774e-06,1.2950902691954981e-05,5.840340918439324e-07,0.14209913238883018,4.560492515563965,1.0890949070453644,0.0017004994442686439,0.0003199452723492868,6.851472619473497e-07,7.808781119820197e-05,7.141463640891744e-07
priorregion3_spot_42,0.00016509125780430622,3.029195431736298e-06,0.0009745466173626483,3.3565867624929527e-06,0.06369017101824283,4.04051067829132,0.04212361536920071,6.744121805013493e-07,2.5091795919252037e-06,9.339206208380801e-08,2.0275619831977566e-07,6.069684310716639e-08
priorregion3_spot_43,0.0017664777114987373,5.626946546044565e-07,4.465681627152662e-06,3.228237289931713e-07,0.11327136047184468,4.947787785530091,0.09595597721636295,0.00011174695900990627,2.066266115434701e-05,4.487941183128896e-07,7.220379188765947e-07,5.457597183067265e-07
priorregion3_spot_44,2.9390446115939995e-06,9.099679743940215e-07,1.9829753910016734e-06,6.305540196649419e-08,0.057545474357903005,2.599381613731384,0.649723806977272,0.001011934335110709,3.245001280447469e-05,7.2732619571525e-08,1.923320485275326e-06,2.6752192212597946e-07
priorregion3_spot_45,0.00017942536142072642,5.214694328969926e-06,0.00017693278059596198,4.4234266624698655e-06,0.12512529268860817,8.096886491775512,0.5608236849308014,1.4525344886351376e-05,7.524037755501924e-05,2.556806589382177e-06,8.054243380684058e-06,2.410511897323886e-05
priorregion3_spot_46,2.1978967743052637e-05,7.094854652223149e-07,4.7443941184610594e-05,4.026639508083463e-05,0.007736690132878721,3.227105438709259,0.2532900393009186,1.923181764595938e-06,1.7154171382571805e-05,6.514780039879044e-08,2.455127201983487e-07,7.242623105696567e-08
priorregion3_spot_47,1.1046979125239886e-06,2.1625474317943373e-07,5.461085919478138e-07,3.0255489136266084e-08,0.012025536876171828,2.829521036148071,0.48306739777326585,9.157533099823923e-07,1.7432639424441732e-06,3.597048046088957e-08,1.1914916946409448e-07,3.237570496139598e-08
priorregion3_spot_48,6.267158860282507e-05,1.6505045493886429e-06,0.03666741382330656,4.9413189117331054e-06,0.10313338227570057,5.443127799034119,0.6506808668375015,2.6948297545459358e-06,2.3357716236205304e-05,9.393154527970183e-07,3.084252739427029e-06,9.582580872802283e-07
priorregion3_spot_49,2.3824667778171718e-06,4.852640472563509e-07,1.5863811677263583e-05,1.4084247027312812e-06,0.023084546253085137,4.781370520591736,0.5657352983951569,0.761389246582985,2.1495409328053938e-05,7.865113701654991e-07,5.607721072919958e-06,5.182031998174352e-07
priorregion3_spot_50,8.157103320627358e-06,2.4877860056449207e-07,7.75410189817194e-06,7.38228983721001e-08,2.0008464217185975,3.162400722503662,0.33933812081813813,1.856325678772919e-06,1.4566910635949172e-06,1.264827957925263e-07,1.0101556462416283e-07,6.14579722224562e-08
priorregion3_spot_51,5.6847502492018975e-06,1.488975804875281e-07,1.0291351088653756e-06,2.500596840704361e-08,0.05512144025415182,3.367104232311249,0.037297879345715046,4.929123520014401e-07,1.562492678885974e-06,8.041586369245126e-07,3.7867354308218634e-06,8.833224747206715e-08
priorregion3_spot_52,0.009886696003377438,6.456672622334736e-06,0.0038218940724618735,2.529524442707043e-06,0.30469759553670883,6.588448452949524,0.17299609184265136,0.6015916407108307,0.00017424957259208897,3.4662942539398504e-06,5.6117622762030805e-06,1.7645581237957231e-06
priorregion3_spot_53,0.000342249040841125,2.2932318586299518e-07,7.764687637745738e-07,3.329525348760854e-08,1.2156077444553375,3.8613287687301634,0.00347669793991372,1.8937696040666196e-05,1.7930028718637915e-06,9.783624399517521e-08,8.113131428899578e-08,1.1346093948816362e-07
priorregion3_spot_54,3.6345272292237498e-06,4.101445583160057e-07,2.368943899000442e-06,1.1152801349112451e-07,0.0017220610228832812,3.7384029150009157,0.21510244384407998,1.5924288675250865e-06,3.364982887887891e-06,9.639651175064046e-08,2.1010973085822116e-07,9.622291976540963e-08
priorregion3_spot_55,0.006603676988743245,8.688000343681779e-06,0.0006449216569308192,7.441196885338287e-07,1.6181681096553802,6.953210234642029,0.12333000227808953,1.1101113841505139e-05,1.84040845851996e-05,1.9562896113711757e-06,3.28811811414198e-05,1.4076072829993793e-06
priorregion3_spot_56,1.369715937471483e-06,4.467300733779211e-08,1.9904057239727993e-06,3.4160786839265715e-07,0.007453957153484225,1.956334412097931,0.1733037993311882,1.1816293806532486e-06,6.8981579488536235e-06,1.343963051958497e-08,2.501901326112943e-08,1.1750709454361185e-07
priorregion3_spot_57,4.3612902800305164e-07,2.6112375621778484e-07,2.1410222359463662e-07,2.3174377172807682e-08,0.027143879514187577,2.194580447673798,0.1652784287929535,6.392206977068327e-08,8.3627053015789e-07,3.597559814494389e-08,3.5162647371578265e-08,9.751322638251736e-09
priorregion3_spot_58,4.173008937868871e-06,1.675268327971935e-06,1.2321115582381027e-05,2.805496137625596e-07,0.048523385822772984,6.934813523292542,0.41046026051044465,0.00017005427289404907,4.040620515297633e-05,9.082098841872722e-07,4.522777589954785e-06,3.9777534084350923e-07
priorregion3_spot_59,5.744103759752762e-06,3.9063198073563406e-06,7.310876480914886e-06,1.9760368417109932e-07,0.07222628407180309,5.250681543350219,0.47252585738897324,4.103581886738539e-06,4.3524945340323026e-06,8.479425133600672e-07,0.00011218667859793643,2.6431939375015646e-07
priorregion3_spot_60,1.0972067514103401e-06,2.4386832961909024e-07,7.877896268837504e-06,4.9726352280288216e-08,0.02970994310453534,5.186297416687012,0.05396964717656374,1.944857365288044e-06,2.476524116445944e-06,1.8691203180765116e-07,3.2321639338306345e-07,1.1338903647128975e-07
priorregion3_spot_61,1.6092584564830763e-05,8.99903520235057e-07,1.0676458089164953e-06,1.5837528621887031e-07,0.0014270044630393386,2.709006977081299,0.07301816828548909,2.0219941688992554e-06,8.196047838282539e-06,1.8444627414737626e-06,1.0883499612646121e-06,0.289839443564415
priorregion3_spot_62,5.924193851569726e-06,3.612039336076123e-06,1.7194747761095643e-05,4.858036390942289e-07,0.17598210126161576,7.053560876846314,0.13418582305312157,9.972373700293247e-05,2.4663697786309058e-05,1.2258275035037514e-06,2.51766365408912e-06,2.691597657644707e-07
priorregion3_spot_63,3.3560055612724684e-06,1.1418618839798002e-06,0.1257637359201908,1.6759527056819934e-06,0.012351065548136829,4.464276766777038,0.3403260096907616,8.586714386638051e-07,5.522177048078447e-06,2.49900612914189e-07,5.71510210534143e-07,2.456392053318268e-07
priorregion3_spot_64,0.0006528136553242802,8.308064195716725e-07,0.0008510715386364609,2.2213378201740854e-06,0.018793183378875256,4.288699960708619,0.09364820048213006,4.501298390096054e-05,6.6840734689321835e-06,6.911978090329284e-07,4.331209152041993e-06,2.084200076524212e-07
priorregion3_spot_65,8.146397067321232e-06,1.1847444227441884e-06,0.04331701435148716,2.586595542197756e-06,0.009982562204822897,6.1481355905532835,0.14985216781497002,3.5787300475931263e-06,1.177731965071871e-05,8.088860681709775e-07,2.281798072090169e-06,5.555809877932917e-07
priorregion3_spot_66,8.095310386124766e-06,4.132472372475604e-06,1.541468154755421e-05,3.2281175208481735e-07,0.28412000387907027,6.5302614927291875,0.8539092600345611,5.400868371907564e-06,4.562302437989275e-05,2.326471656033391e-06,5.454424899653532e-06,1.5509812271830015e-06
priorregion3_spot_67,8.331158869623324e-06,5.092440223961603e-05,3.997141975560226e-05,1.3600271188352054e-06,0.3760974109172821,4.229001832008362,0.21322583481669424,0.006159568368457258,3.017798399014282e-05,1.6438047987321627e-05,3.372861203843058e-06,0.3698179766535759
priorregion3_spot_68,0.00021957204808131792,6.047900387784466e-06,0.001288858719635755,4.0954322912512e-06,0.13358308672904967,7.299217486381531,0.386726476252079,0.0005964345211395993,9.08089608856244e-05,2.1456561512422924e-06,0.00010318315326003359,3.0585592526222175e-06
priorregion3_spot_69,1.0180302012940958e-06,2.627780901320875e-07,0.000203241369308671,1.5459993036870402e-07,0.0019420501834247262,2.0959178805351257,0.0006760422053048387,1.7323416923176183e-08,2.6103346186800994e-07,3.4338381510679025e-06,1.5733400360318228e-08,1.4640757894923698e-08
priorregion3_spot_70,1.7210168323344992e-06,2.6919672535541395e-07,0.0001656725427892525,6.260160972715313e-07,0.412587383389473,2.81570121049881,0.11219866834580898,1.067760354280472,8.756778079259675e-05,1.6205346113906672e-07,8.62493202475889e-06,3.967035425489485e-07
priorregion3_spot_71,1.525314860373328e-05,3.194790508587175e-07,0.04589933324605226,8.777763127909566e-07,0.0029692600248381494,2.6338777899742127,0.2749048963189125,4.1553980878461527e-07,2.4949919975369997e-06,1.923478961884939e-07,2.0273452676633495e-07,2.564335135346596e-08
priorregion3_spot_72,3.228428577131126e-05,9.056879025592935e-06,0.0007527986017521471,5.622305579890963e-05,0.11118427850306034,8.320817136764527,0.5220488369464874,2.706450077312184e-05,2.8775296595995317e-05,1.9782711092375393e-06,5.618345221591881e-06,9.442925858138553e-07
priorregion3_spot_73,3.0315021922433517e-05,1.0695551608819188e-07,0.00033101058070315046,3.1445900390281166e-07,0.04683334417641163,2.6414868950843813,0.03971353247761727,3.039882045641207e-07,1.922259161801776e-06,3.8814979319568016e-07,6.516614604379357e-07,9.841043464575708e-08
priorregion3_spot_74,0.010749000357463956,4.618913999365759e-06,0.04837471377104521,4.142937314099982e-06,1.9122809886932373,4.533261919021607,0.1397231675684452,0.6418291538953782,0.0001539799151942134,8.839275835725857e-07,1.3623508721138933e-06,1.2385550974158834e-06
priorregion3_spot_75,2.8576402968383266e-07,1.1878021988209754e-08,3.6723932339555176e-07,6.841408861646414e-09,0.5805685579776764,2.3925150275230407,0.002477061015088111,7.251448380429794e-07,9.082547512662131e-06,4.774456048295406e-08,8.139227567482978e-08,8.715516752744179e-09
priorregion3_spot_76,5.0741160521283746e-05,1.8189538513979643e-05,8.915878970583435e-05,4.692662128036318e-06,0.1015149049460888,6.614793205261231,0.8297560155391693,0.5949331015348435,4.7563362386426895e-05,0.00018477247504051776,4.937517933285563e-05,0.3489547073841095
priorregion3_spot_77,0.526383352279663,1.612260211913963e-05,9.832436762735598e-06,5.626075335385394e-07,0.0010396032012067735,3.1383073925971985,0.06739702895283699,1.4422385106627189e-06,4.54430385161686e-06,3.711838715503291e-07,6.168046911625425e-06,0.1801042415201664
priorregion3_spot_78,5.876264964399525e-07,7.548721896455391e-08,6.15752338717357e-07,7.112742261838894e-09,0.00015706426493125036,2.5952962160110475,0.0817344170063734,5.350255236180601e-07,7.90314211940313e-07,3.547762297273494e-08,5.817286194087502e-07,2.1184350007530383e-08
priorregion3_spot_79,4.787336388289987e-06,6.494011756785766e-07,0.05175077337771654,0.07324412800371648,9.612626809030189e-06,0.6468173056840897,0.15550429448485376,1.6780785685455158e-07,0.00021360614991863258,2.0208226203521917e-07,4.80451153634931e-06,0.7164304733276368
priorregion3_spot_80,0.041694522649049756,5.528367410079228e-06,3.66840398783097e-05,2.6599046486808222e-05,0.30553981363773347,6.47911479473114,0.10724252089858055,0.0008262497751275077,0.06133313234895468,3.1084931379155024e-06,4.052252479596064e-05,0.7803410857915878
priorregion3_spot_81,0.07590754739940167,1.1416300048949778e-05,4.7594954412488737e-05,2.9855808975298715e-06,0.3259295731782913,7.838395500183105,0.40069097876548765,0.3242171689867973,0.00010106207191711292,1.9153131324856078e-05,5.211191200942266e-05,4.398978467179405e-06
priorregion3_spot_82,1.393311322317459e-06,1.0600850089304003e-06,3.290421705059998e-06,8.491870708837724e-08,0.060103260539472105,4.640350580215454,0.22592469230294226,0.0005213604570599273,1.144397356256377e-05,3.83209597032419e-07,2.511505283564475e-06,9.70658593502094e-08
priorregion3_spot_83,7.107960459507012e-06,1.8079906681123247e-06,1.679130691627506e-05,1.0294569747770767e-07,0.09985690265893936,3.7882392525672914,0.3181515380740166,2.215126983173832e-06,3.0715578850504245e-05,1.7886318204318743e-07,6.987562983340468e-07,8.650855193081952e-07
priorregion3_spot_84,2.558239816607966e-06,3.589928473957116e-06,1.8549973333392701e-06,4.812355189898199e-08,0.6771406680345535,3.4769216299057004,0.1906310744583607,4.2643389264185316e-07,2.8204489012750858e-06,1.703721643764311e-07,1.9182170802878317e-07,1.0118052955476743e-07
priorregion3_spot_85,1.737866703876989e-07,9.985464046735615e-08,8.121404988514773e-08,6.545377750910575e-09,0.0010178159864153713,1.9230354249477386,0.07845079936087132,4.308109033956953e-08,9.62394841508285e-07,1.4985763741037772e-08,1.6243906220125837e-08,4.403619890958055e-09
priorregion3_spot_86,0.026735885627567766,7.458765594492434e-06,0.00025513421278446915,1.4155750420741242e-06,0.12160164155066013,5.970588779449463,0.9185080796480178,0.003911372506991029,0.00025395279735676015,1.465864613692247e-06,6.496215451079479e-06,1.887535927380668e-06
priorregion3_spot_87,0.0001484199339756742,5.056629106547916e-06,2.0086160839127844e-05,7.147050098410548e-07,0.5240735381841659,5.099768543243409,0.16311949118971825,2.087759530544281,0.0006902760098455474,0.012042313115671277,0.0002709562802920118,0.8439652472734451
priorregion3_spot_88,2.9080587893304255e-07,1.9700314268789046e-08,2.656597200711985e-06,2.302546725729826e-07,6.83970116369892e-05,0.9697506010532378,0.37320298701524734,2.5093907964901516e-07,1.0099558892306958e-06,1.014563633106036e-08,3.679403928202873e-08,8.40418743486282e-09
priorregion3_spot_89,7.941742524053552e-06,1.769815884244963e-06,1.1494641466924805e-05,2.3614352926415452e-07,0.1879148967564106,6.141913032531738,0.590694409608841,1.2133893551435904e-05,2.048784963335493e-05,1.5860459768646252e-06,8.791054096946028e-06,2.893184870345067e-07
priorregion3_spot_90,6.541746661241632e-05,3.000220522153541e-06,0.00023860352666815743,6.123057090690055e-07,0.2504218190908432,6.377786493301391,0.20802736803889277,1.266496237803949e-05,1.1518475321281586e-05,3.362753170677024e-06,9.551460152579239e-06,1.6014977063605328e-06
priorregion3_spot_91,1.5356797848653515e-05,2.0297405498581613e-07,1.7682621432868474e-06,8.109253606392032e-08,1.2494149208068848,2.1664320707321165,0.6482677668333053,2.548730957508087,0.001036248850869015,2.1244966887934428e-07,6.416776699325056e-07,4.905013497591426e-07
priorregion3_spot_92,1.2417780283158207e-06,2.815904700526062e-08,4.371540762804216e-06,2.3018369077476565e-08,0.0001615457505977247,2.5167943239212036,0.09504690244793891,1.8417279648019758e-07,7.752741254307694e-07,5.933436550975557e-08,7.518751914403766e-08,2.0546691393974468e-05
priorregion3_spot_93,0.6061047524213791,0.00012895494292024522,1.4440648374147716e-05,1.057006880955669e-06,0.2152082458138466,5.209543704986572,0.2142545357346535,0.009062737785279752,8.350416283064989e-05,3.6869715700049713e-06,0.001120776141760871,0.18785277828574182
priorregion3_spot_94,0.003926780121400952,2.4588466203567802e-06,0.00022094140585977585,1.522547916010808e-06,0.09487884566187858,6.809916067123413,0.3045418679714203,0.005844885623082519,4.598747855197871e-05,1.245120898829555e-06,3.3992603334809248e-06,3.7816093481524155e-06
priorregion3_spot_95,1.3011975909194008e-06,1.0697220638178352e-07,1.2244285699125614e-06,7.325593642804053e-08,0.1028424471616745,3.359307146072388,0.4789582535624504,4.497336277609067e-07,6.461880730057601e-06,9.492514116971052e-08,2.9307859961136273e-07,9.316763289746177e-08
priorregion3_spot_96,0.0003189299473888241,0.00044991112081333996,1.0898522350544227e-05,0.0007686985278269276,0.7109454691410064,4.229099297523499,0.27824861407279966,0.8844691723585129,8.059021638473496e-05,2.5298932882833473e-06,0.00026078899682033805,0.6853182405233383
priorregion3_spot_97,2.7710252368251533e-07,3.2419779216752437e-08,1.9752144737594794e-07,2.5294373884321433e-08,0.05992864146828652,2.548619794845581,0.031195455975830556,2.2475671883626093e-07,2.0156529217274508e-06,1.8522382472241364e-08,7.987049563951133e-08,2.911121210757983e-08
priorregion3_spot_98,2.4982573813758796e-05,6.47430711069319e-06,1.6103475536510815e-05,6.168049367261121e-07,0.17145856395363807,8.23817973136902,0.16985602751374243,0.011341141629964115,0.00016093237936729566,1.7566778865329981e-06,6.204722558322828e-06,7.762666342614466e-07
priorregion3_spot_99,1.0332963483961068e-05,5.021988340558892e-06,3.999097425548825e-05,1.3116712295868638e-06,0.06819580271840096,6.613510513305664,0.8080059468746186,1.083033311367035,6.32406328804791e-05,1.6813556499073458e-06,1.0206543856838837e-05,9.251372489416101e-07
priorregion3_spot_100,1.2838103339163359e-05,9.612057766617e-07,1.4214249358701637e-05,9.639745485401364e-07,0.20416266992688178,5.534503221511841,0.4000896841287613,3.2424589880974965e-05,0.01760228332132101,9.371706767069555e-07,1.6832597680149775e-06,8.295164377614129e-07
priorregion3_spot_101,0.0009279915917431936,6.77278155762906e-06,1.6760738162702182e-05,1.7860011070069961e-07,0.0402448320761323,5.674734902381897,0.27457063645124435,0.7012236058712006,2.2021106997272e-05,2.308128341610427e-06,2.851043086593563e-06,8.689418734775246e-07
priorregion3_spot_102,0.018359651230275633,1.2262692564490864e-06,8.205869198718574e-06,3.033242649053136e-07,0.787177911400795,4.234994029998779,0.31234411150217056,2.3507209420204163,6.435857721953653e-05,5.595824774218271e-07,1.0440125379318488e-06,6.276923926407108e-07
priorregion3_spot_103,2.048210590146482e-05,6.918729070548581e-07,4.4223083932593e-06,1.0506987706548898e-07,0.04018845576792956,4.456993961334228,0.338982418179512,2.1532371829380284e-05,5.488736451297883e-06,2.968905334910233e-07,1.0547851729825197e-06,4.796919961336244e-06
priorregion3_spot_104,1.2181214106021799e-05,1.9978355112471036e-06,5.122303446114529e-06,1.0115211566130712e-07,0.03604335598647594,3.777508318424225,0.6528250634670257,0.7539118230342865,1.5035717206046684e-05,2.629339661552877e-07,4.883630992935651e-07,2.650208656973519e-07
priorregion3_spot_105,6.956492211429578e-06,3.2977928725586026e-07,7.5557079981081195e-06,1.2685850876437143e-07,0.09690753370523453,4.820228028297424,0.3032632365822792,6.504049906652654e-07,6.718815393469413e-06,3.207860729048662e-07,6.240483372721428e-07,2.386827986811113e-07
priorregion3_spot_106,8.987550103256582e-07,7.313353016513703e-08,1.3582755627794542e-06,2.4587216618243707e-08,0.00035858354240190236,3.4625142216682434,0.12485737651586533,1.8903076224319192e-07,1.089486988803401e-06,9.343228448699393e-08,1.976538790415816e-07,2.405005767869284e-08
priorregion3_spot_107,4.310916483518667e-06,4.0940228629438026e-08,1.7746896446624304e-06,3.50276911476044e-08,0.015327054681256414,0.9200960367918014,0.10114001743495464,5.988756885955127e-08,1.0918945508819889e-05,1.851449873413458e-08,3.9654704764302556e-08,1.8555436476219714e-08
priorregion3_spot_108,3.280987975813333e-05,2.3262365743903502e-06,5.717167750844965e-05,4.117195658182028e-06,0.17524890899658202,6.684011960029602,0.418302296102047,0.005925745726563036,5.972752824163763e-05,1.285743815060414e-06,4.768357257489697e-06,1.5842873210658582e-06
priorregion3_spot_109,4.959534417139367e-05,3.072972720019607e-06,1.6018195674405432e-05,1.0889523082369127e-06,0.07034122869372368,6.276330614089965,0.759977239370346,0.0018886756792198867,2.444161527819233e-05,1.2774740639542869e-06,4.43900987647794e-06,5.802042352343051e-07
priorregion3_spot_110,0.00016375210252590479,3.2440873724226554e-06,0.0003828104949207045,4.4867829558370435e-07,0.05882088467478752,6.329783105850219,0.5550824344158172,8.822174168017228e-05,2.8483580808824627e-05,1.0525555978802003e-06,5.616458975055139e-06,5.75177269638516e-05
priorregion3_spot_111,1.5636242642358412e-05,8.934996549214702e-06,0.04131921175867319,5.6948417750390945e-06,0.08811715058982372,6.1721611499786375,0.7188321501016617,7.081156513777388e-06,7.888945838203653e-05,1.3948012451692198e-06,4.365655536275881e-06,1.75855864767982e-06
priorregion3_spot_112,5.72710766846285e-06,1.2974990738712223e-06,1.2787199739250355e-05,2.9318074439288467e-07,0.8317662179470062,6.28233437538147,0.14257485345005988,9.545876309857704e-06,9.37058021008852e-06,1.0970376763452806e-06,1.7841722922185e-06,8.243320110068454e-07
priorregion3_spot_113,1.6142585718625926e-05,1.4447023659158731e-06,7.261003611347406e-06,1.3015762647228258e-06,0.0653567597270012,5.061979913711548,0.3294520154595375,0.002065801445860416,1.5215228631859646e-05,3.0621661295526797e-07,1.6499568175731838e-06,2.4828606655091794e-07
priorregion3_spot_114,2.0829530399169015e-06,9.748656069064054e-08,9.940396488161697e-08,8.085950220504402e-09,0.002066720090806484,1.7647833228111267,0.0029319302644580606,1.0244514143664673e-07,1.5680642093229836e-06,5.148482546957212e-08,7.440119205170959e-08,1.9398624573341296e-08
priorregion3_spot_115,1.8005270703724818e-05,2.203890005603171e-06,9.287337743444367e-05,2.217887197275559e-06,1.0372241675853728,6.397396206855774,0.4321382388472557,0.00049405557801947,0.00022088751793489792,4.005215782854067e-06,4.087335491931299e-06,6.9082898789929466e-06
priorregion3_spot_116,0.00017492562838015147,3.038779914277257e-06,4.375173120934051e-05,1.1401766926155688e-06,0.2699302241206169,7.060806632041931,0.29877728670835496,0.0026359067065641283,0.00010696850004023873,1.8342633097745421e-06,4.357268335297704e-06,1.4562283467967063e-06
priorregion3_spot_117,0.0006872846512123942,3.815062405010395e-06,4.190545423625736e-05,2.757364518402028e-06,0.22418831139802933,5.770766973495483,0.6575785428285599,0.0009230566734913737,0.00029570143960881977,9.000235991152295e-07,3.321364386010828e-06,1.2211978173581885e-06
priorregion3_spot_118,2.786369914247189e-05,3.4674496052211623e-09,1.6262020778867737e-07,1.4140467963219552e-09,1.0441634721303218e-07,0.23197545409202577,3.3721321415214334e-05,9.212800522462317e-09,3.920619818131854e-07,1.0157401630905837e-08,2.9443055438171942e-09,2.629164874701218e-09
priorregion3_spot_119,1.273291100005736e-05,1.9870027131219103e-06,5.3650815061701e-06,4.2154299677577e-07,0.9868631213903427,3.6446569800376896,0.2431448742747307,2.8793016372219427e-05,0.00010734257994045038,3.9283405499190856e-06,5.679542277903238e-06,0.23523729518055916
priorregion3_spot_120,0.10771317929029464,1.103363774745958e-06,8.691762286616723e-06,3.0506414248065996e-07,1.8555207073688507,3.9886765480041504,0.38214945048093796,0.6875758230686188,3.123061796941329e-05,5.0215561202549e-07,1.3279022539336438e-06,4.2864361375904987e-07
priorregion3_spot_121,0.0002133951667929068,1.986106281037792e-06,1.19495553917659e-05,1.0470184975019949e-06,1.140645545721054,3.9340696811676024,0.672347503900528,1.9547848660295133e-05,0.006905236770398915,2.13777339013177e-06,0.002406107250135392,0.36388807147741314
priorregion3_spot_122,6.544638881678112e-06,3.9742219684058003e-07,1.5751259411445063e-06,5.5833688961115516e-08,0.08129922412335873,3.534961795806885,0.03746533617377281,7.377033739430772e-06,1.1387144877517131e-05,1.221489377201124e-07,8.157729780577941e-08,1.3244135388390532e-07
priorregion3_spot_123,0.0001752403644786682,1.744213506071901e-07,1.4789663168812695e-06,6.420906650816961e-08,0.45783927589654927,3.1482168674468993,0.03627369031310081,7.912959432587741e-07,0.004443243402056396,3.2872246151782743e-07,1.153948227283763e-06,5.091094692488696e-07
priorregion3_spot_124,0.00041749122901819653,3.269563464414205e-07,3.02158902343308e-07,1.1710268132958391e-08,0.5198369771242142,2.406738317012787,0.018559417221695185,8.940646907262817e-08,6.660740064035053e-06,3.79205989275988e-08,5.899060084857411e-08,2.6618081871987448e-08
priorregion3_spot_125,2.402905545295653e-06,6.100993203972395e-07,9.705882348498564e-06,1.36580248977225e-07,0.09207297749817371,6.987767624855041,0.09399528093636036,4.311210636842588e-06,5.5433955594708095e-06,3.6031509722533886e-07,8.156057532460183e-07,3.1240992512948653e-07
priorregion3_spot_126,1.3353117174119688e-05,4.889892011306074e-06,0.001629744074307382,3.2579498110862916e-06,0.0053251337260007865,2.7241085052490237,0.370510733127594,0.004279986838810146,0.00019927087778341958,0.005304664303548634,9.185258168145084e-05,0.4377076640725136
priorregion3_spot_127,2.2736372670806302e-06,1.5029862154847254e-07,4.95365691222105e-07,2.663112210754548e-08,0.13171147853136062,1.907356321811676,0.05136025808751583,1.145707941055298,1.3427952353595174e-05,5.649921916983658e-08,2.504678903392232e-07,1.32868522229046e-07
priorregion3_spot_128,5.26597862062772e-06,1.5201989981505904e-06,0.04188751373440027,3.0865160169923915e-06,0.1452671192586422,4.193307423591614,0.5198917418718338,9.458850115606766e-07,9.428552584722639e-06,1.7826759943773143e-07,1.1827228945548995e-06,7.667275468747905e-07
priorregion3_spot_129,0.00016083772206911817,0.00014623557581217028,8.391767587454523e-05,3.5394152291701177e-06,0.47816009670495985,6.833011865615845,0.7434297472238541,0.00017323673018836415,7.445324263244402e-05,2.482035063167132e-06,3.5858925184584225e-05,4.923757223878056e-05
priorregion3_spot_130,2.9160488338675353e-05,1.9239280732108456e-06,1.388172777296859e-05,1.1676369240376516e-06,0.004199180752038956,2.529462158679962,0.3938140317797661,1.7114401519298554,0.0010178992873989046,0.04997462891042233,0.057304130494594575,1.1097107529640198
priorregion3_spot_131,5.554326853598469e-05,2.0862273686361732e-05,0.00018693460006034002,7.502882272092393e-06,0.5211946994066239,6.706013393402099,1.0926457583904268,0.013668174063786863,0.00013586366185336374,2.730424275796395e-05,2.8424260290194073e-05,0.3896617203950882
priorregion3_spot_132,2.425274487904972e-06,7.096945211060303e-07,0.0015950167842675,4.1439557435296596e-06,0.0692573718726635,4.82352340221405,0.37304529398679737,0.008253763802349568,1.728672013996402e-05,3.852193117381831e-07,9.237289077645983e-07,3.883006456817384e-07
priorregion3_spot_133,7.40371488063829e-05,1.1007360581061222e-05,0.03896922059357166,3.307141869299812e-05,0.06109000276774168,7.802516627311707,0.4214157313108444,0.7338740199804306,4.388280449347804e-05,2.7443275030236695e-06,6.670557813777124e-05,3.953497639486159e-06
priorregion3_spot_134,1.638066805753624e-06,1.774006079813262e-07,0.07377272732555866,7.483254023554765e-07,0.008024191157892347,3.8766094923019407,0.04608146455138922,4.583544000524853e-06,2.627779326758173e-06,1.1881107013778091e-07,2.986202517263337e-07,1.047963408495889e-07
priorregion3_spot_135,8.816581839710126e-07,9.063184158719651e-09,5.272703856462613e-06,1.003242635633228e-08,0.00692281152587384,1.3919504940509797,0.0946912057697773,1.4126072471754015e-07,1.6911873672142977e-06,4.962678068487493e-09,2.874754034820626e-08,3.204456380245802e-08
priorregion3_spot_136,5.3951507834426596e-05,2.1722671931456717e-06,9.994038146032836e-06,8.39968814148051e-07,1.6559972763061523,5.331724858283996,0.3621009051799774,1.5141365702220357e-05,0.008717429498210548,1.5113257745724697e-06,2.225481273399055e-06,1.1519771476287133e-06
priorregion3_spot_137,0.016760125011205673,5.276944898469083e-06,0.062212827056646346,5.748271769334679e-06,0.2853687822818756,7.920181155204773,0.06439047008752823,1.7398634672164917,0.007693427009508013,4.431760225998005e-06,3.3025536868080967e-05,1.6443727929527084e-06
priorregion3_spot_138,6.118346306038803e-07,2.9846662670252043e-07,6.879522658209681e-07,3.756791162601303e-08,0.004570176010020077,3.878095507621765,0.16529988199472428,2.3884336783908113e-07,1.4065186860534599e-06,6.591166581415565e-08,1.9700422271284879e-07,4.6244750073753946e-08
priorregion3_spot_139,0.025581004004925488,1.221695050901417e-07,1.227228312927764e-06,6.935085501424965e-08,0.022622476052492856,3.3833409547805786,0.07277094684541226,1.1343795961238358e-06,1.123139045375865e-05,6.777163328308689e-08,1.2773087760820091e-07,7.922487306188943e-08
priorregion3_spot_140,8.643066905733577e-07,1.1542359867888763e-08,0.04575387798249722,1.8440445188616651e-07,1.961772522918182e-05,1.5821727097034453,0.04138382188975811,3.508536252638805e-08,4.5993083972462053e-07,3.032915785183832e-08,3.8499366006306e-08,5.3776550146267265e-08
priorregion3_spot_141,0.040933276340365414,2.6749848984763958e-06,2.696219180506887e-05,1.6743904325267067e-06,0.5618633270263671,4.54890205860138,0.6281999826431274,1.3581479251384736,0.3674133479595184,7.747702738925e-06,1.8701561293710257e-05,2.1940720671409512e-06
priorregion3_spot_142,9.954984136584244e-07,3.4102712334060923e-07,5.348425503370891e-07,3.334573168700672e-08,0.002065366448368877,2.8601017355918885,0.044890630058944225,1.5474909484386445,3.126241244899575e-06,1.1474278807099838e-07,3.026866963296016e-07,8.503856356867346e-08
priorregion3_spot_143,3.662324706965592e-05,4.530031878857698e-06,0.12545627281069754,5.842899463459617e-06,0.4961893737316132,6.554220914840698,0.8086645126342773,7.64873154821544e-06,5.7331659081683026e-05,1.4756987013697654e-06,1.1359141035427454e-05,1.4550694345416561e-06
priorregion3_spot_144,0.007382935518398881,3.173479694851267e-06,8.097773547888212e-06,3.3140354673832925e-07,2.059759736061096,3.8898566365242004,0.08461284711956978,0.0022117185289971535,2.227554450655589e-05,0.00011996571083727758,0.0006347051559714601,0.5118989974260331
priorregion3_spot_145,0.00016594574044574985,3.457065233192225e-07,1.4041716951851415e-06,1.3989128504476868e-07,0.05068205576390028,3.217906582355499,0.23575207367539408,4.27589732225897e-06,4.227925296618196e-06,1.0731564970001274e-07,4.3366198951844133e-07,1.892704794670408e-07
priorregion3_spot_146,5.201224416850891e-06,5.103527712435607e-07,6.671700862170837e-06,1.0046225149551446e-07,2.077830457687378,4.570048570632935,0.1936220034956932,1.9061562397837406e-06,3.01289147728312e-06,3.5790594949958176e-07,6.06212537945794e-07,1.3129930138688905e-07
priorregion3_spot_147,0.07475541941821576,1.7928409363321412e-06,0.0746605183929205,3.89704357530718e-06,0.25635752379894255,5.908422756195069,0.3756949216127396,4.191184143564897e-05,0.00012492994428612292,1.8642122654455306e-06,8.63167961142608e-06,4.68150776669063e-06
priorregion3_spot_148,0.0002936903096269816,9.250544280803297e-06,0.0004358271675300785,3.414097081986256e-05,0.004377455078065395,5.824035954475403,0.5417643100023269,0.4297652438282967,4.396482472657227e-05,1.6590008442562976e-06,2.4136678689501425e-06,9.828529755395722e-07
priorregion3_spot_149,5.063552407591488e-07,3.880649614984577e-08,2.608541322501878e-07,8.606351942219703e-09,0.028077044337987897,1.6781968772411346,0.03168083876371384,2.2460028219484233e-07,8.83413724750426e-07,1.9236236248332263e-08,3.1504158393147463e-08,1.6987119622058346e-08
priorregion3_spot_150,1.982728435905301e-05,1.513034462732321e-05,3.2809358344820794e-05,1.0047645673694205e-06,0.35395279079675673,6.993933725357056,0.6995568364858628,0.005403693043626845,0.00031519260519417,4.7957860488168075e-06,0.0001683657494140789,1.2633956089302957e-06
priorregion3_spot_151,4.086001376890636e-06,1.6329349534771609e-06,0.0005101405084133149,7.893556721683126e-06,0.1574798159301281,6.427651929855347,0.23072239607572556,0.0009424962772754952,1.7168715021398385e-05,3.632566449596198e-06,2.2545645060745306e-05,7.093742169672624e-07
priorregion3_spot_152,4.990801494386688e-06,8.193413037815846e-07,0.04719427470117807,6.348831135483125e-07,0.0047355341026559476,2.778909468650818,0.3126342535018921,4.908237244194426e-07,1.0594151262921514e-05,6.834864251459295e-07,4.178234394203174e-06,6.919414289541238e-07
priorregion3_spot_153,6.42673235233815e-06,8.011286780629235e-07,8.05669137662335e-06,1.4452268288778215e-07,2.122685480117798,3.559965753555298,0.417162324488163,1.58722015839885e-05,5.04344396176748e-05,2.4599915775525006e-07,5.472476203749466e-07,1.7003410235361116e-07
priorregion3_spot_154,0.006114642834290862,0.0002907595422584563,0.0005362612660974264,5.2325190881674654e-05,0.015117940260097384,7.168689179420472,1.0492496907711029,0.6988567590713501,0.06313507929444313,5.1351304318814075e-05,1.0576198064882192e-05,2.8591813475031815e-06
priorregion4_spot_1,0.00013827792427036913,3.076034761306801e-06,0.0001390066907333676,0.0001792029055650346,0.001103300927206874,0.19542233645915985,0.4841015666723251,0.66340312063694,6.902369213104248,2.979872544983664e-06,7.432243182847742e-05,0.0015751268889289348
priorregion4_spot_2,0.010944838263094427,6.932034466444749e-07,3.484777189441957e-05,2.8011191261612112e-05,0.009812620608136058,0.04034192766994238,0.026152904983609917,1.1349335193634034,4.737541961669922,8.606580109926655e-07,1.462291879761324e-05,3.490212270662596e-06
priorregion4_spot_3,6.635147547058295e-05,1.8223975985165453e-06,7.884776059654542e-05,5.275764615362278e-05,0.007429506303742528,1.3106262385845184,0.8929933190345765,0.5529641330242158,3.7694323778152468,1.0286874271514533e-06,7.5772019044961785e-06,5.982399920867465e-06
priorregion4_spot_4,0.00026868211571127174,6.719487544160074e-07,0.0022704061004333196,0.8516988217830658,0.019955862127244473,1.128786861896515,0.17110807299613953,0.041438585892319676,3.008009910583496,1.5209630021217891e-06,0.0008876493317075074,6.56453223200515e-05
priorregion4_spot_5,0.010033936006948352,1.607474159754929e-05,0.0008623890578746796,0.00027418091631261634,0.07452856563031673,3.8031662344932555,0.16686604171991348,1.0270475804805757,4.415665555000305,3.1787133139005164e-06,0.001653205370530486,3.219555601390312e-05
priorregion4_spot_6,0.0030722258728928865,1.6686917263086798e-06,0.0023994456510990857,0.5422585040330886,0.013189461641013622,0.6867986112833023,0.3324055284261703,0.14899285212159155,3.9631325006484985,2.44622198124489e-06,4.275211140338798e-05,0.004509112518280745
priorregion4_spot_7,0.09619534946978092,1.6770711408753416e-05,0.00010482573961780873,8.0831613013288e-05,0.07110446467995643,1.6832028269767763,0.17135873660445214,0.2093927599489689,5.474660849571229,8.143978703856192e-07,2.3128815655582005e-06,8.018856078706449e-06
priorregion4_spot_8,0.4202163487672806,2.406349040029454e-06,0.6078672647476197,1.02959543466568,7.393171908915974e-05,0.6858448505401612,0.043258543498814105,0.08094899803400041,3.077733314037323,6.999935635576549e-06,6.91795153215935e-06,5.50948852833244e-06
priorregion4_spot_9,0.2943726196885109,2.2208807877177605e-06,0.02747165337204933,0.8689759612083435,0.08115231804549694,1.1079300582408906,0.7604002773761749,0.014076876221224666,4.094243955612183,3.9996948908083146e-05,9.007918470160804e-06,2.712750110731577e-05
priorregion4_spot_10,0.07085262984037399,1.3109909957620403e-07,5.599286123469938e-06,7.556665849506318e-07,0.0026296791969798506,1.222767025232315,0.06661088168621063,7.58460388169624e-05,0.9856140077114105,4.5085878674910874e-08,2.638754523331955e-07,3.6648847071774076e-06
priorregion4_spot_11,0.015315675316378473,1.5372774953448242e-06,0.013365636207163335,0.00012807301172870213,0.028488027676939965,0.656730130314827,0.7773072481155395,0.5189431309700012,5.200504326820374,2.3083929477252242e-06,1.183201457024552e-05,5.888186205993407e-06
priorregion4_spot_12,0.009280438255518674,1.1171823075528664e-06,0.2662511751055717,1.07358757853508,0.0187073296867311,2.28531186580658,0.25426539182662966,0.0011131848732475191,2.4953163027763368,5.913331136753185e-07,1.7907349683810028e-05,0.00776648751925677
priorregion4_spot_13,0.00411466364748776,9.790971908785198e-08,0.009742122562602162,0.00014300284601631574,8.56453826258985e-07,4.8926595991360964e-05,0.1771059349179268,0.003849374712444842,2.1572222948074344,2.880871448951439e-07,1.2422693134794827e-05,1.427229176442779e-06
priorregion4_spot_14,3.0907442010175147e-07,1.0564897756637493e-08,1.7030241252768974e-07,5.041960204898999e-09,8.149938876158557e-05,1.6347718119621275,0.0017843673820607366,1.1884475048518084e-08,1.294025139486621e-07,3.218805466609354e-09,3.5205744453037374e-08,2.751716321469644e-09
priorregion4_spot_15,4.635652094293619e-05,1.514694517368298e-07,0.00012353898055152967,2.7627106373984137e-05,1.4174268289934844e-05,4.976949476258597e-05,0.3402055338025093,0.03193465266376734,3.0385570883750916,4.828959987435155e-07,1.2451797942958366e-06,2.5894030659401324e-05
priorregion4_spot_16,0.026200867537409068,1.6225936647629168e-07,9.71925118165018e-07,0.0020937000517733395,4.4795861322199924e-05,1.1157426416873932,0.028057608380913736,0.0006578625499969349,0.24070669785141943,3.156052788000352e-08,0.0002909475544583984,6.274607329714856e-07
priorregion4_spot_17,5.0610873040568555e-05,4.6720987540993524e-07,6.639035818807315e-05,1.967026310012443e-05,0.029161482304334643,2.3120459794998167,0.2994211480021477,0.1596545346081257,2.8135838508605957,3.3526867895261606e-07,4.966659025740228e-06,7.778149529258371e-06
priorregion4_spot_18,0.02324429741129279,1.8216362434486657e-06,0.020084985718131065,0.0001328489299339708,0.0038565425667911766,1.965866857767105,0.6530907034873963,0.013790103001520039,3.6984035730361935,1.5154441086906447e-06,7.816677816663287e-06,6.47736083919881e-05
priorregion4_spot_19,0.5561710387468338,7.495889894926222e-06,0.3754833400249481,0.0001188358848594362,0.08941389769315719,3.3749146580696108,0.8187599301338196,0.033979072049260144,4.253160238265991,1.227292236762878e-05,2.1733834000770005e-05,2.572677585703787e-05
priorregion4_spot_20,1.96253708054428e-05,1.234462970955974e-07,2.941206084869919e-05,2.290944694323116e-05,0.00018552188630565069,1.3782009184360504,0.00332237568218261,1.093168783187866,3.2436877965927122,7.440869211450262e-07,6.613387057541332e-07,8.096920794287144e-07
priorregion4_spot_21,0.06553037315607071,4.922693847220217e-07,4.242407294441364e-06,1.1990124050953455e-06,0.06949101202189922,1.7781026184558868,0.3153022229671478,7.417751257889905e-05,1.1296926081180574,1.174707108475559e-07,4.41195007283568e-07,8.86971551494753e-07
priorregion4_spot_22,0.0003448137911618688,7.535998150842717e-07,0.00042141337762586774,1.0008734125221964e-05,0.00016545480975764803,1.3193978607654573,0.1273283176124096,0.009582991525530816,1.379689872264862,3.701091003449619e-07,7.03327821156563e-06,2.772006936879734e-07
priorregion4_spot_23,0.004607646795921028,8.038789383135738e-06,0.0008793029526714235,0.0001352706844045315,0.07707904540002346,3.759704113006592,0.2257551059126854,0.5745886534452438,4.996687817573547,4.094522705599957e-06,0.0012700514518655837,3.124040504189907e-05
priorregion4_spot_24,0.0003368772057001479,1.0157835959034855e-06,0.002323420869652182,0.7038922429084777,0.0694027692079544,2.260477256774902,0.15489047318696975,0.5414574444293976,3.4469330668449403,8.037000156946306e-07,4.247656261213706e-06,2.8234263209014897e-05
priorregion4_spot_25,0.04047925826162099,1.20841884836409e-05,0.19383248537778852,0.6939559549093247,0.06842516101896763,3.541328477859497,0.2222909264266491,0.0007265421183547005,1.828272819519043,1.8718333421929857e-06,9.564842912368476e-06,1.0689725104384707e-05
priorregion4_spot_26,8.18122307464364e-06,2.0168524628161322e-07,1.7909145844896558e-05,2.8137291792518226e-05,0.013096124446019531,2.2966054916381835,0.07117787934839725,0.169920714199543,1.5578149020671843,1.7561078152539266e-06,9.454583192791688e-07,8.571683679292619e-07
priorregion4_spot_27,3.5001640554810373e-07,1.7408402441798644e-09,1.473576105581742e-07,9.344467706284832e-08,7.390096584458662e-06,0.34528233408927916,0.0003495071418001317,0.0036704464233480397,0.43668325543403624,7.221314852756678e-08,1.0344392222805255e-07,5.474520725634591e-09
priorregion4_spot_28,0.00011618373755482026,1.5404938608298838e-06,0.00020619532733689994,2.0809950183320328e-05,0.0037459915038198233,0.9137938380241395,0.12009965069591999,1.2377055943012238,3.637349390983582,4.3497741870623945e-07,6.65843821479939e-05,2.0148176372458695e-05
priorregion4_spot_29,3.817385331785772e-05,1.1011288961526588e-06,3.382615686859936e-05,1.8456419547874246e-05,1.2223972248648353e-06,3.229359826946165e-05,0.10355816334486008,0.33769033700227735,3.939325428009033,3.4033412390499505e-07,1.025150584155199e-06,2.2110224790594655e-06
priorregion4_spot_30,0.026221851631999017,2.745103915913206e-06,0.0005507739173481241,0.0004467083257623017,0.11489795930683613,1.9208522796630858,0.23190330862998962,0.8364126205444335,6.104954218864441,4.918314857604856e-06,0.0002619156133732758,1.5462491819562275e-05
priorregion4_spot_31,0.09185968898236752,5.50209296079629e-07,7.2942169936141e-05,0.011172758927568792,0.008922554226592183,1.4007913053035737,0.12276470363140106,0.007451368262991309,2.1102923274040224,3.519349832004082e-07,1.6553905879845844e-06,1.171669867972014e-06
priorregion4_spot_32,0.08943093493580818,6.216371411937871e-06,0.00014797866315348072,4.14910820836667e-05,0.04474964663386345,2.167217922210693,0.2863892689347267,0.0013640389312058686,2.672693812847138,6.661647176997576e-07,1.9753700826186105e-06,0.00026982530544046314
priorregion4_spot_33,1.746603129504365e-06,2.4070434534451127e-08,6.156092968012673e-06,2.9759729955003423e-06,6.876135927313953e-08,7.030873302937835e-06,0.0003556202223990113,0.5745641082525254,2.8853092432022094,3.6539296743853815e-08,1.908906801872945e-06,3.3045621137262057e-07
priorregion4_spot_34,0.07113487981259824,1.0105147680405935e-06,5.927732377131179e-06,3.431323318636715e-06,0.17912597432732583,2.930142080783844,0.11786960661411286,0.00024433370781480336,1.4596870720386506,3.7151128822188184e-06,4.481752821448027e-05,3.0809855343250095e-05
priorregion4_spot_35,0.042791873775422574,4.680670471657323e-07,0.06771512180566787,0.6457880467176438,0.021499598864465952,0.9879290193319321,0.012500018998980521,0.006193428440019489,0.9348154842853545,0.0018913057749159635,1.8848145373340234e-05,1.3385233160079226e-05
priorregion4_spot_36,0.0006108506378950552,2.1058922811789674e-06,0.0002950681824586354,1.045888035378084e-06,0.0024607832892797887,1.6227239549160004,0.8219214558601379,0.00010638841558829881,1.2406649112701416,6.646945465149656e-08,7.609942628050703e-07,0.00010232916465611198
priorregion4_spot_37,0.08491051308810711,5.024916777074396e-06,0.00033401545515516774,0.00014410293806577104,0.05761258024722338,1.4530897617340088,0.1901242397725582,0.001106657338095829,2.5116721749305726,1.6928557329265458e-07,1.9159674934599026e-06,0.002509531960822642
priorregion4_spot_38,0.11524404361844064,1.0316366058304994e-06,0.07628275454044342,0.48457417786121365,0.024621317628771067,1.3937380731105804,0.3820041686296463,0.029823306202888488,4.248005056381225,1.3480005577548582e-06,5.212316500546877e-06,4.022156535938848e-05
priorregion4_spot_39,0.0029979329090565445,1.0341625795717846e-06,4.703586055256892e-05,4.6100779763946774e-05,0.02765772510319948,0.9521755367517472,0.08290746435523033,0.4245060086250305,4.592584943771362,3.062515631313545e-07,4.030584545944294e-06,5.653748507938872e-06
priorregion4_spot_40,6.553141076892643e-07,6.574889006571994e-08,1.709018981443933e-07,9.743372295645259e-08,0.02025183420628309,0.9697626441717148,0.3217465221881866,1.7307936377619627e-05,0.4306292995810509,7.894671227859364e-08,5.031362377394544e-07,1.8102226277960655e-07
priorregion4_spot_41,0.0006622504850383848,5.232219064055244e-06,0.004725575004704296,0.00011358540068613365,0.13583876937627792,3.279356014728546,0.35547345578670503,0.5484829306602478,4.797937798500061,1.5085415498106157e-06,3.50139362126356e-05,0.0010739576478954406
priorregion4_spot_42,0.013707952992990614,5.387975591020222e-07,1.4887420275044861e-05,6.693847808492137e-06,0.024366873130202294,1.9696285903453827,0.0503084558993578,0.0008924484951421619,1.8077723205089569,2.3972135920757864e-07,4.343363616499119e-06,9.097031011151557e-07
priorregion4_spot_43,0.03398010935634375,4.907664333586581e-06,0.00020237212083884515,0.00012127027075621299,0.11158264838159083,2.1445391654968264,0.21160612851381302,1.3072365999221802,5.192735695838929,2.5106054818024858e-05,9.100842362386174e-05,2.2758398154110184e-05
priorregion4_spot_44,0.0001068798857886577,7.593920692272604e-08,1.3470947760652053e-05,4.816242312699615e-06,0.0053385363426059484,0.8698612928390502,0.0019115420465823263,0.5669763833284378,3.098859190940857,4.619217062185044e-08,5.032530026483073e-07,3.998072571675949e-07
priorregion4_spot_45,0.03470682352781296,3.1263065238817944e-06,0.0026175565784797073,0.00010634560858306941,0.06289491131901741,2.6015264987945557,0.13939190655946732,0.11654383614659308,4.099021077156067,1.2981167060388544e-06,3.0059353957767598e-05,0.00017396063994965517
priorregion4_spot_46,0.17607727646827698,2.318134193046717e-05,2.7656369820761028e-05,1.9929392692574766e-05,0.0747175607830286,3.1586079239845275,0.152560818195343,0.003504860994871706,2.5513640642166138,1.1753215744647605e-06,4.505768902163254e-06,2.735822799877497e-05
priorregion4_spot_47,0.0002814415143802762,2.9511335014831276e-06,1.3549372806664907e-05,2.6543618673713356e-06,0.04180864300578833,3.5995388388633724,0.05282276142388582,0.0070592211326584225,1.8699797868728638,6.998071228281333e-07,9.147228684014409e-06,2.321438546459831e-06
priorregion4_spot_48,0.0409370843321085,2.162920736736851e-06,0.02796231135725975,1.11472544670105,0.047345610335469246,4.022795462608338,0.30099362432956694,0.0005217163648921998,1.2178083598613738,3.092336282861652e-06,4.44309358499595e-05,6.134191371529596e-05
priorregion4_spot_49,0.0011134224652778358,6.2611617977381686e-06,0.0012505044403951615,0.00014515683360514232,0.0025290508288890127,3.836751890182495,0.6158075839281082,0.631618645787239,5.536699509620667,0.0003118374297628179,3.033409193449188e-05,2.2104342860984616e-05
priorregion4_spot_50,0.0002225823853223119,5.742472012570943e-06,0.09488604590296745,1.5779531121253967,0.0012729267822578548,1.1754046022891997,0.3882384911179543,0.1843272052705288,6.185972833633423,2.4270855305985608e-06,0.00017287721566390247,0.6027236104011536
priorregion4_spot_51,0.033682217635214326,6.645668207738709e-07,0.04605611767619849,1.6514243483543396,0.013578568119555712,1.1783658146858214,0.4504436612129212,0.0013042290986049923,2.3711145997047427,6.245415534067434e-07,0.0001211836777656572,0.01169273629784584
priorregion4_spot_52,4.4657254147750794e-05,8.893338403481722e-08,0.007570111029781401,3.5286325442029926e-06,1.0345969592151506e-07,6.0269199639151336e-05,0.03305334020406008,0.00020419107531779448,0.9134928226470946,1.6080658760131427e-08,1.0435801840458227e-07,3.2638640163895624e-06
priorregion4_spot_53,7.517209451179951e-05,2.486781465904642e-06,0.16529665738344193,1.9314342737197876,0.0006320487329503522,1.6607653617858886,0.5920729041099548,0.23635352328419684,4.200558137893677,1.493035097155371e-06,4.350099461589707e-05,0.5265952855348588
priorregion4_spot_54,6.307651148063088e-07,4.1971458486500526e-08,0.02021585004404187,0.3973417341709137,0.00026117800298379733,1.5030206263065338,0.00337201333604753,1.2569170948495414e-07,1.8951451977500255e-06,3.6615022764863174e-07,4.778315116027444e-07,2.2307082053885098e-05
priorregion4_spot_55,0.0013672596483957022,8.532484621071035e-08,0.00010354265286878218,2.1578660744125957e-05,2.067934440219688e-06,0.0002087426953949034,0.04832944925874472,0.022323981299996375,1.652967530488968,5.8778907252587945e-08,0.0001010819229122717,1.3710132236610663e-06
priorregion4_spot_56,0.00021240858695819042,9.089894454916703e-08,0.07852504327893257,1.2251782417297363,3.226427236313612e-06,4.3941371768596585e-05,0.0031551966327242552,0.7698932200670242,4.435716390609741,4.2622455396212907e-07,1.5893334875727306e-06,1.7898967485052709e-06
priorregion4_spot_57,0.06310196444392205,7.306950990937366e-08,2.1159339439691394e-06,9.008578416569435e-07,0.02055072197690606,0.8131609052419663,0.3011126652359962,1.97977690731932e-05,0.684638050198555,9.881629665642324e-08,6.912996326491339e-08,8.135633493111527e-07
priorregion4_spot_58,0.04639026634395123,4.964362324244576e-06,0.0015531480021309108,0.8048001855611802,0.13015403300523756,2.7352714776992797,0.10602312684059143,0.005108379502780735,2.417712593078613,1.2315352387304303e-05,0.0001862984077888541,0.00019446450314717368
priorregion4_spot_59,0.004995661042630673,4.664949102561877e-07,2.033775426752982e-05,0.8340091139078141,5.401560792961391e-05,0.6409753262996674,0.11182178035378457,0.017765119299292566,1.9912574112415313,2.5355467982990374e-07,3.3992065436905246e-05,0.001093777921050787
priorregion4_spot_60,0.00012852405779995024,2.6087806304531115e-06,0.00361865641316399,0.6331185102462769,0.003723238315433264,1.7989965677261353,0.08231331110000611,1.5185427069664001,5.230328273773193,7.787167618289459e-07,3.644818025350105e-05,1.1656353672151454e-05
priorregion4_spot_61,0.030528512503951787,1.0559116958575034e-06,0.01123780058696866,0.9441366970539092,2.0737321483466077e-05,0.001809754775604233,0.1524554379284382,0.07602353617548943,4.764549136161804,7.911318760989162e-07,7.918598857941106e-05,0.0002946900189272128
priorregion4_spot_62,0.08144928850233556,6.52547683444027e-08,7.182130218552629e-07,1.0998191612543451e-06,1.8219232515548356e-05,0.0002822583905071952,0.00010645142901921645,0.0001774415148247499,1.425705683231354,3.2720123215312925e-07,4.556466166150131e-07,5.250018966762582e-06
priorregion4_spot_63,0.010818002978339791,2.4903239363993634e-06,0.003368579607922584,0.00015368129024864174,0.052261282689869404,2.4750862836837766,0.6306954771280289,0.14950620979070664,3.6257187128067017,2.24419836740708e-06,1.9287618670205123e-05,1.7702261629892746e-05
priorregion4_spot_64,9.729561570566147e-05,2.2723218535247727e-06,0.00027959593862760814,3.8232607221289075e-05,0.00011474303901195527,0.9768459975719452,0.7375044763088227,0.20878711938858033,5.424692273139954,4.881454543692598e-07,0.00018748838992905804,3.549356933945092e-05
priorregion4_spot_65,0.051816764287650585,6.373819610416832e-06,0.0016945610521361231,0.4790323585271835,0.006879162159748375,2.44331955909729,0.7499841302633286,0.12412676811218262,4.8595956563949585,3.5485032185533785e-06,3.821751197392587e-05,5.439897413452855e-05
priorregion4_spot_66,0.0036897163488902153,2.744107277408148e-07,6.952783905944671e-07,6.662680469560201e-08,5.252317055237654e-06,0.6592756122350693,0.1529039554297924,2.840181969077094e-06,0.3902316957712173,3.607762693036421e-08,5.682205603818602e-08,0.0031850701780058444
priorregion4_spot_67,1.0041640780400485e-05,8.551975909654176e-08,1.7551264136272948e-05,2.5419756093469913e-05,2.204239017373766e-05,0.30291076749563217,0.020527922641485927,0.16065977439284326,2.376812350749969,1.047272832011004e-07,4.3739802748632426e-07,1.0873220958274033e-06
priorregion4_spot_68,0.0004984006125596353,1.7149568350305346e-06,0.04506142698228359,0.0002353190902795177,0.03669531252235174,2.9140869736671444,0.06045596022158861,0.08837699070572853,3.06226704120636,6.992997811039459e-07,3.494322618280421e-06,1.2653177054744446e-05
priorregion4_spot_69,0.024189137667417527,1.6382938554215798e-06,3.2570103394391486e-05,2.5629775245761268e-05,0.08185161687433719,1.4359903812408448,0.5173081696033478,0.007196577498689294,2.168394660949707,6.860996364821403e-07,0.0001014388821204193,0.004788847500458359
priorregion4_spot_70,0.00014873231120873245,3.3440882845070525e-07,0.00010943388369923924,4.3035701673943555e-05,0.00024242190702352672,0.6544013589620591,0.033219564147293566,1.1471271991729737,4.949568414688111,2.034729322986095e-06,9.649022740632064e-06,2.902528581216757e-06
priorregion4_spot_71,0.005991004221141338,1.8726323730788864e-06,0.0016668943862896413,6.081226620153757e-05,0.06328265964984893,3.1763547539710997,0.041676408238708974,0.180310145765543,2.8934229135513307,3.7232856158198053e-07,5.594794447461027e-06,3.8623943282800615e-06
priorregion4_spot_72,0.08792172335088254,1.199552025354933e-06,0.024325182382017373,6.870445176900831e-05,0.0002797723223920912,0.07623716704547405,0.07108603715896607,0.004325821483507753,3.681901681423187,1.1191645370445259e-07,4.488963395488099e-06,1.41252978664852e-05
priorregion4_spot_73,1.037023903336376e-05,4.858068541579996e-06,2.061918157778564e-05,4.369612065602268e-06,0.0011616388743277638,2.4990711569786073,0.12736475616693496,1.0452163100242615,2.2920686960220333,8.293125176805915e-07,1.2851305882577434e-06,5.997968514748209e-07
priorregion4_spot_74,0.0027620505657978355,6.66239909463684e-08,9.202383836282024e-07,1.4096110021455388e-07,0.02526626447215676,0.9070252537727356,0.004180561657994985,3.243979554099497e-05,0.48918873220682146,4.664954253996712e-08,2.521142036471247e-07,0.0004443526195245795
priorregion4_spot_75,0.08124947622418405,1.2766373458816817e-06,8.09706734798965e-06,1.2203640210373123e-06,0.015570272831246257,1.4326009809970857,0.602666261792183,0.00034990632266271857,1.615896886587143,8.205783466053163e-08,1.2943668025400258e-06,0.00020032059619552457
priorregion4_spot_76,0.01670942911878228,2.306010601387243e-05,0.007294639083556831,0.0005684015457518399,0.11353361569344997,1.3090961158275602,0.0689079437404871,0.20846209898591042,3.565719759464264,2.4374018394723865e-07,0.0015020919789094477,1.5048425211716676e-05
priorregion4_spot_77,0.00022969989586272277,2.3632123770767064e-06,0.0016330134239979088,0.0009139460045844317,0.0056937965098768474,1.176191610097885,0.2177279144525528,0.6727973043918609,5.6962954759597775,4.324456840549828e-05,1.4859716202408892e-05,1.5055773019412303e-05
priorregion4_spot_78,0.0010039900313131513,2.3101895635591064e-06,0.003476771200075746,0.000132921554177301,0.0013662198616657408,1.4490182399749756,0.13942719474434853,0.7411335080862046,5.722791981697083,3.226244643883547e-06,9.510141626378755e-06,1.788693498383509e-05
priorregion4_spot_79,0.02717664996162057,6.1804869119441715e-06,2.206271565228235e-05,4.560655293062155e-06,0.07480080612003803,2.510991394519806,0.9902442127466202,0.006530185625888407,1.748086440563202,4.009535516047436e-07,1.0074715055452545e-05,1.2340548346401191e-05
priorregion4_spot_80,0.11845283247530461,5.851673222423415e-06,0.07201182097196579,0.7933714985847473,0.09004108868539334,2.935229003429413,0.5969024568796159,0.0101329252589494,3.062230026721954,1.2922001417337015e-06,1.2794488611689303e-05,0.003942195721901953
priorregion4_spot_81,0.053578690998256205,7.186701679984254e-07,2.30410014410154e-05,5.2350842906889745e-06,0.09205555841326714,2.727720904350281,0.8130749732255935,7.387831392406952e-05,0.7015486687421798,5.042130879928665e-07,4.322306699577893e-06,1.3553724670600787e-06
priorregion4_spot_82,0.00341431099222973,2.2529371435098258e-07,0.08512746468186377,0.37925975024700165,3.752741049538599e-05,0.7047172069549561,0.06495488584041595,0.051157313212752346,1.3531158089637758,1.1171557900979678e-07,2.7185244846350546e-07,5.21557356591984e-07
priorregion4_spot_83,0.021444505266845226,2.1468613977049244e-05,0.00036411465407582,0.0001368627177726012,0.19749063551425933,4.636219310760499,0.3151893153786659,1.1582881927490236,4.79214506149292,5.731132705477648e-06,0.00014693507619085723,2.138731724699028e-05
priorregion4_spot_84,0.07199829816818237,1.8849409627819115e-06,0.002503750892356038,5.285806564643281e-05,0.005369090149179101,2.4793591141700744,0.17180883660912513,0.12267658598721028,2.4752818942070007,1.3253143151814586e-06,6.499646624433809e-05,5.273443252917787e-06
priorregion4_spot_85,0.0519159572198987,6.382554056472145e-06,0.00044091055169701574,0.00029875143518438564,0.036942321062088015,2.3241600871086123,1.1218194365501404,0.29544555842876435,6.285894203186036,3.2089927913148132e-06,1.5674071437388194e-05,2.915382819992374e-05
priorregion4_spot_86,3.5202714934712275e-05,8.510404200023914e-07,0.006565691600553692,2.032938409683993e-05,0.0053410680498927835,3.5916454792022705,0.32532723844051364,0.005379483546130359,2.6947194814682005,3.7793232792182603e-07,2.6735919959719466e-06,1.8485483167296478e-06
priorregion4_spot_87,0.00010521328331378755,1.7303749132224767e-06,0.20257370099425315,0.8256655544042588,0.0035011928179301322,1.2524880170822144,0.4613934561610222,0.030448936112225055,2.4040189504623415,1.0458658721290703e-06,0.0012693097931332886,3.846815241104196e-06
priorregion4_spot_88,9.556526565575042e-05,5.846167914569378e-06,0.2525505915284157,0.7327869147062301,0.005574510106816887,3.719065308570862,0.13459736704826353,0.00011822757660411299,9.63378756750899e-06,1.5630351299478207e-06,1.179663181574142e-05,2.0203484183412e-07
priorregion4_spot_89,0.002887396782170981,6.203347538757953e-06,0.068193044885993,0.8427489548921585,0.04074146244674921,2.703227543830872,0.09884782694280148,0.6730608493089676,5.387333536148072,2.2644890691481123e-06,3.436490569583839e-05,0.002238651004154235
priorregion4_spot_90,0.0003320632895338349,1.746740672388114e-05,2.969400775327813e-05,1.2679657811531798e-05,0.00024207232563639992,1.3006944477558136,0.5981892645359039,0.17103558182716372,3.3908057808876038,5.493690673574747e-06,4.645165427064058e-06,9.391074809173007e-06
priorregion4_spot_91,0.0002893800803576596,3.6838566529695528e-06,0.006904798909090459,0.545023775100708,0.011102937161922455,1.2838145971298218,0.4035303980112076,1.3858738720417023,5.629882788658142,2.9590870326501322e-06,0.0030618643620982764,1.3855338465873501e-05
priorregion4_spot_92,0.023120948299765586,4.593380879214237e-07,0.00024973271501949057,5.006806259189034e-05,0.014153734734281899,1.5598873555660249,0.4776507064700127,0.030944337975233792,3.159935200214386,2.5834780075229e-07,3.903008073393722e-05,3.565215479284234e-06
priorregion4_spot_93,0.02307927366346121,3.121965971786267e-06,0.0011338578828144817,2.5435993211431197e-05,0.06629351153969765,2.158488190174103,0.5166038513183594,0.005791054479777813,2.7255518436431885,7.062556932169173e-07,0.0029424401000142097,6.625719652220141e-05
priorregion4_spot_94,0.014573766151443126,3.7932288137199066e-06,0.006777452514506876,4.385749452922028e-05,0.035701949335634704,2.6400078773498534,0.039985089935362345,0.0504042349755764,2.342305052280426,2.857489590724072e-07,2.9893204327891e-06,2.0349511146378064e-06
priorregion4_spot_95,0.005485593457706273,2.1402959987426583e-06,0.05715029295533896,0.6647377520799637,0.04204630870372057,2.382838821411133,0.024980178382247687,0.09908594302833079,2.724106335639954,0.00012791607005055994,7.691277005505981e-06,8.673009415360865e-06
priorregion4_spot_96,8.604340655438136e-06,5.785638023780848e-07,2.213954167018528e-05,3.903230435753358e-06,0.0012115996913053095,1.8907546520233154,0.00989802316762507,0.6152501761913299,2.7930721640586853,6.500986344804005e-08,2.079039575164643e-06,6.360221135537358e-07
priorregion4_spot_97,0.3536395221948624,1.026617142088071e-05,0.3506060108542442,0.00027661957719828936,0.00022962107468629258,0.37094393223524097,0.2082408905029297,0.440144008398056,6.0794710397720335,1.826340348998201e-05,2.019318362727063e-05,1.9995017646579074e-05
priorregion4_spot_98,0.001158625993411988,8.162085350704729e-07,0.0007022620091447607,6.049596748880504e-07,0.057429316081106664,1.947301584482193,0.12051481790840625,2.5660610481281766e-05,0.5304421991109849,5.38791488224888e-07,6.439096125632205e-07,7.168798731527204e-07
priorregion4_spot_99,0.12652023434638976,2.3898801714494767e-06,9.186352544929833e-05,6.889945652801544e-05,0.05305480305105448,1.3291585743427277,0.35536096841096876,0.016477800719439984,4.766651558876037,5.37285862378667e-07,6.718817894579843e-06,1.58436374476878e-05
priorregion4_spot_100,0.03285643942654133,2.0467708509386284e-05,0.005004888377152383,0.9357015728950501,0.04036339186131955,1.5329968929290771,0.25149376690387726,0.6678472846746444,6.145169425010682,8.047149731282844e-06,0.0003579243682906963,4.078336733073229e-05
priorregion4_spot_101,0.002121739578433335,1.067470607267751e-05,0.06985908783972264,0.8544354289770126,0.07559258192777635,1.3203329205513001,0.33032030016183855,0.10313747934997082,3.912324714660645,4.864906742341191e-07,2.3718551619822393e-05,0.00014632018428528681
priorregion4_spot_102,0.12334560975432396,5.40045350589935e-06,0.00023507861988036896,4.2976376425940545e-05,0.19491139873862268,3.143617308139801,0.06267370656132698,0.25006674230098724,4.472000885009766,5.890501824978856e-07,2.514203406462912e-05,9.122419805862592e-06
priorregion4_spot_103,0.02020070552825928,1.463935853962539e-06,0.008809626940637827,1.174855387210846,0.07031989395618438,3.115639305114746,0.48343826979398724,0.026091473642736673,1.9865212738513947,1.2317710627485214e-06,2.2498063344755793e-06,2.7271727958577687e-06
priorregion4_spot_104,0.0010101667779963464,2.3677263015997593e-06,0.004513424658216536,4.303955520299496e-05,0.059528416581451894,2.316681182384491,0.06155592501163482,0.6564821600914001,3.355815255641937,9.50258049670083e-07,4.0793682501316654e-06,2.3657738438487287e-06
priorregion4_spot_105,0.4025744006037712,8.646448623039759e-06,0.46278309226036074,3.289049200247974e-05,0.0027149498462677,3.2266641378402707,0.34920783936977384,0.062459786608815196,2.439550244808197,2.942344863186008e-05,7.16096608357475e-06,7.647631991858362e-06
priorregion4_spot_106,9.54526617533702e-06,3.363254865718091e-08,9.061872833626695e-06,3.567030271369731e-05,2.0588625375239644e-05,0.20953741148114205,0.014601148758083583,0.12844866886734962,2.3181769251823425,3.973725082317969e-08,1.1907643681752232e-06,2.2981724612236576e-07
priorregion4_spot_107,0.0005695982632460074,3.5470491184241837e-06,0.0007496573525713757,0.0008455611648969353,0.024573969747871162,2.4036917090415955,0.13018904998898506,0.3393848478794098,3.5057414770126343,9.128865144703014e-07,0.0001795017160475254,6.377829322445905e-06
priorregion4_spot_108,0.0031693573575466874,6.303382019723358e-06,5.788087747760074e-07,9.369120419933099e-07,0.044721160829067234,1.935525870323181,0.05414972417056561,6.463929889832798e-06,0.34428743571043013,1.1113720219668723e-07,1.0816692679327389e-06,6.811753280544508e-07
priorregion4_spot_109,0.2981325089931488,4.1482309427465234e-07,0.2810032367706299,6.300748536887113e-05,1.945375259992943e-06,3.325681773276301e-05,0.0008343808498466387,1.0761286199092865,4.6979162216186525,1.0257619067033375e-06,7.755438133472127e-07,1.4650027992502146e-06
priorregion4_spot_110,0.00018373730490566233,1.6603730657038798e-07,3.190974002791336e-05,1.1625747447396861e-05,0.029246234241873025,0.9174759089946747,0.01516829920001328,0.9890892505645752,2.4182630896568296,4.8593991408552034e-08,1.867539549493813e-06,7.621484002129365e-07
priorregion4_spot_111,0.009868047665804625,6.73931421601992e-07,0.00012355183716863393,0.00010811870633915535,1.2873992272943723e-05,0.7232799619436264,0.01931179631501436,0.18831184804439544,1.6326360404491425,5.296259892872967e-08,1.1111116464235238e-06,5.008173429814633e-05
priorregion5_spot_1,2.2955318093299866,2.5770574438865875e-07,3.329246766270444e-07,2.0150404225205424e-07,3.7776115959786697e-07,2.484851374902064e-05,0.02324008559808135,5.180849953489997e-08,6.229460177564761e-06,7.66372856730868e-08,4.1502045178276603e-07,3.06739465827377e-07
priorregion5_spot_2,1.905450630187988,1.4966173154107314e-07,0.002290648245252669,1.2001703282749076e-06,1.908255761406963e-07,8.810144427116028e-05,0.003921659442130476,8.457997828372755e-05,0.00015482804519706408,1.8419488725385236e-07,4.474256414255251e-08,7.953960050599563e-08
priorregion5_spot_3,2.028420650959015,1.0756024053648617e-07,7.936723562806948e-08,8.754880873595995e-08,5.932968498711944e-08,1.0015022644438433e-05,2.4818496626721753e-06,9.266107987571104e-08,2.768479760106857e-06,6.33145788242473e-07,2.5103306100504597e-08,7.68448224164331e-08
priorregion5_spot_4,3.3421104311943055,8.39545846247347e-06,1.5593899775012688e-06,9.260208628347755e-07,3.094763073363539e-07,6.387772264133673e-05,0.04775602761656046,1.4125616701221588e-06,0.019303961005061866,4.2729826418508315e-06,2.6466226927368555e-06,1.7320879578619498e-06
priorregion5_spot_5,5.686528325080872,4.2156997778874945e-06,1.4083855887747632e-06,3.1631193792236446e-06,2.0697993704743568e-06,9.854368399828673e-05,0.0021577003528364005,3.904586651515274e-06,0.05914913732558489,1.9210435857530685e-05,1.2482401234592545e-05,1.5260640111591788e-06
priorregion5_spot_6,6.577572274208069,3.550385317794281e-05,0.01823704456910491,3.6467305653786754e-05,2.1711289900849805e-05,0.0002778637688606977,0.11285950429737568,0.01827985141426325,0.0020067044300958515,3.5360615584068e-06,6.9827664447075225e-06,6.091703016863903e-05
priorregion5_spot_7,8.786804008483886,0.0006465103622758762,0.0071292799199000004,0.0005226309556746855,5.207639806030784e-05,0.00045453059865394605,0.0011755465355236085,0.00019479437032714488,0.03784243650734425,1.7514745286462128e-05,0.0060654027387499814,2.3368067923001947e-05
priorregion5_spot_8,3.4545225143432616,7.455327079242125e-07,8.403227866438103e-07,9.527844753165482e-07,5.36977347564971e-07,4.26076343501336e-05,0.061191846057772635,0.0023508198442868888,6.438269192585722e-05,5.031891589624138e-07,8.607243216829375e-07,0.00018119340675184503
priorregion5_spot_9,6.68029556274414,0.005506435432471335,0.00014417986531043426,7.525672072006273e-06,5.568028996094654e-06,0.0016826585633680224,0.098319898173213,0.0008965197193901986,0.0007629298750543968,2.7091972606285707e-05,1.7375342213199475e-05,7.830112845113036e-05
priorregion5_spot_10,9.135410451889038,6.205703975865618e-05,3.285913808213082e-05,7.409595923490997e-06,0.00236871870001778,0.07081794440746307,0.018271908164024353,3.994033322669566e-05,0.0004994154296582565,7.731079022050835e-05,1.4489051272903452e-05,4.679089779529022e-05
priorregion5_spot_11,2.599648952484131,6.553535030207059e-07,3.301495826235623e-06,3.3386023233106245e-06,7.437817863831245e-08,8.852687005855842e-06,0.002571022917982191,0.002565825218334794,4.771192561747739e-05,5.918530291637582e-07,4.069724218425108e-06,0.0027191140339709817
priorregion5_spot_12,6.655647850036621,3.3939151944650805e-05,3.2459638987347715e-06,1.655548038570487e-06,1.7011652926157694e-05,0.08126692250370979,0.00027285273390589284,1.7670151828497185e-05,0.032999477349221706,6.73351143632317e-05,3.347121378283191e-06,4.977415733264934e-06
priorregion5_spot_13,2.7615330696105955,6.53264618222238e-07,1.3985737083999082e-07,7.512211617211052e-08,9.80991285359778e-07,0.0001697858642728534,5.431382760434644e-05,0.013798739295452833,1.699098165772739e-05,4.338035705586663e-06,6.38981410361339e-07,1.1815460325692585e-07
priorregion5_spot_14,8.157775354385377,2.148910052710562e-05,2.2309422456601168e-05,3.956633463531034e-05,0.09760285541415215,0.006194879487156868,0.00025717251701280476,1.0195283221037245e-05,0.0002174509885662701,4.8584154001218845e-06,7.636558621015865e-06,3.099271714290808e-06
priorregion5_spot_15,1.6223630785942078,9.68949296975552e-07,3.6127710700384344e-06,3.541252840477682e-06,3.600221187838316e-08,3.1403949469677174e-05,0.019287210144102573,1.3260448454843755e-07,0.0021955720032565294,2.8069370387129316e-06,4.636081442299656e-07,5.908468733650808e-06
priorregion5_spot_16,3.7932220220565798,1.2014161086426613e-06,1.8887158262259617e-06,8.512339718436124e-07,0.0030893393326550723,7.15957456122851e-05,0.00585896943230182,1.384195746823025e-06,0.0007641871168743819,2.548002476032707e-06,1.8304088030163256e-06,0.0011968652543146163
priorregion5_spot_17,6.236404800415039,6.019181219016901e-05,6.797700325478219e-06,0.0004064146094606258,0.002157345006708056,0.047974292933940885,0.07158198989927769,5.834146122651873e-06,0.005386197450570763,3.373245704096917e-06,1.1924223099413212e-05,7.323724025809497e-06
priorregion5_spot_18,2.9981178879737853,1.2296351258100914e-06,7.548543834445809e-07,8.271671454451735e-08,0.08011515140533447,0.00015388380052172582,4.5467491509043606e-05,6.38109802366671e-06,1.1661743110380485e-05,2.2595302311856355e-06,3.1014786827654467e-07,6.543600449049336e-07
priorregion5_spot_19,3.034951174259186,2.382683454982271e-07,6.124259357420669e-07,3.887835589466704e-07,6.86460367660402e-07,0.00019397576397750527,2.543923665143666e-05,1.4720814533575322e-06,4.807007212548342e-06,1.0987630076897404e-07,1.4461720070357843e-07,2.0746209443700537e-07
priorregion5_spot_20,4.004615998268127,7.55159981054021e-05,4.285451882424241e-06,0.006329810479655862,4.346627633822209e-06,0.002379354869481176,0.045397518388926986,1.929160055169632e-06,0.0017516100662760435,0.003721145261079073,1.2731622291539682e-06,0.0002524906463804655
priorregion5_spot_21,1.4241348803043365,2.603040938353729e-08,6.141099984091627e-08,4.6101246731211643e-08,1.138706746672824e-08,4.870210955232323e-06,1.3408273446202657e-06,5.6563614059257385e-08,8.409114997220969e-07,1.9711047105630543e-08,8.578650412260912e-09,3.467321505468135e-08
priorregion5_spot_22,2.7159468054771425,2.295398383012071e-06,8.669496594393423e-07,8.185797071291745e-07,1.241516201844206e-07,1.0105696264872676e-05,0.04810306616127491,9.859606848294789e-07,0.009078438114374875,1.9618316500213952e-07,5.808483479086136e-07,5.769643084931886e-05
priorregion5_spot_23,5.607076621055603,0.0002897153462981805,0.015269510773941874,4.250080860401795e-06,3.889845138473902e-05,0.15811600536108017,0.0971421405673027,0.003261750109959394,0.04289906360208988,4.503079853748204e-05,6.126424204921932e-06,4.5933031515232875e-06
priorregion5_spot_24,9.066507244110108,0.0002641803395817988,2.295398007845506e-05,2.5713202376209665e-05,0.02847968405112624,0.0904657181352377,0.12538683265447617,0.002429341117385775,0.01683873739093542,2.8762354577338557e-05,0.00010125286862603389,1.4785925895921536e-05
priorregion5_spot_25,5.151992011070251,2.527531421492313e-06,8.203579227483715e-06,0.015789770986884832,0.014046634547412395,4.77455467262189e-05,0.00024157212683348917,0.0006031237920979038,0.011373664205893873,7.675809388274502e-06,2.539135448387242e-06,0.00011362362602085341
priorregion5_spot_26,2.819761025905609,4.253131891118756e-07,0.0009267761517548934,6.18439844402019e-07,2.9834338732825927e-07,4.5050960125081476e-06,8.620727894594892e-05,2.107345423496554e-07,2.737624663495808e-05,3.765976543945726e-07,3.257900004882686e-07,3.412325349927414e-05
priorregion5_spot_27,1.5357964754104614,2.9556750824610845e-08,5.424654574426313e-08,1.5419526420146212e-07,3.1923431720315425e-08,9.295472546000383e-06,2.4279973877128215e-05,2.265241604959556e-07,0.004743911093100905,3.1978992609538186e-08,0.0008795163419563324,1.2949544100138158e-06
priorregion5_spot_28,5.9450404882431025,4.457230556909053e-06,2.026613117322995e-06,3.379237648459821e-06,2.5287795438089235e-06,0.00013908325709053316,0.005903578479774296,0.0005736398423323408,0.00034192437160527337,1.4102630359502656e-06,2.4978627038763083e-06,6.96722825523466e-05
priorregion5_spot_29,6.34565281867981,7.585062962789379e-06,4.22327459546068e-06,4.650671462513856e-06,5.470777296068264e-06,0.0002533460356062278,0.0005148978554643691,4.3423760143923576e-05,0.0002916156794526614,9.3061716597731e-06,4.644932505470933e-06,0.00035523535625543446
priorregion5_spot_30,2.9939568400382996,2.2431768229580484e-07,7.407200790510161e-08,9.186361680235677e-08,0.07483923099935054,0.0001111586800107034,8.322278245032067e-06,4.5466309472885774e-07,7.245920278364793e-06,7.636932792820517e-08,1.428254073232438e-07,1.7607301430189182e-07
priorregion5_spot_31,4.653250432014465,6.593113823782915e-07,3.1434653010364854e-06,0.00017779906193027273,1.610033450560877e-06,4.514505908446154e-05,0.0001489494854467921,2.1189408016653033e-05,0.10689545460045338,4.6753623905715363e-07,2.7223118081565192e-06,8.351769929504372e-06
priorregion5_spot_32,9.698950004577636,0.0025419662008062003,2.6113572948816e-05,1.6465287808387077e-05,7.492247241316364e-05,0.0011727757402695716,0.08035814762115479,9.663274286140223e-05,0.03976353127509356,6.252442199183862e-05,2.4639745333843166e-05,2.7431385660747768e-05
priorregion5_spot_33,1.3959615290164948,0.00031030760728754106,5.28849643188778e-08,2.767096631828281e-07,6.535252827788441e-09,5.832064948663174e-06,2.979511702960736e-06,5.148113814357203e-06,3.361388753546635e-05,1.314645466266029e-07,2.0073019069144494e-08,7.432634170356778e-08
priorregion5_spot_34,7.001656031608581,2.31431852625974e-05,3.7381403330982727e-06,7.207963540167839e-06,0.10942133888602257,0.0007222056388854982,0.0004693199080065824,0.000826352127478458,0.032393169775605204,4.445083004611661e-06,4.800659207830904e-05,1.015388497762615e-05
priorregion5_spot_35,1.9790593445301057,7.694211170417021e-08,4.1242330439672514e-08,2.8728279932721537e-08,4.2525504184709464e-08,4.888285002380144e-06,3.912730699084932e-06,2.9691934422260153e-08,1.7532930996821962e-06,7.625407683065078e-09,3.7458245039090345e-08,3.309656548822205e-08
priorregion5_spot_36,6.650188493728638,2.4873809070413703e-05,0.00010199771095358301,0.0031377481296658515,1.867284072432085e-05,0.007574616139754653,0.009722306299954653,0.00011299864563625306,0.1723023824393749,1.77415940015635e-05,3.084987874899525e-05,5.740739688917529e-05
priorregion5_spot_37,5.41323139667511,1.9025801793759457e-05,0.0005555926880333573,1.6409278714490937e-06,0.009026766568422318,0.12663147896528243,0.003436284279450774,2.4658706024638376e-06,7.512107804359402e-05,6.4008045228547425e-06,3.2225497079707566e-06,3.389494736438792e-06
priorregion5_spot_38,2.5390503764152528,2.3573952248057143e-07,1.0929440179552331e-07,4.043957329002978e-08,2.2655604823285102e-07,3.593154979171231e-05,9.910285552905408e-06,3.163522592330992e-07,5.059805926066474e-06,5.021235551794234e-07,3.808210582434414e-08,1.313410301406748e-07
priorregion5_spot_39,4.458555579185486,1.324950744674425e-06,2.8957730648926375e-07,3.371792459461176e-07,4.6618703635203935e-07,4.007777852166328e-06,2.0956307980668502e-05,6.7669098280021e-05,1.7957869567908345e-05,8.590873683544941e-08,4.869173835686525e-07,1.6572090601130184e-06
priorregion5_spot_40,7.343986463546753,2.860082749975845e-05,8.117361539916601e-05,0.00012718304351437839,9.049427808349719e-06,0.006689209863543511,0.035345216654241084,2.8361018394207352e-05,0.0610135231167078,7.745642824374954e-06,6.856270010757726e-06,7.092358578120184e-06
priorregion5_spot_41,6.747822403907776,0.00020927426157868467,3.576127455744427e-05,1.8457090959600467e-06,8.445583762295428e-06,0.00034823113383026795,0.005620890459977091,1.2076946995875917e-05,0.00110095776617527,9.273113300878324e-06,2.1890306470595533e-05,4.7824346256675196e-05
priorregion5_spot_42,4.704535293579101,5.917345561101683e-06,1.5398003279187835e-05,4.937552021146985e-05,0.0055640788981691,0.00167251328821294,0.08927889093756675,1.7217335334862584e-05,6.228019956324715e-05,1.9795071921180354e-06,1.3166437838663113e-06,2.4635872932776697e-06
priorregion5_spot_43,2.4277695655822753,1.5001409519754817e-05,1.3668766200680694e-06,5.097296337908121e-07,3.2551171642580816e-07,1.4557386566593778e-05,0.13462945967912676,2.4297693130392875e-06,0.1586108796298504,6.922106804267969e-05,9.391589856022621e-06,1.0996279615937966e-05
priorregion5_spot_44,7.904556703567505,1.904221808217699e-05,3.537247594067594e-05,3.0623799557361056e-05,3.9858200034359475e-05,0.00036283252557041125,0.16807086691260337,0.000158658573491266,0.06928955391049385,4.161767228652025e-05,0.0004005710594356061,9.341524992123595e-06
priorregion5_spot_45,6.015625953674316,7.432013194375032e-06,2.2880093638377733e-06,2.3212908672576303e-06,5.705922035303958e-06,0.02925334293395281,0.0008233083179220558,2.039190610503283e-06,0.00013262563807074914,6.168216884816503e-07,8.465824322456682e-07,2.730980656906468e-06
priorregion5_spot_46,5.321463561058044,6.8003465457877615e-06,1.3852561551175313e-06,1.3391214736202527e-06,3.213467662135372e-05,0.0010203942481894046,0.0016548604937270284,4.630658513633534e-05,0.3917194351553917,2.4505760734427897e-06,1.0698882579163185e-05,5.712939332624956e-06
priorregion5_spot_47,7.745236611366272,0.006490033981390297,1.027503690238518e-05,6.111185189183744e-06,8.975915261544288e-06,0.00014009091100888332,0.007383506000041962,3.879687155858846e-05,0.11137264221906662,5.262789204607543e-06,0.0025341944652609526,3.584499754651915e-05
priorregion5_spot_48,5.175456094741821,4.973644972778857e-05,7.1251204417421835e-06,8.105966162474941e-06,8.620136441095385e-06,4.7485881077591335e-05,0.1306243896484375,0.010411197692155838,0.0001866446778876707,1.9423104617999343e-06,6.011635787217529e-06,0.0005910870095249265
priorregion5_spot_49,6.718725872039795,1.3991054356665699e-05,2.099910580000142e-05,2.0229737674526405e-05,6.91934105816472e-06,1.4484517669188791e-05,0.037222753278911114,4.9705595483828804e-05,0.0004729879146907479,4.092468407179695e-06,3.2373646945416112e-06,6.777917474209972e-06
priorregion5_spot_50,1.261570966243744,7.811411286695603e-08,1.8495761722192588e-08,2.275750663471854e-08,5.1905765019455436e-08,3.9951991880116115e-06,2.881509169583297e-06,4.2821892876077075e-08,7.068100931064692e-05,8.119279204521493e-09,1.0289184793066396e-08,6.130550538330226e-08
priorregion5_spot_51,3.293850827217102,2.40020408455166e-06,1.1667067951748322e-06,1.129845532688023e-07,0.0017613226140383632,0.00025332803343189884,0.02420720886439085,5.038602211016041e-07,4.2982691047654954e-05,1.1395811867487284e-07,1.5007263471034094e-06,5.443003800564838e-07
priorregion5_spot_52,2.902905929088593,7.231789396655585e-07,0.00010092481061292348,4.908850172569146e-07,4.0191525130239825e-07,0.0002690819688723423,9.983507879951504e-05,1.0812356367750909e-05,3.224692045478151e-05,1.1847937138043108e-07,1.0914813344697906e-06,0.00011062136727559847
priorregion5_spot_53,6.1044166564941404,0.0014124503708444537,3.018242171037855e-06,9.114365809637093e-07,4.47297192295082e-05,0.03427772633731366,0.0022224763757549225,2.1367226690927057e-05,0.01837341096252203,3.220435371531494e-06,4.6619402382930275e-06,8.20233512968116e-06
priorregion5_spot_54,9.653619050979614,4.830720590689452e-05,2.548948405092233e-05,0.0001281880533497315,0.12097439430654049,0.001009834196884185,0.0057653786148875955,0.00014026949065737426,0.07644495777785779,3.832826951111201e-05,2.4545590258640006e-05,4.978917495463976e-05
priorregion5_spot_55,4.164940571784973,4.544523767435749e-06,8.599251896157513e-06,0.0001896761234092992,2.899683849477697e-07,9.078057155420538e-06,5.9007831259805245e-05,4.594160671445025e-07,0.00011575258577067872,9.91065448943118e-06,9.488279283687007e-05,2.3041451413519103e-06
priorregion5_spot_56,6.308134317398071,0.00017801471185521225,2.251480634640757e-06,0.00018270100772497245,0.09026334173977375,0.013563771545886994,0.00041440013883402575,3.38486175678554e-05,0.0002570898272097111,2.218645647644735e-06,2.006249656005821e-06,3.034354881492618e-06
priorregion5_spot_57,4.697247004508973,0.000493679684586823,1.760762086178147e-06,1.367797358398093e-06,0.0009537160978652537,0.00010062112924060784,0.008513694489374756,5.544790656131226e-06,0.20597921684384346,1.8173829460010892e-06,7.282011174538638e-05,5.834170724483556e-06
priorregion5_spot_58,8.078820514678954,0.0021180061507038773,0.020918170548975466,8.85927802301012e-06,7.984697294887157e-05,0.05026503335684537,0.04700771421194076,0.004305642703548074,0.0003514670243021101,5.031264390709112e-06,3.048643575311871e-05,7.487876882805722e-06
priorregion5_spot_59,5.2889892578125,1.4605014712287812e-06,1.8498992290005852e-06,6.743612146919986e-07,7.972938334432911e-07,6.7093665620632235e-06,2.422340749035357e-05,3.764598147881771e-06,2.413743077340769e-05,3.248625091600843e-07,7.486071922357952e-07,2.0767628029716435e-06
priorregion5_spot_60,5.274621915817261,0.006432244833558798,5.991064540467051e-06,8.494831746475029e-07,4.24022375682398e-06,3.248613465984817e-05,0.06542492248117925,3.9612125192434174e-06,0.009524945868179204,2.482187505847833e-06,2.85636488115415e-06,4.191419793642126e-06
priorregion5_spot_61,4.344009613990783,4.766033976011386e-06,1.52626392377897e-06,1.4968398545534e-06,4.322714985960374e-07,1.249682577508793e-05,3.2707853279134724e-05,4.681788186644554e-06,4.59663553556311e-05,1.0876213366373123e-06,0.00011278206802671775,1.6165390945843683e-06
priorregion5_spot_62,3.2474920034408568,5.927268011873821e-06,1.538961434732755e-07,2.070521894381727e-07,9.216872207673533e-08,3.861397021864833e-06,1.0652711489456124e-05,1.692721689323662e-05,7.817460573278368e-06,1.3527384084000006e-07,6.275739764305399e-07,3.2663234378560446e-05
priorregion5_spot_63,11.836096906661986,0.0005424618982942776,0.00019198152149328964,2.8421834576874973e-05,0.0015883789688814433,0.14693261235952376,0.07887040115892886,0.00012954195262864234,0.0009903990343445913,2.590557578514563e-05,5.2864426470478073e-05,4.1306435377919115e-05
priorregion5_spot_64,2.00119366645813,4.873458763654526e-07,3.03669742152124e-07,5.9157618892413674e-08,5.020966575841613e-08,2.390646636740712e-06,1.5570793095776025e-06,1.0183249003148375e-06,2.4346086775040024e-06,2.039653008978348e-06,2.4076644820070216e-07,1.0311756852843246e-06
priorregion5_spot_65,3.4759726524353027,1.766277975434605e-07,7.888548952905695e-06,1.228303318612234e-06,2.2541565954270483e-06,0.08629345931112767,0.0001178480375529034,2.2320330231195846e-06,0.0002390768895565998,1.9845247507532805e-07,5.135201263328781e-07,8.482284556521336e-07
priorregion5_spot_66,1.9640190064907073,1.9926627956579068e-07,1.8484488464309834e-06,1.1399565273961799e-07,2.4879964222179753e-08,4.963392939316692e-06,5.754120684287045e-06,8.209533177705452e-08,5.238610174274073e-06,3.050083439148921e-08,3.787823636969279e-08,1.7521407329468276e-07
priorregion5_spot_67,3.6010807275772097,0.0006165294151287525,7.150236569941626e-06,1.1354631055837673e-06,4.4533698115856176e-07,0.00010361739950894843,0.010425815405324102,0.0011108123289886862,0.0320820776745677,8.563943492845282e-06,2.1610252133541508e-05,8.16084281041185e-07
priorregion5_spot_68,2.1250490069389345,1.0446099025784861e-07,2.7682197778489125e-08,2.7098851607121333e-08,2.8167047450011752e-08,2.0126519666519015e-05,7.66657085478073e-06,6.906841463205638e-08,4.18234592416411e-06,0.0006557297485414893,2.4466798986821916e-08,3.060773622109992e-07
priorregion5_spot_69,1.2310810685157776,2.2005820824233527e-06,1.203588357867602e-07,4.80295892657523e-07,0.0603764807805419,0.018185907788574696,0.00011668802253552712,7.211106485272012e-08,3.008997446158901e-05,3.509143866153863e-07,2.466695882219483e-07,7.999264859392952e-08
priorregion5_spot_70,8.63693642616272,2.1688778360839933e-05,0.000258269470941741,0.0006256148946704343,0.01456856713630259,0.00031100682535907255,0.06721342876553535,0.0019120697979815304,0.12669274136424064,3.821978098130785e-05,3.80348517865059e-05,0.0007560713595012203
priorregion5_spot_71,6.401655364036561,0.027707823272794488,5.555462939810241e-06,2.8993187697778923e-06,6.669701178907417e-05,0.006006970466114581,0.033785354718565946,0.00011334692790114787,0.03290923237800598,2.041239431491704e-05,0.001975098054390401,6.509321019620984e-06
priorregion5_spot_72,3.982145261764526,1.9298402435197205e-06,2.522313792496789e-07,3.228725034887248e-07,0.07787357643246651,0.004940737155266106,4.454285863175756e-05,0.005639692465774716,7.717718253843487e-05,1.1438916146744305e-06,2.324112912788223e-07,3.564791185795003e-07
priorregion5_spot_73,4.871357512474059,8.500107514919363e-06,0.0032492140657268465,1.551030427435762e-05,2.7636437516775916e-05,0.023861004412174227,0.20466048419475558,0.011096008215099573,0.00027963471220573407,1.3562483729856467e-06,2.0231714529472807e-06,0.0026102323085069657
priorregion5_spot_74,9.572668600082396,0.00029570305050583554,1.037755287143227e-05,1.5199857716652333e-05,4.1116536522167735e-05,5.274236682453193e-05,0.10032394528388977,3.267534866608912e-05,0.06868271678686141,1.552691946926643e-05,1.804057110348367e-05,5.658697009494062e-05
priorregion5_spot_75,6.883139491081238,7.35759094823152e-05,4.9388497700419975e-06,3.7441080735334256e-06,0.0017701848351862283,0.00198002114193514,0.12307665571570396,8.448465769106405e-06,0.024432287458330395,3.399426520900306e-06,4.313759018259589e-06,0.0012797405361197889
priorregion5_spot_76,3.4622191905975344,3.995524684796692e-06,2.146953579540423e-06,1.7498965007689551e-06,5.9068194786959795e-06,0.00013806176139041781,0.11761380769312382,2.1123913427345544e-07,8.959730485003094e-06,1.65598363821573e-07,2.5897215749637326e-07,4.017136504330665e-07
priorregion5_spot_77,7.3866130113601685,1.6546581082366175e-05,0.001224541326519102,0.0018164318054914475,0.004391975118778646,0.0001274461770663038,0.025984988640993835,5.329095565684839e-05,0.1060812745243311,2.0716831568279303e-05,4.9353914801031354e-05,0.00019572413584683092
priorregion5_spot_78,2.2182077169418335,1.893439971922817e-07,3.377351049493882e-07,1.792750410345434e-07,4.4055108082829976e-05,7.097676425473765e-05,4.037529088236624e-05,1.0808700743325517e-07,1.4142759710011887e-05,1.1151193994862752e-07,3.343501887798084e-07,0.0005582310230238363
priorregion5_spot_79,6.376754522323608,2.5815634307946313e-05,0.0006113651004852727,3.3320917737000854e-06,0.0071439588442444805,4.417855052452069e-05,0.17265413552522657,4.849914034821268e-06,0.00022259071120060982,2.18592915643967e-06,0.00011093557368440088,7.92728760643513e-06
priorregion5_spot_80,2.1322295904159545,4.6179190320572167e-07,9.601977630779858e-08,8.761621863584425e-08,1.2344949027465193e-07,2.970277193981019e-06,1.1453993420218468e-05,1.7278287671729232e-07,7.774265941407065e-06,2.2099006891096452e-08,1.145877533303974e-07,1.4523590792236975e-07
priorregion5_spot_81,7.99239227771759,2.7413260977482426e-05,7.4124233151451335e-06,2.9465981128851124e-06,0.011280692229047417,0.04875662568956614,0.010688095167279244,0.011300286231562496,0.007388904574327171,1.9701202381838816e-05,1.3118929837219186e-05,2.727753162616864e-05
priorregion5_spot_82,2.0021000146865844,1.1991071140471378e-07,6.607846962936037e-08,7.093965130877678e-08,6.071305413968275e-08,1.066606259882974e-05,4.184258455097734e-06,2.352088323220869e-07,9.012608779812581e-06,9.465742607517314e-08,3.366178145114418e-08,5.085619090294813e-08
priorregion5_spot_83,3.441809558868408,2.6245494427712402e-05,5.160601335774118e-06,1.8551604682670587e-06,6.814689413658925e-06,7.233459946291987e-05,0.03668588772416115,6.985263951264642e-07,3.654437077784679e-05,3.965737369071576e-06,5.88774420862137e-07,1.8642240092958674e-06
priorregion5_spot_84,4.362909293174744,3.7400760788841582e-06,1.228589275115155e-06,8.296797375351162e-07,2.4052677531472007e-06,0.00010103084969159681,0.0008148356544552372,0.010229991050437093,8.666772664582823e-05,0.002160933706909418,4.854856956626463e-06,0.0010936382110230626
priorregion5_spot_85,3.9594777345657346,1.5465365208910952e-06,5.914307112107054e-05,0.013771766889840364,7.778541174729981e-07,0.00023718385127722284,0.06369089297950269,1.8898649796028624e-05,0.00014903288247296586,8.467441148241051e-07,1.4196422227996664e-06,0.00032792526908451695
priorregion5_spot_86,2.9384407997131348,1.3182821385271384e-05,0.0011400535760913045,3.750290900939036e-07,3.4880797983305456e-07,4.974539970135083e-05,0.13930593132972718,1.001893033958368e-06,0.001401085377437994,1.1413560332584894e-05,9.8890744993696e-05,1.831485326420079e-06
priorregion5_spot_87,8.395927619934081,0.009402086352929473,0.0001344568518106826,9.58431999606546e-05,3.394152427063091e-05,0.00015079002114362083,0.14112004786729812,5.488806928042323e-05,0.0007362379081314429,9.256186513084685e-06,1.3836756397722639e-05,9.588299144525081e-05
priorregion5_spot_88,1.1189316153526307,3.767689271683139e-08,2.6643864181608026e-08,2.3788321001916304e-08,1.0455870214087782e-08,2.171200628708903e-06,2.1669774127985873e-06,5.250557336466955e-07,1.2850669577346707e-06,2.0875463935254855e-08,1.545171715022775e-08,4.7276930104089845e-08
priorregion5_spot_89,6.050725603103637,0.00035010555147891865,8.115421815091395e-06,2.044386349098204e-06,2.5714915636854134e-06,3.870086147799156e-05,0.0021015404141508046,1.9848728015858797e-06,0.00013681457930942998,2.553595311383106e-06,1.1620892792052473e-05,3.285009970568354e-05
priorregion5_spot_90,5.674359202384949,5.874366888747318e-05,2.7818442140414847e-05,1.8322504729439972e-06,5.412319478637075e-06,0.00012173809154774063,0.00014928116142982618,0.0065112842945382,7.371590072580149e-05,1.056996995885129e-06,0.0003110818710410968,3.786647755532613e-06
priorregion5_spot_91,4.273225259780884,5.0935936087626044e-06,1.6444118864455957e-05,0.0004445645143277943,8.925592055675224e-06,0.0021487422985956074,0.1513365641236305,5.570747930505605e-06,0.020656011160463096,9.015254903488311e-07,0.0012510538625065237,6.325753929559141e-05
priorregion5_spot_92,4.923088717460632,1.1768423007652018e-06,2.0843273986770328e-07,2.222155693232253e-07,7.964207583199823e-07,8.205819576687646e-05,0.00017589022900210693,4.030210197925043e-06,1.2183513945274173e-05,6.284607195539138e-07,6.638536092395953e-07,3.901856430843509e-07
priorregion5_spot_93,5.271068120002747,2.447900760671473e-05,1.5717429050710053e-06,0.0006110191112384199,5.044611748417083e-06,0.0062186380848288534,0.004358208784833551,2.7809673156298235e-05,0.003704932890832424,2.9717788265770655e-06,3.29468620066109e-06,9.988540978156379e-06
priorregion5_spot_94,7.839698028564453,4.5515713463828436e-05,1.5292902753571982e-05,9.006619757201407e-06,1.8324965094507206e-05,0.0005882456753170118,0.13126223534345627,0.0001745252789987717,0.18301898539066314,8.555188014724991e-06,3.586825841921381e-05,1.8510473819333128e-05
priorregion5_spot_95,5.302131390571595,0.00953476345166564,1.8555697977262756e-06,2.5106554858211893e-06,8.313721809827258e-06,0.0004012641016743146,0.113675931468606,1.8021674986812285e-05,0.0008656661317218094,1.429158601240488e-06,7.094255494166646e-07,4.475222908695287e-06
priorregion5_spot_96,6.725739145278931,1.2531705033325125e-05,3.9136677969509046e-06,6.934591419849312e-06,0.07670169733464718,0.04282266329973936,0.0005410273122834041,4.045225432491861e-05,0.0004963893414242193,1.2987672062081402e-05,1.9127279574604473e-05,3.6773558122149553e-06
priorregion5_spot_97,3.732869338989258,1.8977675608766733e-06,1.6380781016778204e-05,6.13684271229431e-05,0.012281999876722693,0.28495122343301776,0.006248374981805683,0.0027395312557928265,0.0004968973429640755,1.548748585378235e-07,4.6600042082900476e-07,4.1788579073909206e-05
priorregion5_spot_98,3.393819713592529,4.904392130811175e-06,6.0425763024341e-07,1.4251757193051161e-06,3.86962714173933e-06,0.005292313965037466,0.008165484527125955,9.250684934158926e-06,5.010518125345698e-05,1.2644443813769612e-05,5.8498710814092195e-06,9.04858466128644e-06
priorregion5_spot_99,7.368517088890076,3.257587177358801e-05,1.9295192851132017e-05,2.7281808070256377e-05,5.531701135623734e-05,0.002123566728550941,0.05953437928110361,9.474811713516829e-06,0.00035656697291415186,3.345748427818762e-05,3.2726542849559336e-05,0.0007082441938109696
priorregion5_spot_100,3.2011339545249937,7.45079663033721e-07,2.745202962728399e-07,1.0634948210963557e-07,1.2377900908688847e-07,1.2913957834825852e-05,0.0012867921614088118,1.652078857716788e-07,1.890601588456775e-05,1.3556502693745644e-07,1.2626112493308027e-07,1.5181698955757384e-07
priorregion5_spot_101,5.138193106651306,2.3362257934422817e-06,1.4130148656477107e-06,7.440352561616237e-07,8.421811207881546e-06,0.004596538050100208,0.005608200980350375,2.4428706092294308e-05,0.08842260800302029,1.7859356285043758e-05,1.1039546325264385e-05,5.66724820600939e-06
priorregion5_spot_102,4.5777127027511595,5.600223789770099e-06,1.9027895268663998e-05,3.3983973594331474e-06,0.00029203599842730915,0.00044279036519583314,0.10886549837887287,7.17444445399451e-06,0.10893238633871077,1.0341961569793056e-06,1.831546472885748e-06,3.536662779879407e-06
priorregion5_spot_103,4.856172132492065,5.8932844467562984e-06,1.4795416859669784e-06,8.129845639359701e-07,3.794010899582645e-06,0.014681024150922893,0.02033135499805212,2.821679447606585e-06,0.00010946591173706112,1.1742926199076465e-05,0.00039069720369298014,6.000025996399928e-06
priorregion5_spot_104,7.859412932395935,6.0592985937546474e-05,1.614669681657688e-05,1.058251455106074e-05,0.002093443274497986,0.0020083283307030797,0.03395951613783837,0.000130535704374779,0.19380656629800797,2.359043646720238e-05,0.0004563147886074148,0.01045756135135889
priorregion5_spot_105,7.919108510017395,8.72280465955555e-06,8.580230314692018e-06,3.2863739988897585e-06,9.698980011307868e-06,5.1968684965686406e-05,0.0004809118254343048,8.417410117544933e-06,0.0008969824120867997,4.696607129517361e-06,4.654994245356648e-06,6.0112258552180725e-06
priorregion5_spot_106,2.7469279766082764,1.7200656941440688e-06,8.442928312035747e-08,1.8763008071687182e-07,3.3168612674217e-07,6.009528669892461e-06,3.2898756035137926e-05,5.834053069975198e-07,1.2921652751174405e-05,2.0877600874769088e-07,1.4602480504777305e-07,2.1542080190783964e-07
priorregion5_spot_107,5.006602382659912,0.0004983450955478475,3.1416862498190312e-06,2.4566540787418494e-06,1.937725880907237e-06,0.009289263933897018,0.0013605869025923312,7.704828567511869e-06,5.71567934457562e-05,2.7792738990228825e-07,5.950051360059661e-07,7.311333462212133e-07
priorregion5_spot_108,4.048904514312744,5.438954735836888e-06,7.719561352814707e-07,0.0004057301906868815,3.159170300932601e-05,0.00026807042595464734,0.022755716182291507,3.747128232589603e-06,0.0005794330674689264,3.045423582648255e-07,5.281672486034951e-07,2.08388382816338e-06
priorregion5_spot_109,4.367383766174317,7.37016757739184e-06,8.494639075706801e-07,4.477071897213137e-07,1.5311994502553716e-05,0.04691680744290352,0.0005010632972698659,2.528044285554643e-06,0.1096285555511713,4.197593568733283e-07,2.27648079089704e-05,6.208767558746331e-07
priorregion5_spot_110,6.468484711647033,0.0005662515584845095,4.724332029582001e-06,2.2399148065233025e-06,0.09550099037587642,0.0016216082265600562,0.001968577806837857,0.0034805285977199674,0.03007043106481433,2.0576744759637224e-06,1.90848671081767e-05,5.9781522168123055e-06
priorregion5_spot_111,8.284789085388184,2.513026211090619e-05,1.4496971334665432e-05,1.5130182464417886e-05,1.3277243306220044e-05,0.0005371330247726291,0.0011152996856253596,0.0001341330003924668,0.014690621849149467,4.100475071027177e-05,9.008504002849805e-06,7.238863281600061e-06
priorregion5_spot_112,10.100058841705321,5.837657481606584e-05,1.5787119082233403e-05,1.7080535144486934e-05,0.01571749350987375,0.021729193441569802,0.11509381234645844,4.527862311078934e-05,0.18299143984913827,1.2778093014276239e-05,2.39971037444775e-05,2.8337531875877176e-05
priorregion5_spot_113,5.804701566696167,2.879520343412878e-05,4.834005335396796e-06,3.2394044751526964e-06,6.653782929788577e-06,0.0015081438468769193,0.19398576021194458,0.00010744664468802512,0.04457218162715435,0.01587781375274062,6.177390641823877e-05,0.0013415127410553397
priorregion5_spot_114,9.075259160995483,0.00025382398016517984,0.00157068160478957,7.523248605139088e-05,0.009434587182477116,0.05472845416516065,0.05579052083194256,0.0004010918317362666,0.00037335774395614864,1.784941932783113e-05,2.1236567317828306e-05,0.0006186472281115129
priorregion5_spot_115,4.087031078338623,5.057296675659018e-06,9.445212185710261e-07,3.021932869273769e-07,3.430242912827453e-07,2.4866139210644177e-05,0.00024397756933467463,5.970377628727874e-06,2.805506037475425e-05,5.194036333477926e-07,2.974595954583492e-05,1.2221708686865896e-06
priorregion5_spot_116,6.196602368354797,3.5315896866450205e-06,4.980484868610803e-06,7.082745651132428e-06,0.0004679133620811626,5.705135445168708e-05,0.035904870741069315,1.3738097140958419e-05,0.13951009139418602,1.3324769554401428e-06,2.4103704436129193e-05,7.965619115566368e-05
priorregion5_spot_117,7.010504794120788,3.5942784597864376e-05,3.8919205871934535e-05,6.852392448308819e-06,0.003057121846359223,0.26649102270603175,0.006491235503926873,0.022325860522687438,0.09406593218445777,3.462681104338117e-06,1.140035956268548e-05,2.860423765014275e-05
priorregion5_spot_118,2.292530632019043,8.817960861051688e-07,7.117121157307338e-07,3.4401692460050984e-06,1.1772100236839834e-07,4.817320177608053e-06,7.197911008915981e-06,8.719816548818927e-08,3.6958386090191197e-06,1.68695321889345e-07,6.844636075697965e-08,1.6263044386732874e-07
priorregion5_spot_119,6.212670397758484,0.000712230513454415,1.3796214170724854e-05,0.0015338900382630529,0.00012657820479944348,0.01050520446151495,0.000928587920498103,0.00012528706356533802,0.03433656189590692,8.896363533494878e-06,3.1072530873643703e-06,6.60097850868624e-06
priorregion5_spot_120,1.1430963039398194,3.920399489487636e-08,1.3625380432813471e-07,2.593118511029502e-08,5.531818803028443e-09,1.0787902226638837e-06,1.5184345954821769e-06,7.378090529641668e-08,3.2647153261677885e-06,4.976527657163388e-06,7.0679521790850696e-09,1.2383877168176128e-08
priorregion5_spot_121,3.185505485534668,2.4346239479200447e-05,4.2424867842783e-06,0.0003291807137429714,1.3201024216868972e-06,0.0006468033243436366,0.012495755637064575,1.7720353480399353e-05,0.006639613606967032,8.698288205266635e-08,1.6840179171140337e-07,6.685277708129434e-06
priorregion5_spot_122,4.351088714599609,5.4260776414594155e-05,1.1939001126393122e-06,3.847401626444481e-06,4.1905324223989735e-07,8.136122914947919e-06,2.4892366400308675e-05,1.2732095854062212e-06,2.639222338984837e-05,7.295491940340071e-07,0.0004023106026579626,6.836118501496458e-07
priorregion5_spot_123,6.264995169639588,3.2278801199936425e-06,6.733288523719238e-06,0.013522226642817258,0.018630540091544388,4.991225996491267e-05,0.00014212124224286527,5.107019296701765e-05,0.11140678599476815,1.883363256638404e-06,3.989402807746956e-06,0.0036335489246994254
priorregion5_spot_124,7.763374352455139,1.020108725242608e-05,2.824395062361873e-06,2.0016568555547567e-06,1.3368327336138465e-05,2.2775297657062767e-05,0.00025975061289500444,0.011842664796859026,0.00034876301069743933,2.17885492475034e-06,3.0654469242108463e-06,3.6868151710223173e-06
priorregion5_spot_125,5.470323753356934,5.500804331859399e-06,2.651624959071341e-06,9.869837128917426e-07,0.00014081541667110287,0.004390952154062688,0.003328439255710691,3.4216703738820804e-06,0.0006125114421593025,6.503923856371331e-07,5.816117868562288e-06,1.6203656855395823e-06
priorregion5_spot_126,9.879770755767822,0.00011669968989735935,0.00013353249814826996,1.7288673279836076e-05,3.1200539888232014e-05,5.526590011868393e-05,0.1586939290165901,0.00010129127731488552,0.001444675191305578,4.97673943755217e-05,5.712626443710178e-05,0.003418723226059228
priorregion5_spot_127,4.56638720035553,9.673812337496202e-06,1.255077592077214e-06,1.918995735650242e-06,3.839224757484772e-06,0.027542841900140048,0.00036537541891448196,2.0971976027794884e-05,0.000497209033346735,1.3387231831529791e-06,2.042840787908063e-06,5.736614525631012e-06
priorregion5_spot_128,3.6591314673423767,6.241742568136033e-07,4.2236068509282637e-07,1.673024414117208e-07,6.544232348915103e-07,2.0561548535624755e-05,0.0001491677809099201,2.9950172404369373e-07,1.656813346926356e-05,1.2362314265601527e-07,8.75857686821746e-08,4.278173619809423e-07
priorregion5_spot_129,4.404653072357178,8.863420316629344e-06,2.010476564464625e-05,0.0003142214351100847,2.5993002736868225e-06,0.0012489837652537971,0.0004596777871483937,1.415470171650668e-06,0.00016631519174552524,1.1308397404263816e-06,6.434097400642713e-07,0.00028851883398601786
priorregion5_spot_130,3.5258843898773193,5.597561766990112e-07,2.619581024987383e-07,1.455404699868268e-07,0.0770751278847456,0.00023410316716763191,2.269778105983278e-05,6.832333360762278e-06,0.00011364052188582719,4.5378911437410354e-07,2.6842090079526314e-07,6.858979588741931e-07
priorregion5_spot_131,1.7933444380760193,1.0537521895059854e-07,7.548687399605571e-08,7.46540145257768e-08,4.939822044747189e-08,6.792754720663652e-05,0.04684246052056551,2.345725382824071e-08,2.9619801807712064e-06,8.097342671931075e-08,6.558901581854571e-08,9.830461522142288e-06
priorregion5_spot_132,5.577409100532532,0.0025398895726539195,0.00041510447335895155,5.388297427089129e-06,4.24760473833885e-06,0.0004087357650860213,0.02856851080432534,0.00011357502953615039,0.041926296055316926,3.3885620496221236e-06,0.0021620208979584274,5.662510147885769e-06
priorregion5_spot_133,3.583993113040924,8.260020450734374e-07,6.309580129482129e-07,0.00022363118987414057,0.013435904821380974,3.793425021285657e-05,0.0001312007545493543,1.8112407758508197e-06,0.031828568503260615,0.00598045252263546,3.02924139816696e-07,0.005253016669303179
priorregion5_spot_134,3.6922528982162475,0.0034028265974484387,1.1579375950532268e-06,1.7213487666367657e-07,5.118519368352281e-07,3.900733263435541e-05,0.21822342574596404,7.887016590757413e-06,0.001493161072721705,2.1802838182338748e-05,6.211036384229374e-06,0.0014304049022030086
priorregion5_spot_135,7.923566913604736,2.369580506638158e-05,0.0006478988711023703,1.4732565296071701e-05,1.4699514576932416e-05,0.00034506643714848906,0.003732848446816206,0.0014874818676617,0.029636642150580882,2.472853020663024e-05,0.0002905242334236391,1.9622125546447932e-05
priorregion5_spot_136,7.551058650016785,4.008482555946103e-05,0.015128007996827364,6.137265086181288e-06,0.00023070152456057256,0.10988166667521,0.06355647593736649,7.917777702459717e-06,0.00028397776040947067,5.709789411412202e-06,2.3720915669400712e-05,7.94275215412199e-06
priorregion5_spot_137,6.15339388847351,7.558219585916959e-05,1.7546210165164668e-05,2.5077040390897314e-06,5.492337531904923e-05,0.00021160552787478085,0.1453896328806877,0.005715333297848702,0.00039402607944794,1.8339559517244198e-06,5.136444929121354e-06,1.0844462440218197e-05
priorregion5_spot_138,3.1691410660743715,1.00864989690308e-05,2.6536449269087827e-07,1.6594730496422018e-07,4.202186228212668e-05,0.015146839572116733,0.0006430261331843213,2.4290680684657677e-07,1.988048352359328e-05,8.947513343571244e-08,1.1589450991777997e-06,5.343550668612808e-07
priorregion5_spot_139,1.6104094088077545,1.459071910403509e-07,1.4354079027611988e-07,7.167404838526182e-08,4.966672605632993e-07,0.030076699890196325,0.0005087854544399307,5.069774829280504e-07,0.0003056158748222515,6.85744758754936e-08,5.2846991671628984e-08,0.0003210452545317821
priorregion5_spot_140,3.2851803779602053,1.6656748357490873e-05,4.3313380047038665e-07,1.8650749211701623e-07,0.07262239903211594,0.012518122652545571,0.00010387042166257743,0.0006419625395210459,4.69404363684589e-05,2.762697263847258e-07,4.4448505036598364e-07,9.225915391652963e-06
priorregion5_spot_141,8.3965594291687,1.9344739848747848e-05,5.954693870080519e-06,4.557782017400314e-06,3.1595367181580515e-05,0.0010218756040558219,0.0004505859018536285,7.4730342021212e-05,0.17882537096738815,7.994466795935297e-06,5.784058794233716e-05,3.277722189523047e-05
priorregion5_spot_142,7.555692195892334,2.0387096083140935e-05,2.377713863097597e-05,0.001160062913550064,0.00011741284251911566,0.04909417312592268,0.00466690449975431,8.585447176301386e-05,0.21434414759278297,3.653884687082609e-05,3.0269227499957198e-05,0.001092563319252804
priorregion5_spot_143,5.886108994483948,4.3589797132881356e-05,0.022870490700006487,6.1003925839031585e-05,6.72510734602838e-06,0.0009845699736615644,0.07869369871914386,0.0016050161328166723,0.0007742250541923568,2.02068271164535e-06,2.0632640189433005e-05,3.0277535188361073e-06
priorregion5_spot_144,6.284236168861389,0.008534587593749166,0.00012637758190976457,2.5558220750099286e-05,3.180418043484679e-05,0.005371491773985326,0.13799168318510055,9.483187823207119e-05,0.023337046429514886,1.4599208407162223e-05,0.00014174729731166735,4.5370986663328955e-05
priorregion5_spot_145,9.345861768722534,0.0002134468435542658,0.0003576385555788875,5.013193513150327e-05,0.0002897134152590298,0.04155231118202209,0.20738883092999458,0.0005221199593506753,0.21451756358146667,1.2704963455689722e-05,1.918476482387632e-05,2.3411153142660625e-05
priorregion5_spot_146,2.4637783765792847,9.302123515908535e-07,1.5766567216246585e-07,1.603017864226786e-07,5.5031811108108286e-08,4.2304998942199755e-06,4.842207636102103e-06,1.1860916728778648e-07,1.2452910539195729e-06,3.6683940436432754e-07,2.305849886852229e-06,2.5784943318285514e-06
priorregion5_spot_147,6.952489995956421,0.00015261651060427542,5.108797176944791e-06,1.7343544868708705e-06,0.002927124116104096,0.005929399025626481,0.027469384763389827,0.0004761579883052037,0.06489372216165065,1.4636851665272843e-05,0.00016754087919252926,1.0387925158283906e-05
priorregion5_spot_148,3.395050048828125,1.8381024290192728e-06,5.7784990758591455e-06,1.3494406402969617e-06,4.3745448152776595e-07,0.0003890245396178216,0.0008799028029898183,8.757616484444952e-07,0.00015203362781903706,1.3053638622295695e-05,8.823367079457968e-06,6.773017560135487e-07
priorregion5_spot_149,4.28202748298645,1.6313739990891921e-06,8.852720611685072e-07,7.642754496828275e-07,4.233166308154069e-07,0.00011591933471208904,4.410459787322907e-05,3.1894467156234896e-06,6.517205074487719e-05,2.048938142706902e-06,0.0005131770652951674,5.987524417605528e-07
priorregion5_spot_150,5.568246102333069,2.1653859221260063e-05,1.0049999048078462e-06,7.521948163002891e-07,5.188467071093329e-06,2.5104847281909318e-05,0.00018987777802976778,6.354582910717e-06,0.0001269160675292369,2.388940390574135e-06,8.680688011963867e-07,1.730322946968954e-05
priorregion5_spot_151,5.7304363489151,7.356073865594226e-06,4.991156197320379e-06,5.543120323636686e-06,1.9488932593958452e-05,0.04825736191123724,0.10670784749090671,8.46072241984075e-05,0.0011693992069922389,1.3207388576574885e-06,8.599620105087525e-06,2.5970308115574882e-06
priorregion5_spot_152,5.1774534463882445,8.974269212558283e-06,5.626403003589075e-06,9.884289681849623e-07,1.336776358584757e-06,6.936155223229435e-05,0.0001577608185471036,2.8136289870417387e-06,0.0002169792467611842,2.776853227715037e-06,7.937942797298093e-07,2.1765569954368403e-06
priorregion5_spot_153,6.590866112709046,2.0548986049107044e-05,2.4061535987129902e-05,0.001808109786361456,0.0378533711656928,0.18194043710827826,0.13072125017642974,0.0004665983200538904,0.08069076351821423,9.522882028250024e-05,4.520559446063999e-06,8.205088261092898e-06
priorregion5_spot_154,5.023552060127258,1.0666881098586601e-05,2.7446365720606993e-06,5.65784858963525e-07,3.075096719840076e-06,0.019459947757422925,0.0026830268325284123,8.45776817186561e-06,0.068672901019454,1.2073498112386007e-06,3.400087143745623e-06,3.419846382257674e-06
priorregion5_spot_155,2.4230823278427125,9.689045919003548e-06,0.0074843407142907385,1.4748352839433211e-06,8.705386171925512e-08,4.289361586415908e-05,0.16712508648633956,7.339886742840918e-08,3.5952352300228084e-05,3.3372657384234125e-07,1.1225875027776057e-06,0.005583958281204105
priorregion5_spot_156,1.8613622903823852,3.148997691937439e-07,1.8507864041339417e-07,3.125878986764974e-08,1.5752404215163553e-05,0.21095659583806992,0.020225177612155677,0.0014732404088135809,6.534819076478016e-05,6.138416548395755e-08,1.3448174271957216e-07,3.6274452781981387e-06
priorregion5_spot_157,1.1259955883026123,7.020438559379727e-08,3.516353110910586e-08,3.8555771908477254e-08,3.990726842317827e-08,7.08503891928558e-06,3.2847842931005296e-06,7.839415587795885e-08,1.9627113090336934e-06,4.084738502996288e-08,6.130904073309296e-09,8.905010595583464e-08
priorregion5_spot_158,7.524877214431762,1.72595165167877e-05,6.1354521903922435e-06,2.4038436436057965e-06,2.568498011896736e-05,0.0012295742752030494,0.036755812168121335,2.6517392598179867e-05,0.0006380937586072833,5.202273837312532e-06,8.514298951922684e-06,5.941865060776764e-06
priorregion5_spot_159,4.237907481193542,8.416949640377426e-07,8.958352708532404e-07,0.0020950457314029337,9.594653192834813e-07,0.00015956753995851613,3.203076757927193e-05,5.494681886375474e-06,4.0575022285338495e-05,1.1308720360148074e-07,2.3785076237459184e-07,7.305379114086464e-07
priorregion5_spot_160,7.191824579238892,2.5967532837967156e-05,5.75796798329975e-06,5.266675589155058e-06,7.129140831239056e-05,0.002696983376517892,0.09955299310386181,4.347908725321759e-05,0.00858610230498016,2.238578872493236e-06,7.758380925224629e-05,7.012985151959583e-05
priorregion5_spot_161,7.224861836433411,1.594636023583007e-05,7.317772633541608e-06,2.2736598680239694e-06,7.162717747632996e-06,0.006038039061240852,0.0385020736604929,0.0011745550553314387,0.0005924286495428533,2.0242340724507812e-05,4.103175306227058e-05,8.679921893417487e-06
priorregion5_spot_162,7.233547830581665,1.1182435855516815e-05,6.380244121828583e-06,4.3211652155150654e-06,0.00045793276658514517,0.0017563952133059502,0.04702787194401026,6.340618820104283e-05,0.002091456693597138,0.00020596606773324314,3.5781125575340414e-06,0.0002537470092647709
priorregion5_spot_163,1.3616609811782836,6.743087709537577e-07,2.2225528581998332e-07,2.5563761596458793e-08,1.1317105652608462e-08,7.78281012117077e-06,0.056129349581897255,4.5547188598504816e-08,3.2011961479838644e-06,1.0859765460224937e-07,4.6834797196027015e-08,3.0926048300017333e-08
priorregion5_spot_164,1.1239474534988403,9.662803961418832e-08,1.2025170761376103e-07,1.7768318230082517e-07,6.505965615133391e-07,0.049605019576847556,4.808537846656691e-06,9.494524633169023e-08,6.586753602277896e-06,2.344295602085822e-08,4.164333891054639e-08,1.9600633205385522e-08
priorregion5_spot_165,1.4838503360748292,1.5159476376425116e-07,2.0752288154568536e-08,4.797942612100315e-08,1.3437414558836738e-08,3.6728735608448915e-06,6.025116135788267e-06,0.005513672414235771,9.419636844540947e-05,1.8013199110100685e-08,1.6788717083215943e-08,6.843027087199973e-08
priorregion5_spot_166,4.7887923479080206,1.311983328378119e-05,3.585071306133614e-06,1.2633008111606615e-06,3.384845240361756e-05,0.0005452274635899812,0.010874808998778462,0.000717618057387881,0.17678347676992415,6.9852331307629354e-06,5.45355928807112e-06,0.004964967165142297
priorregion5_spot_167,5.390369987487793,0.003346852131653577,1.0730944609349537e-06,3.7932037599830437e-07,1.2186942058178829e-06,4.932630690746011e-05,8.78220049344236e-05,1.9417631278884075e-06,0.00010210246364295017,2.17325679585656e-07,4.651022479151834e-07,9.422708842521388e-07
priorregion5_spot_168,6.083258962631226,0.0009027817810419947,2.1941360591881677e-05,0.0005258833669358865,4.222710549584008e-06,2.318600072612753e-05,0.018066725321114065,0.003074132278561592,0.0002384574559982866,5.476220712807846e-06,1.2642764488646208e-06,1.0339497930544894e-05
priorregion5_spot_169,3.201389491558075,5.622023786600039e-06,1.0692939383716293e-06,2.1491654749183907e-07,0.0001531982430606149,0.00019082639701082372,0.1371612973511219,0.00011997864821751136,0.0005711298086680472,8.362061777233976e-07,5.152298172106385e-07,4.200831699563424e-06
priorregion5_spot_170,1.2764875888824463,1.7229650239869448e-08,3.116522737656169e-08,1.2252977077409355e-08,3.835963351406237e-08,4.6072918485151605e-05,5.312912594490626e-06,2.5908042022848584e-08,2.294709372563375e-06,7.726140403008231e-08,2.3456593645221348e-08,1.3321256275844462e-07
priorregion5_spot_171,1.538994461297989,3.9272611296325975e-08,3.948150713029009e-08,2.993324974553957e-08,2.7977014305236026e-08,6.396510320882953e-06,1.2804960306311842e-06,2.9599291195836485e-08,3.250713359648216e-06,1.7017079034786774e-08,1.772350444184667e-08,2.14968856937503e-08
priorregion5_spot_172,2.1055948495864865,1.319338529981451e-07,2.602525208672546e-08,1.0389208249250716e-08,3.565722863640985e-08,1.4602768260374435e-06,1.8467806967237267e-06,3.0744145895766906e-08,7.998619025784138e-07,4.815146481540467e-09,1.112507046485689e-08,2.497919062705023e-08
priorregion5_spot_173,3.72837438583374,1.6881525334611068e-05,6.837289987515761e-07,3.4165209825687267e-07,6.147894680452736e-07,8.945423578552437e-05,0.18940123915672302,2.8576393560797448e-06,0.09883843213319778,5.160563932804507e-06,8.466585040878273e-06,0.000513110967585817
priorregion5_spot_174,7.963912916183472,0.00033488639019196853,7.72063838212489e-06,4.940903772876482e-06,9.041029261425138e-05,0.04055720921605826,0.00175515785231255,1.4928004475223133e-05,0.032347042486071585,2.434600191918435e-05,6.7920743958893585e-06,1.167125328720431e-05
priorregion5_spot_175,2.91566059589386,8.33307532843719e-07,3.292799931386981e-07,2.2235771410805685e-07,4.853198589671592e-07,4.862247660639696e-05,2.6926757436740447e-05,0.00806981921195984,1.2302294726396214e-05,1.6585920477041331e-07,0.0004998741671442986,1.966537359976428e-06
priorregion5_spot_176,7.2867046117782595,0.004670413001440466,1.6062672420957822e-05,1.8411207065582857e-06,4.9942659416046805e-06,0.0559108255431056,0.002196720940992236,0.0019371840986423194,0.0014073784404899925,2.8725378342642216e-05,4.272784121894802e-06,8.414514377363958e-06
