,q05_spot_factorsAstro,q05_spot_factorsEndo,q05_spot_factorsL2.3.IT,q05_spot_factorsL4,q05_spot_factorsL5.IT,q05_spot_factorsL5.PT,q05_spot_factorsL6.CT,q05_spot_factorsL6.IT,q05_spot_factorsL6b,q05_spot_factorsLamp5,q05_spot_factorsMacrophage,q05_spot_factorsNP,q05_spot_factorsOligo,q05_spot_factorsPvalb,q05_spot_factorsSncg,q05_spot_factorsSst,q05_spot_factorsVLMC,q05_spot_factorsVip
priorregion1_spot_1,4.724286140067591e-09,3.1299994152078623e-09,4.631758154793887e-09,1.4817257998345213e-08,9.27529106853342e-09,8.140222718111547e-09,8.57595781056375e-09,1.4539621595588416e-08,2.9704165016575247e-09,3.5581548263330376e-09,1.0675158321857452,8.720709132603588e-09,3.2859620469061215e-09,1.3317174385463204e-08,6.143074360309698e-09,8.913823901224306e-09,1.1341072703174859e-08,8.151664765421175e-09
priorregion1_spot_2,1.5494744776134442e-08,1.2693845707900663e-08,7.736959481974281e-08,9.038661445970321e-08,1.1033123925585643e-07,4.056038420685582e-08,7.824410346302103e-08,6.926791691341805e-08,3.937471877435428e-08,2.7810178604426035e-08,1.3216502666473389,3.1072048045643896e-08,4.816627408033014e-09,2.035337400840831e-08,1.9925331145032034e-07,1.87473597534904e-08,4.9376980015836134e-08,8.623732838941578e-08
priorregion1_spot_3,6.796660256824795e-09,2.2791919795928096e-09,3.662018022154712e-09,3.4179691743574387e-09,6.034913058172719e-09,6.12169337443902e-09,8.217095226470407e-09,3.940463111362646e-09,5.2952410678486215e-09,4.3184795073258895e-09,1.14066863656044,7.828957082622879e-09,4.753859705886043e-09,7.968887016929216e-09,5.7311665413450905e-09,3.371222234704874e-09,3.4727196762673886e-08,2.969060219903952e-09
priorregion1_spot_4,8.829620377071024e-08,2.1057815935421335e-08,1.6535118277261064e-06,0.006691006431356073,0.07449491806328297,8.854939380853467e-07,3.848849955829792e-05,0.004985269228927791,7.835484780116531e-07,2.264163818210818e-07,1.0157018065452574,4.26983751822263e-05,3.117532774155052e-08,9.772561497811694e-07,5.489252515644694e-07,8.074968775417803e-07,4.605672870638955e-07,4.5544656330775983e-07
priorregion1_spot_5,1.277277611455574e-09,9.46918055078072e-09,3.134110315716754e-09,3.3241687624752114e-09,5.758645027498233e-09,9.295933045549987e-09,8.140714458093612e-09,3.800389780650448e-09,1.780905706239011e-09,1.7678099206719368e-09,0.9123613208532333,1.6287860615804563e-09,1.3678234100922282e-09,1.5859528912365307e-09,3.0565163178231103e-09,2.0010906265355292e-09,3.5089379846198205e-09,3.707482754133907e-09
priorregion1_spot_6,7.979179272865621e-09,5.237254150358695e-08,3.139045237077198e-08,2.371180780613713e-08,3.13464601831015e-08,1.643220199909479e-08,4.3043065645065334e-08,3.080867294613654e-08,2.6392872953806545e-08,2.0683533374921127e-08,1.428298807144165,4.7787213652839005e-08,1.763825387968154e-08,1.7007899355547804e-08,7.950864358008403e-08,2.7635141641724202e-08,0.0236269922927022,5.49193218901678e-08
priorregion1_spot_7,7.861077921944572e-09,7.231943377483674e-09,1.614004698780036e-08,4.45600074172603e-08,3.949042834960892e-08,2.8044364164259153e-08,7.643738193507943e-08,4.785163056908459e-08,1.3849114282038503e-07,1.181595306043448e-08,1.0183136582374572,4.1482288004601744e-08,4.54504425206892e-09,1.9149715768662648e-08,2.0192079386305296e-08,1.6374171263322522e-08,1.2690251427471823e-08,1.753921834435346e-08
priorregion1_spot_8,4.989374446928708e-09,6.574487687593944e-09,6.926681850316641e-09,9.402584755235922e-09,1.413361636615207e-08,9.121631983077806e-09,7.0570035370920445e-09,6.741030000867455e-09,1.0724059551492362e-08,1.6301462402168457e-08,1.0766308009624481,1.3482209704207549e-08,2.2703068869311953e-09,9.133711342812491e-09,7.599848617090288e-09,1.0220790969128758e-08,0.07347351871430874,1.1480213979453425e-08
priorregion1_spot_9,1.717640252536512e-05,2.2349141470812126e-08,4.738378009960798e-07,2.581202053875131e-07,0.08992356806993484,2.3989873079699466e-05,0.2528175354003906,1.4767309892249614e-06,0.12396727167069911,2.6999284727935454e-07,0.7173361659049988,5.147892943568878e-06,3.6787391444192984e-08,4.7236299224096e-06,5.813421794300666e-05,1.0106361685302545e-06,2.0523714781006674e-07,3.7759959212735336e-07
priorregion1_spot_10,3.765391420884612e-09,8.770758741505348e-09,9.443858317581545e-09,7.812041458166163e-09,1.4245128054923842e-08,1.1131980315326474e-08,1.2468278187682813e-08,1.1282464074113818e-08,3.8770525812026334e-08,2.2495702634017792e-08,1.3725883185863494,1.3215847616265819e-08,1.009794372563988e-08,9.481076679307422e-09,3.775428378816059e-08,8.200373313727028e-09,2.824393705580519e-08,2.2573565416905697e-08
priorregion1_spot_11,3.4824903183405816e-09,3.97949324604241e-09,1.607611777032503e-08,1.1255842746749068e-08,1.4629434419433097e-08,1.909284588208493e-08,9.045300952692516e-09,1.0894949165063396e-08,6.537978558540658e-09,6.0053752637401205e-09,1.5158036172389984,6.282286579839536e-09,6.854171075154625e-09,2.837215118400849e-09,9.922406629669921e-09,2.4007133725412188e-09,5.2739375711041705e-08,1.945889289700631e-08
priorregion1_spot_12,1.9451466659603513e-09,3.3593514636720556e-09,2.7519858725177936e-09,4.639285089425016e-09,3.5405342324601464e-09,4.019042765257552e-09,5.395181723599763e-09,2.5345093690454237e-09,1.3795278808181877e-09,2.256996201044359e-09,1.1810097634792327,2.8902900850447114e-09,3.222305189343189e-09,5.167577832310144e-09,2.986403513371983e-09,3.0237248482833945e-09,1.7838780319578974e-08,4.413393717150882e-09
priorregion1_spot_13,4.089472183110842e-09,3.1780153797456026e-08,1.1846871128540216e-08,2.275037003229841e-08,1.1601312310816071e-08,1.7740311708536183e-08,1.1239602626389458e-08,2.216389445308664e-08,9.204933171247375e-09,2.0571511161193715e-08,1.1212890446186066,2.170064909989833e-08,2.8372293514600254e-09,7.900274967553855e-09,2.3014287187095307e-08,6.952545494876006e-09,5.038279837776827e-08,5.1091477182296784e-08
priorregion1_spot_14,2.099634199836942e-09,5.4850340047707394e-09,5.910810485509899e-09,5.9331226820447125e-09,3.364414602469168e-09,4.9981553118527705e-09,4.811010501093449e-09,4.059260549915678e-09,1.6464253016490462e-09,5.0394525885622e-09,1.2942082285881042,3.5507070839102542e-09,8.94425236097618e-09,2.956618583294102e-09,9.228927755344785e-09,1.0358088886608386e-09,1.2281308547912318e-08,4.1041326337420976e-09
priorregion1_spot_15,5.763417676440952e-09,2.1975633579529586e-08,9.993498961691217e-09,1.9636137782441664e-08,2.9583435079416632e-08,2.4578262269869813e-08,3.70966944274187e-08,1.1640926755873693e-08,1.6068676433889096e-08,1.2897351941987267e-08,0.9506266564130783,2.1520605031355444e-08,8.826009390006107e-09,6.602790740828369e-08,3.5403372500297796e-08,1.25522879201867e-08,0.046440144442021845,1.6230121069327198e-08
priorregion1_spot_16,9.67387405736986e-09,1.2421905370985087e-08,2.0393008726138367e-09,9.122221111823592e-09,8.412508512023465e-09,9.094158315292589e-09,4.155184707421711e-09,4.892347971185985e-09,4.407441434040038e-09,3.187599206810888e-09,1.4720542907714844,3.905387646607751e-09,7.3655126220373295e-09,4.217239468751189e-09,3.7021351317889644e-09,6.820297149268129e-09,0.03666029181331396,6.764142224113812e-09
priorregion1_spot_17,5.347577070047295e-09,1.3202032489445515e-08,1.8799106271671917e-07,1.3481947007676355e-07,1.834566283775985e-07,6.493810111862786e-08,2.985717728165583e-07,1.5850807457695737e-07,1.9096365662107927e-07,5.174850947753385e-08,1.4293411433696748,1.6736108818804495e-07,1.5417465561995414e-07,3.1266014666186954e-08,6.786301760541848e-08,2.8787711414679508e-08,7.964608457200485e-08,2.776059027098654e-08
priorregion1_spot_18,1.3376651342156265e-08,9.290071423251334e-09,8.936758488786723e-09,1.4624335076263152e-08,3.205663823280247e-08,2.341996463428586e-08,2.4112242869023255e-08,1.316881816926241e-08,1.1103745434226654e-08,1.1461958315805987e-08,1.4145922422409059,1.0498814484449781e-08,1.2884410205415975e-08,2.392311797549951e-08,2.8410731101047304e-08,1.3159439271603902e-08,5.4650794822919135e-08,4.564265925210975e-08
priorregion1_spot_19,9.621342256238563e-09,9.321798621897414e-09,2.9571749160517417e-09,4.445528478669303e-09,2.673546306564134e-09,6.67365489537275e-09,7.573538285399196e-09,6.473349900559811e-09,3.481748334088764e-09,6.518188100379518e-09,0.6264492720365524,4.149420385068936e-09,3.3719189551639775e-09,3.6457790564270456e-09,7.525387468731993e-09,2.775349794426063e-09,0.001351151301059872,9.656814103919941e-09
priorregion1_spot_20,5.314290230096221e-09,7.612838670567612e-09,1.6077673326009288e-08,8.918793259482529e-09,2.0043847470674336e-08,2.6321401147555442e-08,7.722893391459706e-09,9.711184434380014e-09,8.874206702813582e-09,1.8697734827100023e-08,1.3181353092193604,1.8156569936422786e-08,1.3734537240850387e-08,1.9361914382898253e-08,2.12557481837905e-08,1.4430385375518995e-08,1.6771640964918788e-08,3.09503596085392e-08
priorregion1_spot_21,3.3618970940452186e-09,3.19403968829235e-09,8.447354415963562e-09,3.5135635512162366e-09,5.123701374287749e-09,1.3592907954773637e-08,2.9354590425079156e-09,1.074895363828432e-08,3.283254967900718e-09,4.931973562882775e-09,0.9505521893501282,1.388872363783378e-08,2.360873108120387e-09,5.520355972343794e-09,3.7327439472711896e-09,5.590589302606474e-09,9.790875221682427e-09,2.5934746128442045e-09
priorregion1_spot_22,1.7129661078474357e-09,4.123850705362032e-09,2.2223737072835093e-09,3.887477517672267e-09,1.4655180291534012e-09,3.0604889733609753e-09,1.8386466571485017e-09,2.917555685932883e-09,4.078298676546411e-09,3.82556302191972e-09,1.306908804178238,3.618244026615259e-09,2.3390703818293446e-09,1.9087201930112487e-09,2.780061847396098e-09,5.592529594977691e-09,1.6540370317841282e-08,3.927277458792844e-09
priorregion1_spot_23,5.8916778300499575e-08,1.5467527791912518e-08,1.0675398016246618e-06,5.762819711208067e-07,8.667696931752289e-07,2.379841691890761e-06,0.4449416145682335,1.1331382381740697e-06,4.6047168211771355e-07,1.9419294403633102e-07,0.623268187046051,1.50916407051227e-06,2.879750784501312e-08,1.2323413187687037e-07,2.2154435797006045e-07,1.1331807563408348e-07,0.06619201004505158,7.197680460535595e-08
priorregion1_spot_24,4.253389129793562e-09,1.1992416448780573e-09,3.58480733986255e-09,2.4809489906907347e-09,3.3107188324166262e-09,2.8469331891933795e-09,4.422691346483986e-09,1.9952146046442465e-09,9.723887195445259e-10,1.1137911315461935e-09,1.015501320362091,3.0264999062445955e-09,1.3172398283245456e-09,1.5090232785563984e-09,1.7015767461714405e-09,1.3906581497469262e-09,8.79651858021191e-09,3.0759424785031798e-09
priorregion1_spot_25,7.801201462598328e-09,2.02027231388513e-08,5.22379380640814e-07,1.4244252000139568e-07,1.9378453046670075e-07,4.263819690208948e-07,9.856902863702998e-07,1.8713060043751283e-07,4.519372382105757e-07,3.7791437534906436e-08,1.18324373960495,1.794787806375098e-07,7.622179971633614e-08,5.967436393916614e-08,1.6929170385537872e-07,4.557230166568616e-08,5.1192160022139884e-08,1.6809984515475662e-07
priorregion1_spot_26,7.379984445776701e-09,1.2821515360528225e-08,9.681978561104644e-08,3.74882379361452e-08,6.9967228100154e-08,4.0598787798273866e-08,6.741807929699917e-08,7.776323087682612e-08,3.0385043991998375e-08,6.523287616744256e-08,1.67162384390831,3.720931278650143e-08,3.7333495050972944e-08,1.687958919305288e-08,6.366004576818796e-08,2.0610249151786773e-08,1.5162099131771356e-07,6.924032014410386e-08
priorregion1_spot_27,4.104127473425478e-08,1.4811572368600424e-08,5.243135490218265e-07,3.802126471441625e-07,5.32588657620181e-07,2.0413573565747355e-06,0.1293521374464035,3.4854159451924717e-07,1.8251222755338858e-07,5.014037594008869e-08,0.7392386734485626,6.063907221687259e-07,5.279084582809901e-08,1.689476711419502e-07,7.0926586204223e-08,5.193590304486407e-08,6.983894849099671e-08,1.616066263920857e-07
priorregion1_spot_28,2.0922507282250535e-08,1.3041571556016153e-08,2.28569248150734e-07,3.06445815567713e-07,3.458641828046894e-07,7.70798291682695e-07,0.13017291575670242,2.692759267119982e-07,4.4837751005388783e-07,5.638127476004229e-08,0.8728492438793182,2.770567405718794e-07,3.167971858175633e-08,1.1656944174376351e-07,5.1167928738493625e-08,5.972848668989173e-08,4.2169594216545656e-08,7.142356679423756e-08
priorregion1_spot_29,4.896419483202408e-08,7.416415819250232e-08,1.8176090975430271e-06,1.3312273665633258e-06,0.16895434781908988,3.076516361488757e-06,4.9131793048218245e-06,1.213933683175128e-06,6.542140158671828e-06,2.1307639030965222e-07,0.950977423787117,2.239591526631557e-06,3.19350347055547e-08,3.5186236004847163e-07,8.227774316083015e-07,3.0279632028396004e-07,1.1551310201696198e-07,6.145620159259124e-06
priorregion1_spot_30,4.71895516440668e-08,1.692745073000879e-08,4.178025938017526e-06,0.08409992419183254,0.4377641588449478,1.0430181134779559e-06,1.4695241986828479e-06,6.190868657540705e-06,6.800320932143223e-07,2.1404498014021555e-07,0.9132318705320359,1.218754874798833e-06,4.5950955929185966e-08,1.798443079792378e-07,8.758410920961524e-08,1.416467043213743e-07,2.502420031191832e-07,9.129430509347002e-08
priorregion1_spot_31,7.052846306976335e-09,8.03376170033232e-09,1.3215377281383669e-08,1.6192043705842707e-08,1.5115117513175845e-08,3.4156004424801263e-08,2.7496241461477675e-08,2.3083599032247548e-08,1.3469721071857067e-08,6.340726543818675e-09,1.4808287918567657,9.983450377504256e-09,2.137928376555465e-07,5.635540034631959e-09,2.909485115054622e-08,6.273145025659233e-09,7.106075052831785e-08,6.894504949173097e-08
priorregion1_spot_32,4.7726092633482155e-09,6.6680472921021315e-09,4.2277142142665985e-08,2.9199245421551722e-08,1.3661441045087487e-08,2.867890982471977e-08,5.3281203271637875e-08,2.847811035877612e-08,5.0749113533754556e-08,1.690061237624718e-08,0.9134052008390426,1.9672065754150484e-08,6.0143508395782426e-09,4.236582871186556e-08,3.365116878484288e-08,6.68198826048183e-08,1.916758982645206e-08,2.020808826941334e-08
priorregion1_spot_33,2.9654232758247195e-08,3.7065670532854256e-08,1.3231210971298424e-06,6.816945733589818e-06,0.1813048131763935,1.5152458672673674e-05,2.534317991376156e-06,2.8815035193474614e-06,3.6157112731416418e-06,1.6474568695912242e-07,1.289687043428421,1.948050805822277e-06,4.199374039615123e-08,2.673219114512904e-07,4.985125485745812e-07,2.0043316979467822e-07,1.985352902522664e-07,7.025548086403434e-07
priorregion1_spot_34,1.2294860296524493e-09,2.1674939287841262e-09,2.372337726264107e-09,2.658572140212812e-09,2.808806087717386e-09,2.240418839338787e-09,2.364234041873914e-09,1.963245621627863e-09,2.85975492175794e-09,2.2189421078344654e-09,1.207788234949112,1.6865386864850507e-09,1.8374412769084358e-09,1.365341245618268e-09,1.4945011783673579e-09,1.466137666827905e-09,9.519813515268538e-09,3.927382818957881e-09
priorregion1_spot_35,4.611507020690908e-09,4.716367452139992e-09,5.216922915884938e-09,6.150017828332466e-09,9.56798946738502e-09,8.438255960641074e-09,6.006188657536882e-09,3.940887816078487e-09,7.148594050043756e-09,7.222251152683157e-09,1.2131837725639343,8.812836682636774e-09,4.429029432095888e-09,6.145272224422627e-09,4.632076731070357e-08,3.042365359640088e-09,9.625210273256358e-09,1.03499855352851e-08
priorregion1_spot_36,8.037867047505643e-08,1.0051014509571133e-08,6.766852878037357e-09,1.1323229465176613e-08,1.749520661675774e-08,1.8904238174854985e-08,1.9568406184333756e-08,1.0115112525355132e-08,1.100891124927728e-08,9.79853611582371e-09,1.0130936264991761,2.214498024954992e-08,6.436142960808412e-08,1.3267904108715811e-08,2.2165727653344905e-08,8.334407564092318e-09,0.017589294165372846,3.213497308252045e-08
priorregion1_spot_37,5.951973172102499e-08,1.7004402419473764e-08,3.4390789096505617e-07,0.0373530387878418,0.1358370251953602,8.294111154327766e-07,4.75723149975238e-06,3.096403133895365e-06,4.2740568630961204e-07,2.386736390747046e-07,0.9977415502071381,4.612285533767135e-06,2.9269675749787896e-08,2.1160993810553918e-07,1.0021277709881816e-07,6.550152491513473e-08,6.337444595772012e-08,1.3092911999024182e-07
priorregion1_spot_38,4.533987763011283e-07,2.40691930741832e-07,3.822520320682088e-05,0.000184681017708499,0.11620227806270123,1.970205858015106e-06,0.19697943180799485,0.13829345330595968,1.0385920745648036e-06,6.940052742265834e-07,1.2479326248168945,7.269851357705193e-06,0.00011491462610138114,1.200479385943254e-06,2.6487403488317796e-06,1.1800288675090089e-07,5.720480999116262e-06,1.811513820939581e-05
priorregion1_spot_39,3.2871424360259026e-09,7.511858468589594e-09,2.5756377808328067e-09,3.3624755979566604e-09,3.763231193332218e-09,8.935835626999733e-09,3.485034116845753e-09,4.433934086556235e-09,3.188660080422068e-09,3.2650453563043415e-09,1.6539048731327057,2.659492470691305e-09,3.489048272520279e-09,5.083231968683322e-09,5.7453584112465705e-09,2.0143032686270604e-09,2.6215946125063284e-08,7.522444711582921e-09
priorregion1_spot_40,3.6537691094906683e-08,1.336892672121337e-08,1.8567437734873237e-06,1.0857345159820396e-06,6.470526301427526e-07,6.369628010816087e-07,0.2045265980064869,2.34486233239295e-06,8.351300238018666e-07,5.613110232616237e-07,0.9497238367795945,7.375389486696803e-07,1.1512597382079551e-07,4.539791405022698e-07,2.0031936060149747e-06,2.2350608261945128e-07,3.0696626254211876e-07,0.00012544765486381947
priorregion1_spot_41,1.1442872471789656e-08,9.358238628465188e-09,1.3503268414538639e-08,1.9125212613602117e-08,6.115193729172574e-09,1.8481323849073306e-08,8.203501877801502e-09,2.3865586840088326e-08,3.681143367906259e-09,8.221365543903402e-09,1.4243281960487364,5.059023400200147e-09,9.040413124239421e-06,3.6566181083053098e-09,8.217805147481273e-09,3.997892350504628e-09,3.0293727171226693e-08,1.1782324227382901e-08
priorregion1_spot_42,2.089778239344753e-09,3.2747034972580027e-09,4.645725693031011e-09,4.68099508044162e-09,9.197837780305918e-09,7.460791384694687e-09,6.425172704993543e-09,9.587860549942205e-09,1.475740680767501e-08,8.943850815512632e-09,0.980219942331314,1.1072669181544371e-08,2.014623190493836e-09,6.71211906055902e-09,2.7318951656418735e-09,3.034023976500322e-09,1.2485491751590418e-08,4.193265734642182e-09
priorregion1_spot_43,2.3974679574934047e-08,2.838235857449689e-09,4.5287484340406097e-07,1.4698262660317598e-07,2.3337435379744422e-07,3.251848980312389e-07,0.14076787158846854,1.2077282292466407e-06,2.4317502607118517e-07,6.595230210848514e-08,0.7678362667560578,1.6013946080306596e-07,1.0314181997372885e-08,4.6867512715209616e-08,2.8013486552680432e-08,6.029756622893956e-08,3.543942135308953e-08,2.3241633773096738e-08
priorregion1_spot_44,2.8762672421578372e-08,4.1240344295090385e-08,8.829145713207255e-07,3.941772047255654e-06,0.024346626456826923,1.6307482110278215e-05,0.2088912792503834,1.23122154604971e-06,1.0412818767235876e-06,2.654389390954748e-07,0.7868187993764877,3.952745555579896e-05,0.0002832036203471944,0.0052176800323650244,1.0889385997359114e-07,3.813791309426051e-07,5.932949029840984e-08,1.422455795818678e-07
priorregion1_spot_45,5.5758162531560645e-09,3.677893622988649e-09,1.5448939738593738e-09,1.497802426531081e-09,1.4539987325257187e-09,6.085715975601148e-09,3.940893933407353e-09,6.606977764889166e-09,1.984282704814433e-09,3.3000002286343035e-09,0.9074428021907807,3.668365777809157e-09,3.157294548028489e-09,3.815881255420095e-09,5.452705775788048e-09,3.1215747542390205e-09,7.719518801962977e-09,2.8105464733307893e-09
priorregion1_spot_46,3.535363390927415e-09,4.054599811453841e-09,2.5171074891083837e-09,3.8856202366766024e-09,9.324787342279707e-09,1.950215553492285e-08,7.238535348896847e-09,6.652048956112822e-09,8.787779481878033e-09,1.4767855782693576e-08,0.7479499995708465,5.697875127275154e-09,5.552493465010855e-09,1.3367116480367258e-08,8.952777807991198e-09,9.182876192781465e-09,9.685868906927908e-09,5.377845369025636e-09
priorregion1_spot_47,1.8043600835682133e-09,5.018699034131658e-09,3.4243062385641567e-09,1.2417792483176982e-08,6.7896639421860536e-09,1.7026191478919374e-08,3.7062814373101108e-09,6.013713660379949e-09,5.402910274732166e-09,1.148784658511204e-08,1.14796884059906,8.908723314604574e-09,3.1876964623478446e-09,5.8341652842131e-09,1.2331158805167775e-08,3.640544754546227e-09,1.400611222557302e-08,8.535104711882015e-09
priorregion1_spot_48,3.925518853975518e-07,2.349639673937532e-08,8.875063713276177e-06,5.121352260175627e-05,0.09197278022766113,3.177125854563201e-05,0.38793975710868833,2.453257422985189e-06,2.0991697851968637e-06,2.621232511046401e-07,0.9365147680044175,1.4516567262035096e-06,7.77287738173982e-08,4.789041994968103e-07,1.6686624206840862e-07,1.7908785352460654e-07,0.11478345580399037,1.3441176349715533e-07
priorregion1_spot_49,4.521772503096599e-08,8.484718172496742e-09,6.808077586129002e-07,1.1388482448637662e-06,0.10203232541680335,9.219068459742631e-07,0.08385809026658535,5.050729043887259e-07,0.0033488430781289935,1.469070113557791e-07,0.6846590578556061,2.422200896035065e-06,1.516446888061296e-08,4.950734222575193e-07,1.9884642483702923e-07,1.8059926460978203e-07,1.6091079686475497e-07,5.814333491116486e-07
priorregion1_spot_50,2.2593563215878025e-07,7.060009927783995e-08,4.529384909801593e-06,0.014776210393756628,0.14698014929890632,7.147819837882707e-06,1.8893428659794154e-05,0.051570131070911886,3.2846783369677727e-06,3.9665317359549594e-07,1.0204030871391296,9.682760037321714e-06,1.3950982165056307e-07,1.2363784264834976e-06,2.823757782266512e-07,5.043759500722444e-07,0.10559792816638947,4.678005197433777e-07
priorregion1_spot_51,4.267993181095166e-09,8.33517139753326e-09,4.062884428890357e-09,9.089977082155087e-09,4.580492340977572e-09,7.587598416236575e-09,4.877220849408559e-09,4.89590634700221e-09,3.3888189365782753e-09,4.2435010172425794e-09,1.0177501022815705,7.2875869561173095e-09,6.5660586967553075e-09,5.99268159540145e-09,3.879788434968391e-09,1.887303478724789e-05,0.02876888504251838,6.842732247491769e-09
priorregion1_spot_52,2.161570947123437e-07,2.0593719973760473e-08,6.547500134956863e-07,0.00016513285881956108,1.3160059233996437e-05,0.0034276086604222654,0.2296687953174114,1.38076429720968e-06,9.54176098844073e-07,1.2352723928188426e-07,1.065323144197464,0.03471668735146522,4.591843458001677e-06,5.637128140278946e-07,2.3629609628983418e-07,3.7750171202333147e-07,1.6989725963867387e-07,2.3988197810353996e-07
priorregion1_spot_53,1.1336144190021714e-09,3.3038638713733807e-09,1.7671702379207234e-09,3.785008972911896e-09,3.0833109398997753e-09,3.535968839951664e-09,2.1334849220622237e-09,5.338662556475527e-09,4.174908219134466e-09,2.1035389874413114e-09,0.9708561569452286,9.716658200265016e-10,1.4875168818928585e-09,1.937525123674178e-09,1.605169763774228e-09,2.003618737589363e-09,8.991874622665818e-09,1.912266855974565e-09
priorregion1_spot_54,5.1966131842107195e-08,9.617970206932115e-08,2.514570510925296e-07,5.787610149354806e-07,0.146661327034235,2.572881214746303e-06,6.248878747783237e-07,9.131653030181043e-07,7.514062133395784e-07,1.5303139448974435e-07,1.2282783567905426,2.675131577234424e-06,5.5549183208825066e-08,4.0133490841753883e-07,1.740413338779945e-07,2.0784214029845316e-07,0.02670364398509264,1.3672046890178537e-07
priorregion1_spot_55,1.187770206634298e-08,1.828801110548284e-09,6.949668240885387e-09,6.057054191543898e-09,7.098461329846374e-09,1.632223600722682e-08,1.4061702913181763e-08,1.0117029480838368e-08,5.1516322541189655e-09,6.295651844290262e-09,0.8679418563842773,1.0445687115279158e-08,1.8936499701638356e-09,9.877161977200899e-09,6.678988095920601e-09,4.814543164144425e-09,2.45637678197852e-08,1.3751571170672608e-08
priorregion1_spot_56,2.055492598174169e-06,3.1561990687656307e-09,2.3622073075380004e-09,4.503681738654564e-09,6.39471275931669e-09,8.723618627470844e-09,7.813348035234925e-09,7.14212955443827e-09,3.3237509744488137e-09,9.692915936554414e-09,1.4876145660877227,4.780535234338857e-09,2.9987511362961076e-09,1.6017268511525633e-09,5.367172462023007e-09,2.0174293346997274e-09,2.4892650163366173e-08,1.0287807716835575e-08
priorregion1_spot_57,1.1509993980141076e-08,1.8915739286029522e-08,1.0416543148039639e-07,2.11067181510316e-07,1.0213521299817786e-07,1.0634911866702623e-07,8.053974092092632e-08,7.692088814792444e-08,1.743376030205468e-08,1.325933148166314e-07,1.5387951970100402,6.40397161077999e-08,3.255066598484291e-08,4.8684396247722364e-08,8.820385097862982e-08,2.1618958179203677e-08,0.07174280621111394,2.3190538911421754e-07
priorregion1_spot_58,4.9568514981501726e-08,1.3754822303368997e-08,5.223592040692893e-07,6.180670311550785e-07,1.0886784423291828e-06,9.767031087903888e-07,0.10709508135914803,8.085420205361516e-07,1.7133749921072195e-07,7.155208976428185e-08,1.0696279048919677,2.979473251230047e-07,6.998387149792507e-08,3.4259238290701435e-08,1.0624543200776772e-07,3.953035196957444e-08,1.8516882605013052e-07,4.716075530097896e-08
priorregion1_spot_59,6.698160149198885e-07,3.523267064764468e-08,1.2573238109325759e-05,2.6056098818116878e-06,0.13942364752292633,9.14885031306767e-06,2.4426760774076683e-06,1.7278774919304852e-06,6.659302357547858e-07,1.4780081443177555e-07,0.7067639201879502,9.01926787832963e-07,8.951012198110675e-08,7.347040707372798e-07,5.864351749096387e-07,6.480079228765591e-08,6.531905057727272e-07,7.314308732020436e-07
priorregion1_spot_60,6.724277934466727e-09,3.1053190463481427e-09,8.184547795053733e-09,1.1414304790235975e-08,1.1660304499727658e-08,1.3782095464875965e-08,7.4343959877154475e-09,8.126584916112734e-09,7.195699569528813e-09,1.2757136724772523e-08,1.2626424252986908,1.9017310748381535e-08,3.620861521724805e-09,4.750132998054825e-09,1.918603773631844e-08,3.2260338067580113e-09,3.2538357963574074e-08,1.5130883035396892e-08
priorregion1_spot_61,1.9357829561528207e-09,5.523339091650926e-10,6.60321515244533e-09,6.680382313994926e-09,4.3267096350163575e-09,2.2642015551355143e-08,6.625248794023264e-09,5.4777261393468284e-09,5.402473335358593e-09,4.103687190060158e-09,0.701415964961052,1.1835810109772638e-08,3.3667319487840075e-09,1.2190838294401375e-08,5.334519537214534e-09,1.1092510332488814e-08,5.140904280054315e-09,1.7260964435550365e-09
priorregion1_spot_62,7.13702160481944e-08,6.29576213384553e-08,1.3091097798678675e-06,2.372105689119053e-06,0.018664367683231833,1.1532236339917291e-05,0.13320052549242972,9.333050542181809e-07,1.9559180373107665e-06,6.608264982332913e-07,1.1202849447727203,0.014182504545897244,7.179254843947546e-08,2.984811737860582e-06,3.042789259666279e-07,7.218147260346087e-07,0.0989431593567133,3.4313394081664233e-07
priorregion1_spot_63,2.4581679554103175e-05,2.0422388388396944e-06,3.2439615893054e-06,1.3567519033585996e-06,0.2501430198550224,2.565228196544922e-05,0.00019281999484519475,1.5808812622708502e-05,4.6641376457046145e-06,9.799552003642022e-07,0.9294111073017121,1.4408411573185733e-06,1.511385835328838e-06,1.1867974023971328e-06,5.222559934736637e-07,2.7397269093398795e-07,0.1442334868013859,4.915030217489402e-07
priorregion1_spot_64,6.101413028147818e-08,4.796234343018568e-08,2.372256165017462e-06,1.2254800139999133e-06,4.07524289585126e-06,3.43735483738783e-06,0.12631876170635223,0.018990491703152656,2.257864696275647e-06,5.734906238785699e-07,1.0903576612472534,1.610408082797221e-06,1.0539668444664585e-07,4.40558885657083e-06,1.4652948550519795e-06,6.308541060207064e-07,0.05793828070163727,3.4255724585818834e-06
priorregion1_spot_65,7.342278749433718e-08,7.985196717186228e-08,2.0545421079987136e-06,2.9720538236688297e-06,0.19599359706044198,4.682276744460979e-06,0.11849003881216048,8.71793854457792e-06,2.0461011172301368e-05,2.3543702454276172e-07,1.235556811094284,3.874929689118289e-06,2.6599605718047314e-07,9.105261142394738e-07,1.0075818181576324e-06,4.2018132830889957e-07,2.791834504023428e-07,1.2466568762192766e-06
priorregion1_spot_66,3.9392260231529986e-09,5.679222092602744e-09,5.669303559940886e-09,4.674742482002614e-09,5.330835661787605e-09,1.6922880519132385e-08,4.900864580825726e-09,7.087583919762608e-09,9.517378929402297e-09,1.4834833095278554e-08,1.1563014388084412,6.823617293427731e-09,2.7980607719690907e-09,4.724240354470055e-09,3.0284090013488197e-09,6.08891712605697e-09,3.2829455243188485e-08,5.401492941814468e-09
priorregion1_spot_67,7.536718356959682e-07,3.2343731426465186e-08,3.8735409901846657e-07,3.7931862522100347e-07,1.2671486331328199e-06,1.4470627547780168e-06,0.11461873017251492,1.1118411691768415e-06,0.00037506430962821465,4.348049486679884e-07,1.1232575237751008,6.060286273168459e-06,1.0883298777741856e-07,2.987386608310771e-07,5.134323942002083e-07,1.6042346615563474e-07,3.489535544076716e-07,1.0597577670523606e-06
priorregion1_spot_68,2.090954458466854e-08,6.85358156893301e-09,4.895060243370607e-07,3.2348274885407595e-06,3.26579292675433e-07,7.065674083150952e-07,0.11265304796397685,4.399437287361252e-07,2.9979292719417573e-07,1.2556486126413804e-07,0.4071697279810905,2.9465765720715354e-07,0.00026180235436186196,1.683717314904243e-07,1.2800241711019568e-08,4.029879860922847e-08,3.531141050672204e-08,1.2988108766265328e-08
priorregion1_spot_69,8.640703974549525e-08,5.0151007258136814e-08,1.6314920344484562e-06,2.2693312416777193e-06,0.2494250513613224,7.205015458566777e-06,7.77307232056046e-06,0.10073107667267323,4.875093327427749e-06,4.76602190246922e-07,1.0796980202198028,4.411274812810007e-06,1.0341679761438628e-07,6.408628763665548e-07,3.412071805541928e-07,2.9976267228448706e-07,0.10181777961552142,3.357714831508929e-07
priorregion1_spot_70,8.244462268436339e-09,5.982350215205657e-09,6.039908972965691e-09,5.941965031119878e-09,8.817704921781912e-09,1.0245523274221568e-08,9.34212582848204e-09,1.1946675204654866e-08,2.2461013049479565e-09,8.782564497877843e-09,0.9461801558732986,6.2285080648649685e-09,5.276978809476418e-09,6.7631527267408845e-09,7.049729155994555e-08,1.5324787039361355e-08,1.8011672953122117e-08,6.4877462335744e-08
priorregion1_spot_71,1.9011812846247976e-09,1.5072187053988274e-09,3.019067895682071e-09,4.9352307573968814e-09,5.478855680252081e-09,5.556819981933359e-09,8.794956896096551e-09,7.379491329118083e-09,2.0011835633049204e-09,2.3822598338441026e-09,1.0423323035240173,2.1373619651932076e-09,2.1578904108032758e-09,1.41283446053464e-09,3.5713172863438565e-09,1.1239328856493814e-09,8.98196090837189e-09,3.159857719925441e-09
priorregion1_spot_72,6.680126141134224e-09,7.729520201671393e-09,8.486653246819745e-09,7.4313853959395715e-09,8.330781930965258e-09,6.271444052963205e-09,6.466694535411933e-09,6.2429847957901075e-09,4.0278935964366264e-09,2.988661418346084e-09,1.308729088306427,4.254934604652761e-09,1.1611028476465891e-07,3.5371641171622063e-09,7.472988405865521e-09,3.2431315744041457e-09,0.07239066660404206,1.323338425507359e-08
priorregion1_spot_73,1.8386891387223163e-08,6.614402181526203e-09,1.536097109067214e-07,6.971828639734668e-07,0.29277805536985396,7.87241269790684e-06,6.843115897936514e-07,7.509110730552493e-07,1.9551511059034965e-06,1.322195529951387e-07,0.7463020950555802,1.0375264173489995e-05,4.32991338783495e-08,1.7880102859635372e-05,4.0409679868957935e-08,4.331041978389294e-07,5.706879342426419e-08,1.0293961771878912e-07
priorregion1_spot_74,1.1935426016407292e-07,9.851964000162638e-09,8.288143249046698e-07,2.7458556246529046e-07,6.511836545541883e-07,1.727280061913916e-06,0.23956288844346998,2.2861128286422174e-06,1.4665483263343053e-06,5.262004965089773e-08,0.6966573774814606,9.209083003725028e-07,4.7787710499846984e-08,1.397180319884228e-07,4.6674875697760856e-08,1.0394790592727079e-07,0.12337005175650119,6.923065534181206e-08
priorregion1_spot_75,5.941863406633274e-07,9.083807928078613e-09,1.8294143000474607e-08,1.0094394342630155e-08,1.1183922676849534e-08,2.9437890169958792e-08,8.980400778568766e-09,2.340927363064793e-08,1.6982629524875392e-08,1.3941968513009329e-08,1.3709317505359648,6.508227601287331e-09,1.739001795897366e-08,6.8268764197299e-09,1.2318563236135563e-08,4.3787982795251425e-09,2.993915106941358e-08,1.1793569276719041e-08
priorregion1_spot_76,2.595185344400619e-09,1.2856166842212249e-08,2.583995406535422e-09,2.955016598082949e-09,2.8786268480018863e-09,3.0278267337813246e-09,3.753178257070999e-09,4.674164988394125e-09,2.24536118587082e-09,2.500273610372972e-09,1.3267191886901855,1.5849284273894427e-09,3.2145707318242953e-09,2.287982336923733e-09,4.983671408886892e-09,2.3561677275907303e-09,8.423313557770485e-09,4.240229189989009e-09
priorregion1_spot_77,6.987125811264151e-09,1.1352709383682936e-09,3.822737326686365e-09,1.9108163828995826e-09,3.4492503186989157e-09,7.226332443543982e-09,4.770812567223005e-09,1.2013336769811647e-09,4.487595670066291e-10,3.6653845514322825e-09,0.5129090815782547,3.3187659176370235e-09,2.1079567646964394e-09,3.756453104131197e-09,3.070664478244112e-09,1.4270024994988972e-09,9.94040352253478e-09,3.376522916820335e-09
priorregion1_spot_78,4.294116706660134e-09,4.886279647564607e-09,8.370490167664003e-09,4.1578281262388834e-09,6.878790603792595e-09,3.2795081428282918e-09,2.7041694772300674e-09,2.4136924792195204e-09,1.1164312896383423e-08,4.131476694091419e-09,1.2205699324607848,6.471899260951375e-09,4.828926880584562e-09,3.940652115730359e-09,6.80416085696578e-09,2.3405566484946407e-09,7.739134444406659e-09,9.024867164697525e-09
priorregion1_spot_79,1.6599825016783143e-07,1.9644112470018632e-08,1.4297987945610656e-06,4.876711454926408e-06,0.10503217913210391,2.585933168575139e-06,0.20014739781618118,1.709337539068656e-06,3.740169873367449e-07,1.4501723342164043e-07,0.6428083568811417,5.953838649475074e-06,4.025146242980782e-08,7.62840306833823e-07,1.4459627877272397e-07,1.312108047102356e-07,1.1450094739018368e-07,6.470271927128125e-08
priorregion1_spot_80,2.4052597691337496e-09,3.3263170551300902e-09,5.4868356080817195e-09,1.1208543071461464e-08,1.4192798891699e-08,7.593298212427158e-09,9.993673177888241e-09,9.569140591025871e-09,4.767266759131417e-09,8.63286975238964e-09,1.393720245361328,5.735260155681488e-09,4.3298324037266415e-09,1.4959993632768233e-09,1.7960701192976104e-08,1.4240585544111897e-09,2.3528168924258355e-08,5.997402285906617e-09
priorregion1_spot_81,6.508822725237451e-09,4.9088550779785575e-09,1.3266527254529594e-08,2.8311923827573084e-08,1.473389401596137e-08,1.5430686595152566e-08,2.0135580314217808e-08,1.6345161046871227e-08,2.937536169866917e-09,4.759153027222852e-09,1.1615727186203002,6.554856479823457e-09,7.20830877209977e-09,3.0183593735522157e-09,1.7567189836142918e-08,8.611499735522443e-09,1.918897742925197e-08,3.836062134610074e-08
priorregion1_spot_82,2.199024162763408e-08,3.9442512189680205e-08,9.788049908365792e-07,3.630262199294521e-07,3.0427996193793665e-06,6.50853243655547e-07,3.891253982146736e-06,4.86351702875254e-06,8.173495842811463e-07,2.4177824329285615e-07,1.0033525228500366,3.4854802350992036e-07,1.1672848243549083e-08,3.9632348602935963e-07,1.733674373838312e-07,2.2036573810169102e-07,1.598429356874931e-07,1.4561627352804863e-07
priorregion1_spot_83,1.4346280806876167e-06,1.0520990034734722e-08,1.958896393716714e-06,0.00020295349459047428,6.33437232409051e-06,0.0008944939967477695,0.34637857377529147,2.9165821501919707e-06,2.3556060853024978e-07,6.636358079958882e-07,1.0947710514068603,9.508594843055108e-07,1.827457634107077e-08,7.373606109695175e-07,2.0791423054333792e-07,1.2256393091547583e-07,1.1699103410478529e-07,2.9673251589201755e-07
priorregion1_spot_84,2.10309213377613e-09,4.448055124228744e-09,3.592073039015987e-09,7.186285300164741e-09,1.1729256677028845e-08,6.984864842074501e-09,6.683981101929248e-09,7.445912819648015e-09,6.656843831720495e-09,1.1091738461033174e-08,1.5876898646354674,1.1187268311729782e-08,3.3064017967987525e-09,3.4129993498055455e-09,1.4436322937072534e-08,3.670727755089587e-09,3.242905766143167e-08,6.6515015495483e-09
priorregion1_spot_85,6.65313224512687e-09,1.7796415704651737e-06,1.4876089782234203e-08,2.2349542483368624e-08,1.0471778422171951e-08,1.2777482583103962e-08,9.51949434835342e-09,1.9566793074687894e-08,5.353770937688296e-09,2.4346979543565794e-08,1.6126648664474488,1.2652725667194888e-08,3.022796244422921e-08,9.521589205974124e-09,6.818006852427062e-08,2.016788283043525e-08,1.7564481922249797e-07,3.598170774665732e-08
priorregion1_spot_86,2.543760103890236e-07,1.2411120176025748e-08,3.328744796249339e-07,3.7306058828789903e-07,1.3790034984140221e-06,3.995034762738214e-06,0.4631086364388466,7.833086357322827e-07,1.8070888586407818e-06,2.1074708556056976e-07,1.0203839719295502,1.1599526033023722e-06,3.490174691478387e-08,1.3593539378575769e-07,3.7319947239211614e-07,8.060299556689189e-08,1.2950685643886575e-07,1.3092011741377974e-07
priorregion1_spot_87,2.8262660989319953e-09,3.1286671142716218e-09,6.321237910889011e-09,6.5798500870073445e-09,4.559480282217976e-09,7.928995326977883e-09,3.3736364257741518e-09,4.538812947707527e-09,4.1575916043257174e-09,3.08600498488687e-09,1.059917616844177,7.53430422495427e-09,4.239401341088467e-09,4.65907932234444e-09,6.919838768659759e-09,4.247921259192822e-09,1.248098016048971e-08,4.217158888764062e-09
priorregion1_spot_88,4.225690508619096e-09,2.5429198635684716e-09,3.762561473497072e-09,2.565689638522884e-09,5.5218566386017195e-09,4.76816317540596e-09,3.871734777227687e-09,3.5133205789072974e-09,5.540642522561257e-09,4.811471576715575e-09,1.0676140785217285,2.8680649966084107e-09,6.923160653968806e-05,2.6987767798303256e-09,5.550044090973928e-09,1.4280589877291307e-09,1.2211419564422954e-08,5.199063246585922e-09
priorregion1_spot_89,1.011746864065799e-08,7.250147437964927e-09,4.321115511629614e-07,5.117879965155226e-07,0.14856435060501097,1.056950236488774e-06,7.543229969542153e-07,6.495010950402503e-07,9.696304260842226e-07,2.0723864864180543e-07,0.8516672670841218,1.15120020041104e-06,1.0507716652341515e-08,2.0523804948879846e-07,9.160679788067226e-08,7.592885253870919e-08,5.062593082527656e-08,1.5568763984674662e-07
priorregion1_spot_90,4.1515453119700394e-08,4.1927456351231736e-08,6.741008604649324e-07,1.156254523948519e-06,1.0383063681729254e-05,5.6282609193658574e-06,0.30415724515914916,7.221659620881838e-06,1.7816366653278238e-05,1.1586412711039884e-05,0.9873035848140717,2.8848715032836482e-06,7.308262155447666e-08,1.5940116099955049e-06,1.8061904256683192e-06,5.640195752221189e-07,1.7574792252617046e-06,1.0417647945359932e-05
priorregion1_spot_91,1.6135331826205858e-08,9.80302474751227e-09,5.193439733375272e-07,9.330960153874913e-07,7.992875026729963e-07,6.213199895910293e-07,0.04792757611721754,1.3875311879019137e-06,2.58099731809125e-07,1.2166395393364838e-07,0.5394330203533172,7.430438870414946e-07,0.0001432042321539484,9.455917897582823e-08,2.1187658063581694e-07,6.280957514093188e-08,1.399710338745308e-08,9.042487256749609e-08
priorregion1_spot_92,5.962743401255466e-08,8.007134866261369e-08,3.5212730864486735e-07,5.491844035532267e-07,2.732164762164757e-06,9.089137137152649e-07,0.07714523933827877,0.007780855824239552,0.09655694849789143,2.623419518954506e-07,1.0303963840007782,8.824191536405125e-06,5.460729131101516e-08,3.346415880400855e-07,1.9733752409933913e-07,2.98434790124702e-07,0.12310978285968303,2.1498617357451623e-07
priorregion1_spot_93,1.937666901596913e-07,2.082039642914424e-08,7.611140119934135e-07,5.990485249185441e-07,5.45649479590793e-06,2.0705813881249924e-06,0.3071358263492584,0.01304302797652781,6.003515773045365e-06,2.049033889761631e-06,1.0492263555526733,9.045744292279779e-07,6.418283611253628e-08,4.275342871551403e-06,1.440804812773422e-05,6.071271855034866e-07,0.000694790476700291,4.7464009469422316e-07
priorregion1_spot_94,1.2734736776209842e-08,1.8698500081626435e-08,9.676629773025525e-08,3.730087421160988e-08,5.7199340908198345e-08,3.775311316900343e-08,1.590583487143249e-08,6.512324297602845e-08,8.44343968076089e-09,1.4317587782031183e-08,1.7685608744621277,5.747133657862947e-09,1.547779335808742e-08,8.853878474823774e-09,1.7883450897926425e-08,5.091841770443751e-09,0.06070748586207628,3.125344285592746e-08
priorregion1_spot_95,2.3828525708147203e-09,1.1895153750884901e-09,2.0362886599123445e-09,3.86308134370239e-09,3.745337351368505e-09,1.4457944352841422e-08,4.2653638621104046e-09,3.2847938591373805e-09,2.1742095013266293e-09,1.704769825305874e-09,0.34563480168581007,5.745022657599463e-09,2.492197426207099e-09,1.6140478620307876e-09,1.7257253848157464e-09,4.105371176343909e-09,6.834394827848201e-09,1.1895322504784644e-09
priorregion1_spot_96,7.538669266615728e-09,4.107300388689339e-09,8.887013835945367e-09,4.600288661116282e-09,5.052777685143895e-09,8.16543712645057e-09,8.997560208001688e-09,9.009384660529919e-09,2.805094578839374e-09,3.1775891917718013e-09,1.259149706363678,7.587234818196012e-09,4.9880909536170746e-08,8.812126273127776e-09,1.3088536610084136e-08,9.786326149452406e-09,1.9720988486682246e-08,6.945698083349328e-09
priorregion1_spot_97,1.984695141565851e-09,3.75947171171731e-09,1.0056029431382285e-08,4.800288277984066e-09,6.235503935414501e-09,1.0765055513672905e-08,1.6126124435800193e-08,8.212630264736731e-09,3.935992320958094e-09,3.791490621463112e-09,1.4849513053894043,1.6366783661680986e-08,6.765600324420974e-09,7.3465277861117785e-09,1.3818095467854619e-08,5.611955566919846e-09,4.414878169711756e-08,5.7113129114938494e-09
priorregion1_spot_98,7.784507722874423e-08,1.098465931548276e-08,1.1260003361712735e-06,3.1013485966013834e-07,0.28783406764268876,3.2310072811014836e-06,8.136550576409718e-07,4.187995205029438e-06,1.6531595520064003e-06,2.7058610072572267e-07,0.4419471830129624,3.852362419820566e-06,2.576980557833508e-08,2.8104931061534445e-06,2.7117216347960495e-07,3.5666644890852697e-07,3.488120938754946e-08,1.0018051774807191e-07
priorregion1_spot_99,9.672037748487128e-09,1.1551221357208875e-08,1.22054761675372e-07,5.335464834388405e-07,3.096918163691953e-07,4.175866848754595e-07,2.675486584280407e-07,1.1656372471691158e-07,1.0620871542244005e-07,1.8819547698001315e-08,1.4388189136981964,1.447703418477886e-07,1.5162448097072458e-08,7.987522998575969e-08,4.304667573507004e-08,1.9087754665747528e-08,3.1622263918507094e-08,7.357521241146969e-08
priorregion1_spot_100,6.20978365617475e-08,3.72791296499031e-08,5.669896893323312e-07,3.7804878019187535e-07,9.499311659055822e-07,1.7317670142347197e-06,0.09073752500116826,2.2195903966348853e-06,0.021941309329122305,3.4732116205304925e-07,0.7224313646554946,4.107614088866285e-07,5.6410632609527056e-08,1.6575877310742725e-07,1.576712342910014e-07,9.548837098805052e-08,0.05635508354753256,9.70395777954991e-08
priorregion1_spot_101,6.96594406690565e-07,2.0168699865763533e-08,4.7031326602109405e-07,3.3781257400278266e-07,4.7300461005761466e-07,6.3474682974629114e-06,0.11843493804335595,3.1672595014242687e-06,3.9766332884028094e-05,2.2509039894202944e-07,0.9920724481344223,7.200205402568827e-07,5.326894534363191e-08,2.819198670067635e-07,1.2881564614986019e-07,1.7444057860416253e-07,6.43710272640874e-08,7.376191994978853e-08
priorregion1_spot_102,4.458270375096163e-08,2.2126563425928228e-08,7.75860542034934e-07,5.53955391069394e-07,0.2793788298964501,3.543779632764199e-06,3.88383823519689e-06,2.229620054094994e-06,6.70266633733263e-06,0.00041739996377145874,1.307657039165497,2.5758677566045665e-06,4.7728048002682055e-08,5.303510874909989e-07,1.287583910425383e-06,2.3097234915780974e-07,3.546429283574071e-07,4.4573529009994674e-07
priorregion1_spot_103,5.483982512544117e-09,6.663782015081665e-09,1.1113049502853302e-08,1.0685933338194788e-08,1.8710105020858236e-08,7.3957965085469365e-09,1.3596401826632132e-08,1.2715337671664887e-08,1.1488977014195713e-08,7.821776315530828e-09,1.4770567953586577,2.2386729980894415e-08,6.337699409719733e-09,1.2268558791106442e-08,1.8820117109186193e-08,5.996842267208535e-09,3.349942883090762e-08,2.1127500460238484e-08
priorregion1_spot_104,5.06318732718114e-08,1.187956318204897e-07,2.1236276552372145e-06,9.621100389267668e-07,0.2083421662449837,1.8312380916540862e-06,1.1739841784219607e-05,3.820762617579021e-06,3.52216517285342e-06,5.857554270960464e-07,1.2903009593486785,8.233856442529941e-06,1.7143374790862255e-07,1.0280156004682794e-06,4.202138654818555e-07,2.3699840241420133e-07,0.058255432173609734,4.482067296862624e-07
priorregion1_spot_105,1.9091087199996082e-08,1.4514665096498903e-07,5.706205502065132e-06,0.004093465977348387,0.16481266766786573,0.03288114108145237,5.472299517350622e-06,1.7554929513607932e-06,1.1213012044208882e-06,3.3248762463244927e-07,0.906498059630394,1.1785145829890098e-06,4.832109734564938e-08,4.7066800561879065e-06,2.2745417140868085e-06,8.835297307996372e-07,1.8144481089166222e-06,2.3631397880308216e-06
priorregion1_spot_106,4.313105583797495e-09,2.8273818952762044e-09,5.621466869776271e-09,7.1140475510489414e-09,4.9931635937028325e-09,6.816296127531984e-09,6.103279792668559e-09,3.783320523531586e-09,3.1931912114480103e-09,2.4505890094950193e-09,0.831452488899231,7.739291496555723e-09,5.2438017927869406e-09,4.6409428744453866e-09,1.2957661921220165e-08,1.5171312317541207e-09,7.25189959194239e-09,9.18389764237304e-09
priorregion1_spot_107,2.5168615547244143e-08,4.729445080009498e-09,1.6993514329044504e-08,4.586825834707043e-08,1.0888641419626311e-07,4.901831580639283e-08,4.602515648599593e-08,3.5600400671853547e-08,6.12467424332408e-08,8.215761315710781e-09,1.4814580798149108,2.728974273225049e-08,1.083068532636844e-08,1.1138334077287482e-08,1.5873745784489303e-08,1.3721315950121495e-08,4.49954377756967e-08,1.870457104757861e-08
priorregion1_spot_108,2.683124327163e-08,1.9353104541153245e-08,4.582300888955616e-07,2.5842116997409907e-07,2.609714556456311e-07,6.602044066994496e-07,0.5506773352622986,6.623643969305704e-07,6.647019120009647e-07,1.5139491225113488e-07,0.6781558483839035,5.824576703616913e-07,3.3049551539932054e-08,3.324164296714116e-07,3.106826902410376e-08,4.437623442044014e-08,7.949661373629624e-08,5.5760844652752437e-08
priorregion1_spot_109,3.144987548164835e-09,3.6544528958515346e-09,4.029448188447304e-08,1.1811508571213379e-08,4.440403866823317e-08,1.534561517857469e-08,2.4438979284724383e-08,1.9217021307582627e-08,9.834727654478573e-09,1.1632496965674477e-08,1.2095598936080934,3.0668744077644313e-08,3.802507075878481e-09,6.259436768907279e-09,1.8237490095884825e-08,9.435287307013595e-09,1.328379641840627e-08,8.955165808899325e-09
priorregion1_spot_110,9.983505933064407e-09,1.769115458571946e-08,6.9704926497493606e-09,2.17195898599698e-08,1.0841298125896515e-08,1.6340485498034242e-08,2.0223051677703552e-08,1.8549557800895402e-08,6.0168471316401906e-09,9.324125072041055e-09,1.2378384172916412,9.780977094919764e-09,1.852517632627837e-08,5.816973547290161e-09,9.615619234182307e-09,6.892516446477259e-09,0.011288636969402433,1.4847224116820714e-08
priorregion1_spot_111,1.5233334038633475e-09,4.104086581691036e-09,2.8628524439966443e-09,3.459319997123345e-09,3.766058309651044e-09,7.620105524352993e-09,1.0034559139171507e-08,4.4303403390344446e-09,3.5735061576502858e-09,5.397381919181043e-09,0.9437729090452194,5.921309464973489e-09,3.0888326452149785e-09,5.125978375097873e-09,3.092111189317848e-09,1.6977789396577238e-09,8.323004996313444e-09,8.634011683383847e-09
priorregion1_spot_112,5.790389678850262e-09,6.3550507301002316e-09,5.433448424518873e-09,8.959778563522037e-09,7.128336565465077e-09,9.924027866148322e-09,5.893147503321927e-09,9.290021685259831e-09,1.1401913235786765e-08,1.7982583244702256e-08,1.2715333580970762,4.403260178698077e-09,2.9746318519485727e-09,5.568705163661036e-09,8.303945087106968e-08,6.367382199279347e-09,2.0401003730796677e-08,3.5228893402461385e-08
priorregion1_spot_113,3.309881690949368e-09,5.511152267878573e-09,3.63183625395891e-09,3.7234445748879356e-09,3.938374226741815e-09,1.6499418808990645e-08,3.723371500008455e-09,5.544022063652677e-09,3.629694644846638e-09,1.732998733405822e-09,0.8711108058691025,2.7310207206809883e-09,2.5002808379248623e-09,1.5919816021003896e-09,3.489607169893106e-09,1.224029313462438e-08,1.3706958856829489e-08,6.726819634650383e-09
priorregion1_spot_114,1.9575687656470108e-05,2.658484465900557e-09,4.415289311943128e-09,4.96097647406657e-09,4.528321739805108e-09,4.136645004315654e-09,8.077187807487009e-09,7.700238580099495e-09,7.137860169592614e-09,1.1529196308757151e-08,1.2040263652801513,1.7180165456931462e-09,2.7866382867891564e-09,5.0865502476682424e-09,6.992984857845386e-08,3.851307939228832e-09,3.206199110650232e-08,1.6679782888218142e-08
priorregion1_spot_115,7.948454516792936e-09,2.8835407950289497e-09,4.8383318240752265e-09,1.8987163308281654e-08,8.837526399574358e-09,1.316442230780979e-08,6.586677181452672e-09,1.109086449346819e-08,4.223220462229449e-09,8.981792731788122e-09,1.3319342017173768,1.0748614309719073e-08,5.156663607230883e-09,1.0806358075043932e-08,6.4742481153956546e-09,2.6402642072653753e-09,8.579209520576115e-09,1.290337077186621e-08
priorregion1_spot_116,2.3436913476615476e-08,1.6774110545014764e-09,2.2444966063517312e-08,1.8415768021640136e-08,1.4145203452997634e-08,3.56309985960479e-08,1.0955399876166895e-08,2.8578439881243867e-08,6.593105084107266e-09,1.5569381517366312e-08,0.829519909620285,1.4100733958244405e-08,1.2003554957118469e-05,2.6534995090088388e-09,6.7625454347464146e-09,9.723833072072807e-09,7.273316882105974e-09,7.248394573444727e-09
priorregion1_spot_117,1.125872688412244e-08,1.4783456947498055e-08,1.3662458542285094e-07,1.396376191564741e-07,3.3253599553972893e-07,7.113626423915776e-07,1.8206808647391883e-07,1.0564538257540335e-07,7.419570664524145e-08,9.432108853957288e-08,1.410844188928604,1.1722044277462373e-07,1.2854302822162823e-08,9.321025942199413e-08,4.36531879088875e-08,1.917837053611038e-08,2.5385871982308574e-08,4.296088231825479e-08
priorregion1_spot_118,1.0897557345401767e-08,3.9617347180609386e-09,2.6802811525783458e-08,3.952787288596938e-08,1.8140522151099957e-08,4.123535610744966e-08,2.1911818937070395e-08,2.0001075906606047e-08,3.548804858866106e-08,1.4007495785506307e-08,0.925539544224739,1.2833175722093416e-08,2.2469223548426952e-08,1.0430796004712308e-08,1.2120235037826887e-08,8.760359770931814e-09,3.2095595159376e-08,1.4992593655449583e-08
priorregion1_spot_119,3.4277719507258555e-08,2.4157394395984967e-08,6.488675154514569e-07,5.477223965044687e-07,1.8181640427883395e-06,9.312060512911558e-07,0.11588800922036172,8.362223024960259e-06,0.017046598903834823,2.0552848241095488e-07,0.8783352315425872,9.63822876087761e-07,4.365053243304829e-08,3.0647668438632544e-07,1.1603009943428333e-05,2.5956226323842207e-07,3.6874309614631786e-07,1.7123089662618442e-06
priorregion1_spot_120,3.237660539667786e-09,3.4392765302371235e-09,1.6147981707348434e-08,1.9878992141286746e-08,1.731028484996955e-08,3.367633727435759e-08,2.4509333673705675e-08,2.6139692721471876e-08,2.0895147123667363e-08,8.802703010957204e-09,0.8072580367326737,5.02342441421888e-08,6.8988130985658825e-09,1.8272475976743866e-08,1.522813999343953e-08,1.9928137806601857e-08,2.7675714076025317e-08,8.46920711339294e-09
priorregion1_spot_121,1.1146771186076879e-07,4.0892122221691815e-08,2.39506612160767e-06,1.3372093962971122e-05,0.1698341928422451,2.418016583760619e-06,3.6275281900088887e-06,0.0006518495181808248,2.3921416527628026e-06,2.7601028023127584e-07,0.9559203684329987,7.572419718826495e-07,4.813602458852984e-08,2.504645223666557e-07,0.0004944113024976104,6.202255029563731e-08,1.9932382571141717e-07,1.4171695141840246e-07
priorregion1_spot_122,2.371559060243556e-09,1.654520020988315e-09,1.5039585521403609e-09,6.000724872556874e-09,3.090834788110897e-09,3.912814494633211e-09,1.4286344995895208e-09,2.8578140298662904e-09,1.537235955195726e-09,2.217325612008381e-09,0.9092073321342469,1.6009795544835727e-09,1.4893467403798155e-09,4.507651030216664e-09,3.781484236853317e-09,4.2460092775087334e-09,7.2114553884006245e-09,1.787726006119428e-09
priorregion1_spot_123,3.147485749810386e-09,6.072773350851435e-09,7.964030657170442e-09,3.3449542025110195e-09,8.082426150579637e-09,9.723392357940954e-09,4.252709961960477e-09,5.726126128813293e-09,7.1963359493665285e-09,1.004057272879777e-08,0.5924458682537079,1.2746018818177165e-08,2.558311151812376e-09,1.0395138572150132e-08,5.475771636120896e-09,4.7891323351478835e-09,1.513902887495533e-08,4.2748021567007304e-09
priorregion1_spot_124,4.9384204992009015e-08,7.872884602022623e-08,2.8113608550484057e-06,3.2151054028872753e-06,0.18839989006519317,2.148643238797376e-06,1.8762241779768378e-06,8.745596176140681e-07,3.701536371636394e-07,1.299288364009499e-07,0.588014417886734,3.587594562759478e-06,8.85966468189281e-08,2.6138185802437876e-07,1.1071894903125213e-07,1.5042048531199726e-07,1.8987147356597234e-07,9.356375123559247e-08
priorregion1_spot_125,3.241640956730408e-06,1.2218483202985908e-08,6.447313353419304e-06,3.0940234069021247e-06,0.3541098266839981,1.2685599585893213e-06,1.9421777324168943e-06,0.03207123335450888,1.1187750089902694e-06,2.642192654889186e-07,0.6604317665100098,2.265867112782871e-06,3.5132127607084836e-08,1.6817626260490215e-07,7.324111557238668e-08,2.0118884407338556e-07,4.998173714909627e-08,1.1722593953322759e-07
priorregion1_spot_126,2.3215487976457895e-09,3.5297419431756798e-09,2.9611939122986547e-09,7.578250471595993e-09,4.110919271660408e-09,2.7632378385433754e-09,3.768915834978515e-09,6.20568880727035e-09,2.1850557252456327e-09,1.7581864353299893e-09,0.8016206294298173,4.407960152441603e-09,2.025520762227728e-09,3.026387473958892e-09,1.0119591997703737e-09,2.3767377399508407e-09,1.4152123606336886e-08,1.6076096009953746e-09
priorregion1_spot_127,2.274559891546346e-08,1.1653640896724937e-08,7.287349816920141e-08,4.0966834546907196e-08,5.3930668464374784e-08,3.917974762401855e-08,1.9156065533820765e-07,8.176570922557858e-08,2.613823937736015e-07,2.166660406643928e-08,1.2153320670127867,4.201745120724354e-08,4.0264773737419546e-09,2.1601898403389443e-08,2.2586516568168238e-08,2.6109285578002075e-08,0.06984738148748874,2.613416043573125e-08
priorregion1_spot_128,1.3774409879374618e-08,7.413514158116642e-09,3.4647090814132757e-07,2.3527431736170004e-07,3.4140751239419845e-07,5.631772467040719e-07,0.12040280513465405,1.5447772568677466e-06,6.548759614588562e-07,6.595238772888479e-08,0.9354862779378891,2.5957910736451596e-07,8.337930772484014e-08,1.0393914813278117e-07,6.18007554464839e-08,2.4982971780218578e-08,4.904016890350251e-08,5.1673090872839114e-08
priorregion1_spot_129,9.77384679856641e-08,1.488024636842056e-08,4.3103786993015094e-07,3.140076842100825e-07,7.69664566746542e-07,3.263173869072489e-06,0.1622207224369049,6.126131097516919e-07,3.633020207871596e-06,1.1839903990562561e-07,0.7578094244003296,7.580805032603166e-07,4.623269180825673e-08,1.9962048654065258e-07,1.0007770470110699e-07,1.0367217129214624e-07,8.905787858282112e-08,3.917563056177188e-08
priorregion1_spot_130,1.104685114938775e-07,2.175455815489613e-08,4.249128711109052e-08,1.0856972778583441e-07,5.8209775311013347e-08,1.0749820162914147e-07,1.5492409062289884e-07,6.571760877704947e-08,3.906347938453791e-08,4.2691248722803723e-07,1.456811797618866,2.713331582526735e-07,3.738815319564992e-08,1.144805372632618e-06,2.9408240516204386e-05,2.5098717557625607e-07,2.07610472102715e-07,2.628098745844909e-05
priorregion1_spot_131,7.561359849361793e-09,6.700872989817698e-09,3.121749569956478e-09,6.3292302066031435e-09,1.3262599019014942e-08,7.2158504282882065e-09,8.46041321445057e-09,7.479208741223432e-09,2.5134811232341297e-09,1.882035127742654e-09,0.8895261406898498,3.979365792439183e-09,4.900509220640004e-09,2.3411226401925946e-09,6.586086676030335e-09,1.0484189827408842e-08,4.73052351068759e-08,2.8188004264073642e-09
priorregion1_spot_132,3.720314367683386e-09,3.5533125219977537e-09,4.146197518650752e-09,1.713177300022295e-09,3.491812650135984e-09,8.175386190245603e-09,5.225596422242518e-09,7.673260338236787e-09,2.2451400183420844e-09,2.17684023029463e-09,1.0962644338607788,4.588419932893828e-09,3.5136441089989036e-09,2.0209549256300366e-09,3.6608447273600578e-09,4.37333476099866e-09,1.0338433309442507e-08,1.6294638360836443e-09
priorregion1_spot_133,1.9346601565217727e-08,8.690442010461652e-09,7.869057640164102e-07,2.3650380171602594e-06,0.7054014563560486,2.3185050622487328e-06,6.843334858785965e-07,8.445552680313995e-07,3.0651280667370885e-06,5.8996698726332405e-08,0.6526722013950348,8.531582324167176e-07,1.372247977471375e-08,1.2413208452244363e-07,9.148288668825445e-08,1.1924484581982143e-07,4.6316907109655864e-08,6.191731749538576e-08
priorregion1_spot_134,5.779859413301837e-09,1.4186177743624742e-08,5.1232607667373034e-08,2.820098146116834e-08,3.1475454242979595e-08,5.303231382924878e-08,4.471740737699293e-08,8.049450848091055e-08,3.355070852251174e-08,3.238397194849085e-08,1.7035876274108888,3.16119717069796e-08,1.5495855564040538e-06,3.074078787079771e-08,6.287559948248146e-08,1.268062290726846e-08,9.324256744491777e-08,5.7810636810984314e-08
priorregion1_spot_135,6.94382986665687e-09,5.1971085213153864e-09,1.0331366162574798e-08,2.428136598453534e-08,2.1971799224473904e-08,4.198365637364532e-08,1.7096140414452068e-08,1.2005313276830522e-08,3.873414229360606e-08,8.339941537371946e-09,1.240602731704712,1.4024001515622332e-08,1.0820655038656925e-08,6.0803327039948835e-09,1.2375705882305965e-08,1.005560448241738e-08,2.0104285614053197e-08,1.2132823545840667e-08
priorregion1_spot_136,4.05997702124239e-09,8.46151064770595e-09,6.121008055970378e-09,6.702080712628344e-09,3.646891855169088e-09,9.276821488768405e-09,1.1161278257176832e-08,2.865387638273376e-09,3.129458736594871e-09,5.7751861071153615e-09,1.1529555439949035,3.3216773775990305e-09,5.397743829682611e-09,5.018457494010419e-09,5.396675351043712e-09,2.0711268478024184e-09,0.05456321556121111,8.522738914606975e-09
priorregion1_spot_137,6.5547948624455905e-09,6.485592796146023e-09,2.7565084170788626e-08,1.200624653030502e-08,1.765001984566084e-08,1.7360831172652527e-08,3.165752833211855e-08,2.452713685485719e-08,4.643242146329385e-08,9.586445592901785e-09,1.044404149055481,1.6323828866404712e-08,3.6725477214893944e-09,8.796029193902656e-09,8.739565648951953e-09,1.1463725080318454e-08,5.588016205315682e-09,8.485139746383653e-09
priorregion1_spot_138,4.260396901933916e-09,1.405831689949011e-09,6.2094769104348315e-09,4.517762230982214e-09,4.940893383320599e-09,8.606466561644764e-09,2.4532146425393366e-09,3.641809742660485e-09,3.202509601951676e-09,2.622139727570527e-09,0.9531441360712052,3.444056018153675e-09,2.1921703452498777e-09,1.8646015786938367e-09,3.0187379485013824e-09,1.4396659198112614e-09,6.314864520184927e-09,3.1218650775599604e-09
priorregion1_spot_139,5.3884651185498456e-09,6.660359108678904e-09,1.9327480416109213e-08,6.569351782559352e-08,6.604437459145629e-08,2.5402439796096134e-08,2.200760365056454e-08,1.432471510298683e-08,7.928581124971856e-09,1.1743505679007174e-08,0.8321759939193726,6.0701219872783e-08,1.297981500059109e-08,1.0358472879445913e-08,5.669408476016714e-09,3.2995409782188294e-08,1.7291639586858308e-08,5.3095029040051155e-09
priorregion1_spot_140,1.887384637466738e-09,2.047398872662143e-09,2.5633973943506303e-09,4.008713649916729e-09,4.420946764227551e-09,9.118223642801127e-09,3.664507752798586e-09,2.8451266120832487e-09,3.6732720976040415e-09,8.179767974070273e-09,1.2530959784984588,3.4093462608630897e-09,1.0777982106802143e-08,2.014190358945456e-09,1.0732537125690555e-08,1.5831421895651232e-09,1.038474737313777e-08,3.663083614213747e-09
priorregion1_spot_141,1.999718337586387e-08,1.2495614143404055e-08,3.1687513001088518e-06,5.025377475931237e-07,5.187356720171011e-07,3.8820375607429015e-07,0.09641855433583259,0.0023039239807985724,1.1893974338761383e-07,6.18773533744843e-08,0.6827808529138566,8.932264776717603e-08,1.9005492557511162e-08,1.0512799093476133e-07,2.1482961365393296e-08,2.973617361234915e-08,5.6852307572796694e-08,4.952844552263969e-08
priorregion1_spot_142,1.668190847681217e-08,7.62589520419965e-09,2.2866100621854457e-07,5.598073244073021e-07,5.702787973405066e-07,1.1452772014308722e-06,0.21547731310129167,3.498850020378086e-07,8.369873825131436e-07,7.274992839256812e-08,0.6145401895046234,9.756296833529633e-07,3.297754549436149e-08,3.274967568245302e-07,6.868747632893246e-08,1.0935123810895676e-07,4.265983992723932e-08,4.7747822939925305e-08
priorregion1_spot_143,6.827787331076252e-08,1.902016304455856e-08,1.6487974960455177e-06,0.011194489384070038,0.17466752827167512,2.6282680551048544e-06,7.500137189708766e-06,0.0003065699740545824,1.6369942613891909e-06,2.5089884303497456e-07,0.9338457971811295,1.085863090111161e-06,9.568460548337044e-08,6.221365850933582e-07,3.382244116778566e-07,1.3867762902464167e-07,3.530323738232255e-07,1.9211932595908367e-07
priorregion1_spot_144,2.2385484577114316e-09,2.8310997879366087e-09,4.338642090040423e-09,3.17359551971208e-09,7.4120206861039146e-09,7.862281314885423e-09,5.5200970239255295e-09,5.465614383304284e-09,3.1593397231688416e-09,3.305573503809001e-09,0.9473018527030945,2.6561964294735674e-09,2.8476270119703886e-09,1.944768124317875e-09,7.2597687861275525e-09,2.3928377834714353e-09,1.975135601739453e-08,3.999297470969055e-09
priorregion1_spot_145,3.057094544178796e-09,2.2521798093144697e-09,3.6406803571864546e-09,5.236579392331465e-09,5.9052017054028745e-09,4.7431020666621755e-09,2.3325753328862217e-09,3.1782944942548857e-09,6.452502288034623e-09,2.424829081970614e-09,1.24868483543396,3.415946425722183e-09,2.381363439774021e-09,2.461670345343947e-09,3.332799880517712e-09,3.2162654095557744e-09,3.031284325771821e-08,2.592702730286334e-09
priorregion1_spot_146,2.5481747023547997e-08,3.311069196598738e-08,5.393489090010918e-07,7.971505795012491e-07,1.1589894995722717e-06,3.161674567309092e-06,0.24190458059310913,1.0760452767044626e-06,8.131914171372046e-07,1.7062263069078656e-07,1.1323337376117706,2.0928319202084822e-07,3.884055335134917e-08,1.5027442401560623e-07,9.811987737862182e-08,4.729477325327025e-08,0.06938554681837558,6.950080049250574e-08
priorregion1_spot_147,4.529089956406552e-08,1.5537317032965348e-08,1.408820189681137e-05,0.011417550779879094,0.020522088650614025,1.6530332970887685e-06,0.24282493069767952,0.029326006025075912,1.9892500446871964e-07,2.1372362155602789e-07,0.3684257924556732,1.0880583147354628e-06,9.687025182003595e-09,4.0994951859829604e-07,7.822384304745358e-08,2.0118089594234337e-07,4.1948903017896555e-08,7.305754365916074e-08
priorregion1_spot_148,1.5846402323660415e-08,1.8279314062397137e-08,1.4034320656719503e-07,1.0078470644714344e-07,3.08027357220908e-07,1.3687225646208392e-06,4.783847930411867e-06,1.558112451505167e-07,0.00387211024062708,5.0219828118258644e-08,1.3586965262889863,2.795024812485281e-07,9.359287211907485e-09,9.21974958600913e-08,1.0477601009029058e-07,8.751297926323787e-08,6.291834679927889e-08,4.2630044738700695e-08
priorregion1_spot_149,5.819315695987371e-08,7.722202699511627e-09,8.505928150270848e-07,3.6976372939534487e-06,0.1325986750423908,5.48533143955865e-06,7.298265700228513e-07,5.864651313913783e-07,5.752579284035164e-07,9.587795517518317e-08,0.7226172655820846,8.151563662295304e-07,2.596745316552074e-08,6.188447400745645e-07,1.1235903549788873e-07,1.2309240986496662e-07,6.149161073665256e-08,1.2685857768701682e-07
priorregion1_spot_150,3.786239732850305e-09,6.682405961910832e-09,2.0474106410262044e-09,4.2801026722827375e-09,6.435478994148982e-09,3.9764906922812315e-09,5.420412874102e-09,4.27618580545186e-09,3.132910064707062e-09,3.3118410125432265e-09,1.2949276447296143,4.904847217268582e-09,5.387408941182059e-09,2.5550509596961037e-09,4.5309753726741064e-09,2.315082969772675e-09,2.112058483660917e-08,3.746996923847946e-09
priorregion1_spot_151,3.811703326306315e-08,3.149597394003223e-09,1.682546235670657e-08,5.336620234608347e-09,1.0911293335524876e-08,9.839449344184458e-09,7.821471026403515e-09,1.4684538829357053e-08,7.808628943450912e-09,7.90174937037591e-08,0.9899713903665542,7.085205155910048e-09,1.1516287804624882e-05,7.295418957831146e-09,1.2101747293158383e-08,9.489310226484804e-09,0.014965442521497608,7.514213828940797e-09
priorregion1_spot_152,1.4450672258803366e-08,4.182737214364352e-08,2.776262817860698e-07,1.8311624145894713e-07,4.3288842164201926e-07,1.2971792102689504e-07,0.002811536495573819,2.582014573704328e-07,9.528195414532094e-06,4.914797830934959e-08,1.825983852148056,3.3860987969092093e-07,4.0206223239636074e-08,7.814753004709021e-08,2.1967902554820285e-07,2.679966435437109e-08,8.684432870609272e-08,1.2800205482221826e-07
priorregion1_spot_153,3.2955584705618436e-09,5.148419424116924e-09,5.052553153639394e-09,2.8092401072044025e-09,9.730438543797959e-09,8.816558150215315e-09,8.723945077449003e-09,7.945284252741658e-09,3.1268537759032715e-09,5.930464164194406e-09,0.7336184024810791,5.516052725695886e-09,4.190882991679246e-05,2.020834566351937e-09,4.944667897355259e-09,4.524875030220699e-09,7.2378362636627e-09,2.2506630115159964e-09
priorregion1_spot_154,7.2406677098513225e-09,3.5430945066750045e-09,7.992893280572844e-09,9.602088013593859e-09,9.493420671802256e-09,2.4548236332577744e-08,6.504454486133682e-09,8.89866655917615e-09,7.905391719020827e-09,7.33781611028661e-09,1.0382476568222045,3.866330722246403e-08,4.355731553218334e-09,2.206657816472557e-08,1.7820296172033072e-08,9.157621150279738e-09,7.032365534342944e-09,6.60256591622499e-09
priorregion1_spot_155,5.241182599036166e-09,2.0385140686585144e-09,3.418703986568517e-09,3.2602327837416564e-09,5.72029568157717e-09,1.250866192847866e-08,5.073676856426346e-09,3.0929154903880375e-09,4.751927851209814e-09,3.9258793549379336e-09,1.2501975774765015,6.111903894101545e-09,5.8718023332460236e-09,2.4128804954060004e-09,6.6446695479172045e-09,5.37441235959335e-09,4.4229548556984356e-08,4.7986247864173486e-09
priorregion1_spot_156,6.935004073227447e-08,8.41537257656455e-08,4.823293147637742e-05,0.011146356584504247,0.04504500925540924,8.959600427260738e-06,0.1877256914973259,1.589545499882661e-05,1.7884458713979257e-06,3.7021567464989865e-07,0.8287502288818359,3.368798138581042e-06,4.875884904720352e-08,4.4558570095887266e-07,1.4492191553472366e-07,2.0902266726352538e-07,0.06204429641366005,2.3411953193885897e-07
priorregion1_spot_157,1.314220008374889e-08,2.604042659282158e-09,1.1448279346737423e-08,1.0945369499637538e-08,1.0829502583575846e-08,4.310307151200732e-08,7.2816615848125826e-09,3.383216888863672e-08,1.5108901951776944e-08,8.618946845118104e-09,0.9983136534690857,1.804254408099837e-08,3.2313589914956254e-09,6.299370491902323e-09,1.0997011878899344e-08,7.981935290501952e-09,2.1701782682015393e-08,1.0937617256345789e-08
priorregion1_spot_158,7.96079628884172e-08,2.607177522762072e-08,7.46644420814846e-06,8.100666178734173e-07,1.029883901537687e-05,3.0938942131797376e-06,0.5689907371997833,2.1520296013477494e-05,2.6809987843989805e-06,1.0611648008307385e-06,0.5276056319475174,4.403910156725033e-06,1.0300401989127295e-07,8.87480018718634e-07,0.0025674229604192075,4.0615591814230365e-07,0.036888060905039315,3.208544421795523e-06
priorregion1_spot_159,4.166501033076032e-09,7.3236333664183925e-09,5.627682786446542e-09,3.729794906259798e-09,6.084505299597254e-09,1.010656034416968e-08,3.6855383189760013e-09,4.706392475739563e-09,2.3385026914901637e-09,3.991625230348461e-09,0.6241949319839477,7.424863213145728e-09,2.728796877349282e-09,3.689541694384957e-09,6.834712884540295e-09,1.5661541619138576e-09,0.03195471297949552,3.980359464250682e-09
priorregion1_spot_160,1.1024419954708265e-08,7.857348194306725e-09,6.489025352607314e-08,5.81372150421089e-08,9.653993195968268e-08,1.5812173899121262e-06,1.2734605689956881e-07,8.887197360252233e-08,6.511536383868589e-07,3.684635498757416e-06,1.3603396892547608,5.770642026448059e-08,4.1395943028987864e-08,2.9287624059293193e-08,8.639095092632943e-08,1.2744575172973782e-07,3.965228430047319e-08,2.6706018196875904e-08
priorregion1_spot_161,1.4334644315994184e-08,3.132950299189475e-09,2.2949916633763227e-09,3.3999542070617395e-09,2.6174433731540607e-09,2.64815471773261e-09,1.8560968428893436e-09,2.5647017176666507e-09,2.1523439142079326e-09,3.3555572986898596e-09,1.3879816293716432,4.327397840064862e-09,6.0076624341931524e-09,1.5501228134429115e-09,3.806778581250115e-09,2.3681867578062565e-09,9.472304141056044e-09,4.760868699271725e-09
priorregion1_spot_162,1.5914093287605626e-08,1.6235295552391455e-08,2.812469787727423e-07,1.8372449304138171e-07,5.083811629447156e-07,7.135122359613888e-07,0.005607034428976476,4.2266723738748623e-07,1.0624143760651351e-05,6.485886956397735e-08,1.636162805557251,1.341726722614567e-07,3.294594446145994e-08,9.946546910555298e-08,9.320859177819329e-08,4.357507599195287e-08,5.608537279044868e-08,6.032058692539977e-08
priorregion1_spot_163,1.685165926801346e-08,3.750573907002064e-09,3.359751659104404e-08,4.197406493489097e-08,1.7119798556564093e-08,2.5874361408995133e-08,1.8364046194818683e-08,3.787571678515178e-08,1.6795099044841783e-08,1.1338293193219329e-08,0.8297194987535477,1.06772280794587e-08,1.56797288930477e-08,1.9644277760022533e-08,1.555515085627235e-08,2.9221900099685177e-08,3.9189778533454955e-08,1.68269037814639e-08
priorregion1_spot_164,4.4478804852587925e-07,1.0655854909558116e-08,3.241915962348685e-07,2.5888307675359107e-07,6.705169738552285e-07,7.164051027075402e-07,0.2923599392175674,7.768412132236336e-07,4.3660295432346177e-07,1.1915600701684072e-07,0.8638282299041747,4.667763803922753e-07,2.3152549957217162e-07,1.2677278249384472e-07,1.479188682651511e-07,2.27594974866463e-08,1.2285468713457704e-07,7.777685837595528e-08
priorregion2_spot_1,1.921649395164593e-09,4.510794071599378e-09,3.814899574017262e-09,1.351225797918687e-08,1.2666585735843229e-08,1.7686587927556732e-08,5.885141640682435e-09,1.5276554332643856e-08,2.327379333699753e-09,2.936932530506198e-09,1.0206973135471344,2.4822568445159732e-08,3.7014729614703876e-09,1.0011221363015465e-08,4.036719269961964e-09,6.75150304552119e-09,5.006317627120893e-09,3.204537624146298e-09
priorregion2_spot_2,8.220930105551362e-08,6.683618991587537e-08,3.6608526698955757e-07,1.1434835460022442e-05,1.050812335279261e-06,1.531874914917353e-06,1.157195850964854e-06,6.428778675626746e-07,4.7228873825133636e-07,7.20574044521527e-07,1.100233542919159,1.975448856228468e-06,3.662866543407972e-08,0.014860163535922765,3.944077911910427e-06,1.6850939985602058e-07,0.0756708711385727,0.13070278838276864
priorregion2_spot_3,4.48626853000178e-08,2.5974470130307736e-08,8.081313382035661e-07,3.4184644050583304e-06,1.8923301809081748e-06,2.595849252884364e-06,9.032441141698655e-07,1.4728576616107603e-06,1.692330653213503e-06,9.99074231344821e-07,0.9218053609132766,3.2762163868937934e-06,0.2165974460542202,1.3741278451107066e-06,5.595677976089064e-06,1.735854402795667e-06,1.053947215723383e-07,0.13991697430610656
priorregion2_spot_4,1.0529351524013466e-08,3.859868300537528e-08,9.37997914896016e-09,2.7731821372611877e-08,1.7834913279557443e-08,4.857159527915655e-08,4.30567006048932e-08,2.0748032358852696e-08,1.6006525438427843e-08,1.3026171030716682e-08,0.612822613120079,4.120023540110652e-08,0.24726010188460348,3.579507090734069e-08,1.0991590171371967e-08,1.1441243774612531e-08,0.09195773601531983,8.350748137431197e-09
priorregion2_spot_5,6.065065818461335e-08,8.375477733579828e-09,1.3467597113958617e-06,0.09225061498582363,5.609800768979768e-06,1.2300203763970788e-06,1.2957724436546413e-06,1.699091490081628e-06,5.733258803957142e-05,7.275448894006332e-07,0.5614188283681869,2.3269975258699563e-06,5.053146292510747e-08,2.5438255022436353e-07,3.0520530572175628e-06,4.884943308525181e-07,1.2623295404523562e-07,0.06180031690746546
priorregion2_spot_6,1.7389257536137848e-07,3.134666215487414e-08,4.869811300522997e-06,0.3967312440276146,0.07628342062234879,4.5929049520054835e-06,4.117476169085421e-06,0.0025512245600111784,2.8241575364518215e-06,4.5247097233414026e-07,0.3527081862092018,4.633876005755156e-06,0.6295436948537827,8.397162076789755e-07,1.8392149243595667e-07,7.354006015702908e-07,0.3722063064575195,2.148870130724845e-07
priorregion2_spot_7,2.193433512598375e-09,1.942536603793955e-09,3.030918716007136e-09,3.3037095947818786e-09,2.807220600420379e-09,5.697543725702303e-09,6.940962182788725e-09,3.774606549544757e-09,4.2504939123944034e-09,5.858808371783654e-09,1.209254539012909,1.1755986573103174e-09,1.7612333536032314e-09,2.1643143055527506e-09,2.921630537500164e-09,1.5879643433525104e-09,7.002928503752059e-09,3.0339583179106453e-09
priorregion2_spot_8,1.4532032910352656e-09,1.8214981301056811e-09,5.585043827416314e-09,9.435220205133988e-09,6.922500017658706e-09,1.723007256870801e-08,8.671350482103436e-09,5.778906220221815e-09,3.8861903806086674e-09,1.8399984327288622e-07,1.3154801547527313,1.644993083971258e-08,1.959498396875148e-09,7.715594136925575e-07,1.794215487294082e-08,1.5111395201827807e-08,2.0265063671587314e-08,1.5171535494573617e-08
priorregion2_spot_9,3.6781122503271035e-07,4.8189054879799205e-08,4.06384874622745e-06,0.00015805111033841967,4.082157306584123e-06,5.626483471132815e-06,7.057916036501411e-07,8.710264751243813e-07,5.417855447831244e-07,4.402745744869208e-07,0.325218240916729,1.2774346487276489e-06,0.06026800982654095,6.049763840110245e-07,3.230785466712405e-07,1.1170027903517622e-06,2.821158133770041e-07,0.14899809882044793
priorregion2_spot_10,5.555534166035159e-09,1.1189073179096455e-08,2.1795743876396046e-09,3.470445208986206e-09,1.0525675175898642e-08,1.0095355218453506e-08,7.2222940294963684e-09,5.6254203517625e-09,2.221746753239273e-09,7.1065360041089325e-09,1.250423914194107,8.552048091914344e-09,6.727292944930242e-09,4.31337945361321e-09,4.792858687707735e-09,3.5232583073252505e-09,0.047318354807794095,9.511202980760914e-09
priorregion2_spot_11,9.466146293561905e-05,1.887017679891301e-08,8.406416509387783e-06,0.00015729757869848983,3.165934413118521e-05,3.3014937434927555e-05,9.229824754584116e-05,8.158727587215255e-06,1.767426983860787e-05,3.10187706418219e-06,0.38920494019985197,5.57689649212989e-05,1.9753601137040279e-07,1.5380249033114526e-05,2.235021315755148e-06,1.214890687606385e-06,2.322366100315776e-07,0.6195332795381546
priorregion2_spot_12,1.124456648682326e-07,7.382175510883828e-08,5.091028782544528e-07,4.2313045724995394e-07,4.494088585715872e-07,9.55441362293641e-07,6.209471422380375e-07,1.967267360214464e-06,9.93818815686609e-07,2.752583407072962e-06,0.7819553881883621,1.6382771718781444e-06,9.716107669532903e-08,1.274295550501847e-06,7.440157742166777e-06,5.325328856997658e-07,5.363085688259162e-06,0.1294884793460369
priorregion2_spot_13,5.2922226423390836e-08,1.5114547213812558e-08,4.036335167256766e-06,0.0008309391734655947,3.124911199847702e-06,7.578664849461348e-06,0.004980745725333691,2.8982413027733857e-06,2.4855917490640423e-05,1.5513831931457387e-05,0.5001631245017052,1.589464358175974e-06,1.7448779754403176e-08,1.0859197971058166e-06,1.2980424571651385e-06,1.0545806560458005e-06,9.64022099481099e-08,0.6164562344551087
priorregion2_spot_14,2.0538570453254578e-07,5.074140752014955e-08,1.0372234953592853e-06,1.432284307156806e-06,1.1273493385033362e-06,3.325959539779433e-06,6.177627085435233e-07,8.025656768495537e-07,4.3083082346129236e-07,1.4194770130870892e-06,1.422727209329605,2.765967328741681e-05,1.1286268915000619e-07,0.009816955123096703,3.5945364288636484e-06,5.512185737188702e-07,4.1108694261993154e-07,0.20992911756038668
priorregion2_spot_15,1.209114817157797e-08,1.061741028429708e-08,1.9302912068752678e-08,1.9997430733553758e-08,2.8602762114360305e-08,3.3131473387015835e-08,1.9765706760210835e-08,7.704130045027569e-09,1.4097830414172562e-08,2.5753951238272067e-08,1.2196889817714691,3.530553076558362e-08,8.636683679341672e-09,1.1290932011576161e-08,3.221549622622888e-08,8.277291652092347e-09,1.23871085833116e-07,2.762272170997449e-08
priorregion2_spot_16,3.1123275401334643e-09,1.0935126715239108e-08,7.324174178258148e-09,4.789352514578127e-09,3.50572072482791e-09,1.0042959752709636e-08,7.603828233726517e-09,6.93773978266421e-09,5.421843329855847e-09,4.96982621722708e-09,0.7765726417303085,1.0023161811645309e-08,0.4338939905166626,4.464159730765971e-09,5.3522986487308806e-09,1.6656544199467051e-09,2.2240228414460718e-08,3.0473311873890906e-09
priorregion2_spot_17,3.5413041499232635e-09,2.8288790754338326e-09,1.7599567747605961e-09,3.227541456318761e-09,4.86587075076983e-09,7.175278105009397e-09,5.205576147915282e-09,4.50287140907335e-09,2.558189671209021e-09,3.6666892522241316e-09,0.9668431013822556,5.441115247251106e-09,4.7386924606485085e-09,2.1006390293898392e-09,6.9380135192531615e-09,3.4149076788558832e-09,2.0753099327919246e-08,4.9044317718127676e-09
priorregion2_spot_18,4.723905977499499e-08,5.622655159243097e-08,4.2679990315264153e-07,2.6774954307029477e-07,3.238780408310049e-07,8.995605526251894e-07,4.027031721420826e-07,8.134730933306856e-07,3.6647048204940804e-07,0.017104344721883536,1.175854766368866,4.80766280475109e-07,1.0769974458924026e-07,7.544909249190823e-06,5.117603063808929e-06,4.319499097960034e-07,0.04188090171664953,0.16173115000128746
priorregion2_spot_19,1.3246013219614385e-08,1.134698290883307e-08,6.867052415593378e-09,4.45696186623934e-09,6.378601113965488e-09,6.548456421562321e-09,2.5024754490843293e-09,4.536666442511717e-09,3.3670915056127628e-09,5.684778647818689e-09,1.1382706701755523,5.558063076449571e-09,4.464756209188181e-08,5.40395554970985e-09,8.819827623796074e-09,1.5434297395700017e-09,0.011346657620742917,8.316771227256935e-09
priorregion2_spot_20,3.764224665303573e-09,2.0965491454028043e-09,6.018152154396717e-09,2.3504543644747856e-09,6.191329249283228e-09,1.791645454218838e-08,6.213144287947614e-09,3.7030200683574323e-09,5.780123002452342e-09,1.9083163882438473e-09,0.4947576358914375,5.7749715454136214e-09,1.2978090990767302e-09,2.440628799060818e-09,4.840243761350394e-09,1.970367691228603e-09,0.008839445887133479,2.8181506794844328e-09
priorregion2_spot_21,2.8245054117803658e-08,3.9383217576016705e-08,6.744779653899969e-07,0.1372470438480377,7.212990567495581e-07,9.308504644423011e-07,2.1014499083094054e-07,1.9537515214551606e-07,3.357599194231398e-08,6.520363591278056e-08,1.436333978176117,2.270559612327361e-07,2.1979385422810086e-08,1.3657864883498405e-07,5.3555372225844175e-08,4.45693139283776e-08,1.1377880788643326e-07,6.936423453396401e-08
priorregion2_spot_22,3.403764328169245e-08,3.671290038642638e-09,2.0302164784880006e-06,5.883556741537177e-06,5.911296909744124e-07,4.939210327847832e-07,7.324476058556684e-07,4.696954715655011e-06,3.6062492938526706e-07,1.699679529565401e-06,0.4578242853283882,2.487403833129065e-06,2.2418125489309658e-08,6.554564748739722e-07,1.2075458130311746e-06,5.567096565073371e-07,1.0231114373482343e-07,0.530590346455574
priorregion2_spot_23,3.6845295525722574e-08,1.7419352271730305e-08,1.2917793412725587e-06,0.12894191443920136,1.0575047781458127e-06,1.8964520165809521e-06,6.028146401604318e-07,1.7154027261767623e-06,6.820833533538462e-07,2.4009032927097e-06,0.9807763427495957,7.801079846103676e-06,8.733815803907419e-08,1.1428707978211605e-06,0.0001078116343705915,9.038590889076659e-07,1.7500905400424929e-07,0.11447864770889282
priorregion2_spot_24,4.5724518171752495e-09,4.688330590418843e-09,5.731235184214256e-08,1.429934313179615e-08,6.540802810484081e-09,5.912997345092208e-08,1.9874755974313987e-08,6.500689919697323e-09,2.243857666339721e-09,1.1839689264547815e-07,1.677086991071701,4.5619290567344706e-09,6.350602244076243e-09,1.9440996257280573e-09,6.125306906135109e-09,2.539599563977646e-09,2.350898640202104e-08,6.4936455101971555e-09
priorregion2_spot_25,1.531491182760192e-08,6.402667684923813e-09,6.2275169909753465e-09,9.309703319360096e-09,8.260733941334313e-09,1.1703149382924494e-08,1.0044944920295507e-08,1.1991298665137152e-08,6.886918324511272e-09,1.1513573117127862e-08,0.9934876292943955,2.149126494543907e-08,0.22469399347901342,1.519875425515238e-08,1.5808474707057488e-08,2.1884457446219586e-08,0.020267250016331673,1.5767741246008884e-08
priorregion2_spot_26,7.149720708810038e-08,3.2485343481880593e-08,3.110840152658057e-05,0.2676733404397964,0.20441602766513825,7.022169393167133e-06,2.735042539825372e-06,2.046939334832132e-05,5.354374934540829e-05,4.5925369249744105e-07,0.5775565832853318,2.614295488001517e-06,0.3998698204755783,1.494442011562569e-06,3.66748788849236e-07,1.2444917899756548e-06,2.896729554890954e-07,1.6315804529654093e-07
priorregion2_spot_27,0.002398287982214242,2.1236419911474516e-08,6.059450868178829e-07,2.071734411401849e-06,4.0934045415497166e-07,6.291118438639387e-07,8.279191746396464e-07,5.056526731550548e-07,1.8815760256529758e-07,5.675568928609209e-07,0.9984082996845245,2.7729660473596597e-06,0.35986737459897994,4.923875152940127e-07,4.856858069501869e-07,2.4983910549281065e-07,2.1907736851289884e-07,0.10521579794585705
priorregion2_spot_28,7.484381159272858e-09,3.429896384687936e-08,5.22113998258078e-08,2.9569825432673724e-08,2.008068342718161e-08,2.5714799711806795e-08,2.2801407162376108e-08,1.4747308796358993e-08,8.618972202611985e-09,1.9297963405051635e-08,0.6579277962446213,3.3847364910855056e-08,7.1568308612768315e-09,2.045194529287642e-08,8.719733735063075e-09,6.435181076902553e-09,0.183588457852602,8.099805892669566e-09
priorregion2_spot_29,4.4185768928173274e-07,1.4125438880796539e-07,4.315854403103004e-06,0.08758700154721737,1.2638232783501735e-05,6.963117084524129e-06,2.255920401239564e-06,2.8108253331993184e-06,0.008957443712279202,4.027860882160894e-07,0.7249791592359542,2.7893928290723125e-06,4.204860122314358e-08,2.249680107979657e-06,1.21236848258377e-06,2.723898123804247e-05,7.408494795413391e-08,2.034394292138586e-07
priorregion2_spot_30,3.3502003660146326e-08,7.252726219597605e-09,6.196041709927158e-07,3.6184334675226635e-07,1.2286719879739394e-06,0.00036491740902420137,2.558719256740006e-06,7.497973484760224e-07,0.00017534219296067022,1.112981567530369e-06,0.513721552491188,4.894255675935711e-06,2.7668735746999573e-08,3.417004404582258e-06,1.9149964828102384e-05,1.527815402369015e-06,4.2489396356870655e-08,0.17151382490992545
priorregion2_spot_31,4.912758328146084e-07,6.355645716382697e-08,2.9119346891093303e-06,0.012962958076968789,2.6288765980098116e-06,2.361760095936916e-06,2.273109148518415e-05,2.7638726919576585e-06,2.7954547249464672e-06,0.07647359296679497,0.9056979358196259,0.007539516640827059,2.374003912564149e-07,9.82784973757589e-07,0.002172947046346963,1.0613690847094405e-06,3.081375623992244e-07,0.14160465821623802
priorregion2_spot_32,3.3514793607025695e-08,2.7566605709239412e-08,5.360644507845791e-07,2.9187348900450162e-06,9.74554797039673e-07,5.35094739007036e-07,1.005299515099978e-06,4.4125994662636e-07,1.1457912989953913e-06,9.886501572964337e-07,0.9765716314315795,3.486586831513705e-06,6.664668070754943e-08,3.62798614617077e-07,1.7311587612311996e-06,9.469760755109747e-07,1.025466410453646e-07,0.09456827640533447
priorregion2_spot_33,1.3064621384728525e-06,1.8920452049542294e-08,1.290187924496422e-05,0.00013720367642235942,4.357580132818839e-06,1.4481064772553509e-05,1.705516297079157e-05,8.520849769411143e-06,1.042451553985302e-05,8.585925911575032e-07,1.033974301815033,2.318257647857536e-05,8.169982521621932e-08,1.1205507348677202e-06,1.133884637738447e-06,3.0573486640150806e-07,2.1558974268032215e-07,0.11239288598299026
priorregion2_spot_34,1.409117253992065e-08,1.49707788388298e-08,1.623847287746116e-08,1.3461433878703133e-08,2.8059148693415642e-08,4.916971256818672e-08,2.1471079314494545e-08,2.5609677045679294e-08,2.174489805994995e-08,1.243769371939152e-08,0.9933445274829864,9.298348579989125e-09,4.000951427940436e-08,1.2278358951789415e-08,1.2709940522270814e-08,1.527021642466764e-08,0.1321112297475338,2.151969669128562e-08
priorregion2_spot_35,5.67539020224217e-08,1.1047072234759983e-07,4.3020903888191243e-07,7.299391967308111e-07,3.8093295842145384e-07,1.4405835543129798e-06,5.360672162169066e-07,7.156780839068234e-07,1.0585798406737015e-06,2.0264903469069397e-06,0.5740901619195937,9.042875404929874e-07,0.2682206720113754,4.456265537555737e-06,6.975351169558053e-07,3.033764403426176e-06,1.0139374069240151e-07,0.2942192733287811
priorregion2_spot_36,9.369883713361561e-08,7.83097200418581e-09,5.152568701305426e-06,6.016092100935566e-07,1.5999318861759092e-06,2.2279656832324693e-06,1.7805966990636083e-06,1.043133052007761e-05,1.1354273169672523e-06,1.9288443695586466e-06,0.3345705673098564,2.5772102276278018e-06,0.30287674516439433,0.010688115004450084,2.0510250465122228e-06,1.4834251203410533e-06,9.242374432005818e-07,0.5109848529100418
priorregion2_spot_37,5.1502746245546414e-08,6.899662641224325e-09,8.777716061558749e-07,4.263642708224325e-07,2.8293621170405456e-07,2.769347690900759e-06,3.2767397328825615e-07,6.52267056011624e-07,4.193472577185276e-07,7.858735898480518e-07,0.9248934388160706,1.1509892658523313e-06,2.6315765744300282e-08,4.594724543949269e-07,1.8552053825260378e-05,2.1874223037343655e-07,1.0849472680263262e-07,0.44816111773252487
priorregion2_spot_38,7.266641631531457e-07,2.3787852132528542e-08,1.0088729389678975e-07,2.7431622839912967e-07,1.8152462644138725e-07,2.0123786441672565e-07,8.76643689196044e-08,1.4039850313452006e-07,1.4574915212506313e-07,3.025804772960328e-07,1.6287877619266509,1.500227206463478e-07,0.20981424674391747,5.859200200575288e-08,1.3124795330554662e-07,0.0016060877649579197,7.509693880081159e-08,3.061210207988552e-07
priorregion2_spot_39,2.98299214662734e-08,1.2998258647201055e-08,1.3092309245621438e-05,9.431910882540251e-07,1.1874427684688272e-06,2.2089391649160461e-07,4.0692326024327486e-07,1.3606736501969863e-06,2.964963272233945e-07,7.406991642255889e-08,1.3477266073226928,2.2056056536712276e-07,2.664538687469076e-08,5.194063437130581e-08,3.9042206267936307e-08,2.52928169075517e-08,0.09763132371008396,4.988444501918821e-08
priorregion2_spot_40,3.4700352813388236e-08,4.4985140590370067e-08,1.6955216395331262e-07,5.190820274947327e-07,2.876321403277871e-07,7.860637680323635e-07,5.088811349196477e-07,6.185589853657802e-07,5.384699989008368e-07,2.197593585151481e-06,1.2770527362823487,1.7848133154529936e-06,7.81946599914818e-08,1.4887470172197936e-06,3.014630169673183e-06,5.872279956520289e-07,2.96015811329653e-07,0.3406774833798409
priorregion2_spot_41,3.386440212693742e-07,2.0892475749434428e-08,2.528739526042045e-06,7.464305724624865e-07,3.3257006293752058e-06,3.5208203826186947e-06,1.1317474729821698e-06,2.3613105327058294e-06,2.6989062689608547e-06,1.0862752242246643e-05,0.6796937704086303,0.006879983004182578,9.075523657031683e-08,3.5644181025418223e-06,8.177161907951815e-06,2.1954957560410547e-06,1.0627199458213e-06,0.6029845923185349
priorregion2_spot_42,3.59453979914548e-09,4.415627641307652e-09,1.9471589118857936e-09,9.064266803804344e-09,3.2691387041872136e-09,5.784462997482365e-09,5.578409689732667e-09,3.691425254359615e-09,6.805697116973876e-10,1.496264945277659e-09,1.1724680244922636,6.520688966560328e-09,1.975372559970268e-09,2.0965230551617256e-09,2.2425448498175627e-09,1.2472299359966855e-09,6.778337202639764e-09,6.874822200408916e-09
priorregion2_spot_43,8.224324998806765e-09,1.1298622792921266e-08,6.743345637438835e-09,6.4533316912474e-09,1.938663034550814e-08,8.768276016368761e-09,5.782470102744242e-09,1.1237129005081671e-08,4.0512314170015886e-09,1.028165201866216e-08,1.2053260684013367,5.071329822747828e-09,2.3126415560348335e-09,8.671750872935039e-09,1.1540545674648684e-08,6.264417073964524e-09,0.059154630638659,9.079115903531944e-09
priorregion2_spot_44,1.6561370108636454e-09,1.7664811780004898e-09,3.120855085469998e-09,1.7227715365386593e-09,6.181771916580204e-09,4.718996060582015e-09,3.2847361497445604e-09,2.6819948706346962e-09,1.8101989629482063e-09,1.98079027624587e-09,0.5523437768220901,4.5539761073243316e-09,1.015720513253271e-09,1.712647496043829e-09,1.5063298497430823e-09,1.7080730996266171e-09,3.218782818059651e-09,1.583297765117564e-09
priorregion2_spot_45,6.463042403481724e-08,2.4294682532399748e-08,8.487076229357628e-07,2.2479179506262883e-06,1.1834911163077778e-06,5.500523070622876e-06,9.852385346675875e-07,1.4667181972072284e-06,8.40174125187332e-06,0.02126231947913766,0.5887657672166824,2.2676898765894295e-06,1.1196009452874023e-07,2.463949988396053e-06,9.33636920308345e-06,2.169377842164977e-06,0.042365942522883414,0.1483584687113762
priorregion2_spot_46,1.0319252154999959e-07,4.12450448905588e-08,9.122702249442228e-06,0.11374779008328914,4.2205967656627766e-05,6.014444943502895e-06,2.0122562204960557e-06,3.276965776422003e-06,2.127990103417687e-06,4.435540031408891e-05,0.7154777586460114,5.786493511550362e-06,0.17573855593800544,3.549269501945673e-06,0.019753029849380252,3.0674414688292018e-06,2.5966918855147013e-07,0.07202649414539337
priorregion2_spot_47,1.4928006253356334e-08,1.5684051657416376e-08,1.1538990385417946e-08,9.083817031907417e-09,1.5852089330081755e-08,1.2792466685951354e-08,1.362609460819897e-08,1.474511033272563e-08,1.2731160792256448e-08,1.2106096125563681e-08,1.2910393059253693,1.923621359978256e-08,4.7265802383122946e-09,8.732218903517718e-09,1.2873369259480684e-08,6.68909785339622e-09,0.037242375127971176,2.1678893524779144e-08
priorregion2_spot_48,3.681879761074925e-08,1.1289351853349673e-08,1.187323869089596e-06,1.1949984184411735e-06,2.4374364897994384e-06,1.7432070421818936e-06,5.431637106312337e-07,1.4122807499461487e-06,2.5706722681206884e-05,3.2223164794231705e-07,0.7469654053449631,5.319891738508886e-06,2.059262342868351e-08,1.4613992732392945e-06,2.5371123456352506e-06,1.4605188255245593e-06,6.79672758963079e-08,0.24443566277623177
priorregion2_spot_49,2.784805047895134e-07,2.1803550680488116e-07,2.1981649842928165e-05,1.0380040203017416e-05,9.074596891878173e-06,1.241558766196249e-05,3.6395151596479994e-06,0.0009454429586185142,3.2618230534353647e-06,0.0002177708869567141,0.9598925203084946,1.8789100238336688e-06,2.0584385751476478e-07,2.073831331017573e-06,1.1852953548441293e-05,3.2887666293390793e-06,0.22199037447571754,0.39873184710741044
priorregion2_spot_50,2.5427473571149057e-09,2.716662761415024e-09,1.7038044253236963e-09,3.7037847788745637e-09,1.1335034022508241e-09,4.480222193237184e-09,6.581810163552859e-09,4.795441133076395e-09,1.6559134841109825e-09,2.3154352102316982e-09,1.2513886213302612,2.68133091285705e-09,3.1439240211206256e-09,2.1071669520367215e-09,3.792606872998761e-09,1.6900333577041237e-09,1.0097830305255683e-08,2.87488223227328e-09
priorregion2_spot_51,7.682086766180873e-06,2.311066760185554e-08,5.733949024033791e-07,7.300941263110872e-07,4.289078532337954e-07,1.4734427622897785e-06,8.102605647763995e-07,8.836416469648612e-07,8.877389547023996e-07,5.064733130666355e-07,0.8884144365787506,1.766546768067201e-06,0.0920501682907343,8.10226455882912e-07,4.967818404111312e-06,1.1287806046311745e-06,3.3181351426492257e-07,0.24232607707381248
priorregion2_spot_52,3.8682281910951134e-08,4.678353771048194e-09,3.82372304841283e-07,0.056357584148645404,7.532220081429842e-07,3.577110959440688e-07,2.845837542508889e-07,2.9767746241304853e-07,9.291908355635315e-07,3.69096094800625e-05,0.44050747603178025,7.938487215142233e-07,4.456150701770412e-08,4.4378994914495704e-07,0.005143177649006248,3.4959646200150024e-07,6.675216326357259e-08,0.03992716446518898
priorregion2_spot_53,1.1671018995684792e-07,8.72584418942779e-08,1.0811854211922878e-08,2.459991064185374e-08,2.11340609901356e-08,4.2566702518342935e-08,1.2594693510337155e-08,2.656760242913947e-08,1.4868069042606182e-08,1.1549360490192841e-08,1.1401919841766357,1.3064085235825473e-08,0.1310426875948906,1.6977032579745812e-08,2.8522260731023152e-08,3.949007321146781e-09,0.04869953989982605,2.4001772924719943e-08
priorregion2_spot_54,1.2120030476125977e-06,3.151456278160937e-08,4.10351823632027e-07,7.042141021429416e-07,3.989374121715628e-07,2.7387268460188354e-06,4.290399800765954e-07,4.372352492509891e-07,8.335575756746039e-07,1.80248446213227e-06,0.7133606135845185,4.498669431995951e-06,0.24469034597277642,0.010382998129352929,3.3265471984123e-06,3.6417747963923833e-07,1.368775734533756e-07,0.3327678143978119
priorregion2_spot_55,8.132151087920647e-05,4.006743314910466e-09,2.3925186170004055e-07,2.553872192834206e-07,1.3796975721902528e-07,3.427913000564332e-07,1.3156596239127795e-07,1.259707651968256e-07,7.429113395573951e-08,5.233957608652417e-07,0.6103271245956421,4.2954738574962905e-07,1.0805256867030267e-08,1.2398859254858509e-07,5.155833747494398e-07,3.697812815062208e-07,1.3564775969143739e-07,0.07274170219898224
priorregion2_spot_56,6.38489112247953e-08,1.8347226138359928e-08,1.271685746928597e-07,2.0305948282839382e-07,2.7545418674890247e-07,6.931322047876166e-07,3.139613426128562e-07,1.4736686111405108e-07,2.2971175397401567e-07,0.012372658774256707,1.0685257256031035,3.631374028145729e-07,9.86552787907158e-08,0.08744673058390617,1.5921019382858503e-06,3.543853154042154e-07,3.0471721430558317e-07,0.24418061152100562
priorregion2_spot_57,6.780618413415596e-08,3.439130225046938e-08,1.07024137037115e-06,3.694281829780266e-07,4.335464765858887e-07,5.495298580626696e-07,3.565420300333244e-07,1.3293239589984297e-06,2.2489206585873947e-07,1.322595892361278e-06,0.5354843795299531,9.351939979751479e-07,4.567054379123192e-08,1.1278557508376254e-06,0.024315919261425734,6.015373514856037e-07,0.07728331163525581,0.0687807261943817
priorregion2_spot_58,1.326288368019846e-09,2.6943084985298088e-09,3.624466482499145e-09,4.11518534804145e-09,2.4081906357942276e-09,5.446333517511448e-09,4.019586929970843e-09,2.002284837931967e-09,3.5322604396981203e-09,3.586582042469644e-09,1.677488100528717,3.980013119075921e-09,2.724224301697831e-09,3.6255752067226866e-09,4.965212263563501e-09,1.265318788634673e-09,1.537492857472956e-08,7.11195871083703e-09
priorregion2_spot_59,2.350594998645761e-08,3.4339693399942925e-08,2.655130870721223e-07,1.8540745188033726e-07,8.164126086285252e-07,2.8925964443260457e-06,6.26376072432322e-07,5.000997958859444e-07,2.0025672938572824e-06,1.3083991689200046e-06,0.7948622763156891,4.854452910763031e-07,5.654253504872031e-06,5.027380097999412e-06,0.01056621759198606,5.623154777367747e-07,1.807082412597083e-07,0.21589746400713922
priorregion2_spot_60,0.00015686596525483766,1.0905065295219174e-07,1.5839006323403736e-06,0.14723734110593795,1.1481703222671059e-05,8.501041747877027e-06,3.683084141812287e-05,7.306808993234881e-06,5.435580260382267e-06,4.272253204362642e-06,0.7982545793056488,2.198405700255535e-05,0.14150916263461114,1.1555989976841376e-05,1.8592829690078362e-06,1.374522207697737e-06,4.432952118804679e-06,0.16041971147060394
priorregion2_spot_61,6.048252529922137e-08,3.169350215603828e-09,2.9219692123660937e-07,4.5518648477127495e-07,1.1889074400528444e-07,2.296174692162367e-07,8.539796034767733e-08,7.416598855058965e-08,1.1866675642124846e-07,2.1447806162200322e-07,1.539777345627158e-08,9.221757380828423e-07,0.31330422312021255,2.108785554355563e-06,0.01339802066795528,6.676683810269425e-08,8.657901240383127e-09,0.22166133075952532
priorregion2_spot_62,2.0673731260245633e-08,4.500294181752907e-09,9.061736498949814e-08,3.598905777835171e-07,1.7382966746026796e-07,1.9296712281402508e-07,8.119566139441759e-08,1.1629789149480985e-07,1.5025695958570396e-07,5.418161862280613e-07,0.7928679615259171,5.650867080930766e-07,0.11475231498479843,6.706334858108676e-07,0.005263060564175248,1.9316817443382208e-07,6.61413849911696e-08,0.05067011844366789
priorregion2_spot_63,1.363576963342439e-07,7.53965771593812e-08,3.984343993579387e-06,0.10004767850041389,1.0317099031453837e-05,2.5373643347847973e-05,0.029983776435256005,4.553119219963265e-06,3.571724380435626e-06,3.489355708552466e-06,0.4370503842830658,5.892147646591184e-06,0.22235176116228106,5.321456683304859e-06,0.13090488836169242,1.893779631245707e-06,0.09211024194955826,0.10007091835141181
priorregion2_spot_64,6.007940527297252e-08,6.232553744212055e-08,3.1120215226110305e-06,1.8168327812873033e-06,7.845069899303781e-06,0.007239331863820553,3.614970751186775e-06,2.498852632015769e-06,8.76487058121711e-05,7.269147545230227e-07,0.9845945835113525,5.4800548241473734e-06,3.5467796699606424e-08,3.2377921456827606e-06,1.5363381044153358e-05,1.8982380026955073e-06,2.6799944379263253e-07,0.1966676279902458
priorregion2_spot_65,4.778300706220762e-08,3.220674287263137e-08,4.079417476532399e-06,4.4497742237581414e-06,8.82969166013936e-06,1.8421487823161443e-06,5.517001318366966e-06,2.9662709130207078e-05,2.8672564894804965e-06,0.017702326644212008,0.9196997314691543,2.858152276985493e-06,3.4825013983663666e-08,1.79982689019198e-06,0.026241463888436553,8.508818496011373e-07,2.2208607717288944e-07,0.4103969678282738
priorregion2_spot_66,7.472489405024874e-09,2.1283237949809575e-09,1.6730538998643852e-08,6.649008210679596e-09,1.692743687442544e-08,1.0700131358731826e-08,5.4314496678031786e-09,1.7013343889260572e-08,1.3405338261662791e-08,1.1193353088856385e-08,0.9784511744976044,1.4416963667329699e-08,0.3461044788360596,8.982575083749112e-09,1.1993090831552422e-08,5.0450433830562255e-09,5.27012138817895e-08,4.195524261341178e-09
priorregion2_spot_67,2.4823407684948508e-08,4.434784077744781e-08,9.569414949339718e-08,2.120588071363727e-07,1.9568129800973112e-07,3.198674548343661e-07,3.6620717338564643e-07,9.783737979773832e-08,6.083521242317147e-08,1.5397091601698776e-07,1.2404735088348389,2.1692227463177006e-07,3.6583409723789374e-08,2.0444864503588184e-07,1.4917491341748248e-06,6.692168170729929e-08,3.166793692344072e-06,0.0006917046004673465
priorregion2_spot_68,2.5548254853902105e-07,1.2533801196923379e-08,6.501191336383272e-08,7.782232636088794e-08,2.8214190095354752e-08,6.91122625795515e-08,4.76467551635551e-08,6.278883262211822e-08,2.1856093557204303e-08,5.005082659437221e-08,1.141425794363022,4.846043584194604e-08,0.5961981147527694,2.8817774833100884e-08,2.4856705582720906e-08,1.3783461172423016e-08,3.642466666065047e-08,4.1691592223003224e-08
priorregion2_spot_69,7.485573476628815e-08,2.47416788567989e-07,2.101315885738586e-06,2.5331394567729154e-06,3.837412782559113e-06,6.736574027854659e-06,2.559388167355792e-06,1.1418443477850819e-06,0.0036225762334652243,2.9350246313697427e-05,0.6965237230062484,6.277442371356301e-05,0.14144240468740465,2.0358713186396926e-06,0.00039575146074639634,1.5649123383809638e-06,1.9349643096688853e-07,0.2277248002588749
priorregion2_spot_70,1.5734971583469815e-07,6.09781061200465e-08,0.05276057813316584,0.36661942005157466,0.00018066097618429922,3.624313958425773e-05,3.2074685805127956e-06,1.1929169295399335e-05,1.4260593218295982e-06,1.391067047507022e-06,1.0466111540794372,4.875584295405133e-06,1.4181325553863643e-07,0.013046017475426197,3.354935665811354e-06,1.2842722867389966e-06,0.00015222699221340008,0.00037600738869514316
priorregion2_spot_71,5.290315563399872e-08,2.7216697073839668e-08,4.735992121140953e-07,0.1762298710644245,1.0081054313104687e-06,2.670850244612666e-06,7.560598237432714e-06,1.929665177158313e-06,2.221815702796448e-06,1.5067225263010188e-07,0.88777676820755,9.269413396850724e-07,1.8933640788532104e-08,1.5853372801188927e-07,5.002013825361473e-08,8.94981493360092e-08,3.6359813648800813e-08,6.141062947051523e-08
priorregion2_spot_72,1.5291783981297157e-07,2.9652231781085447e-08,3.001132893132308e-06,0.05681987851858139,4.322567328927108e-05,4.260792934474012e-06,3.2473000828758815e-06,1.4018803312865202e-05,8.705079699211637e-06,1.1592983696573357e-06,0.6546210527420044,1.8590957381547924e-06,1.823354864427529e-07,7.217583146257312e-07,9.752687310538023e-06,8.267818856211306e-07,8.364523544912573e-08,7.775780517249586e-07
priorregion2_spot_73,4.858273272567715e-09,4.755993043836782e-09,4.685732735154603e-09,1.3949144506142376e-08,1.9468629552932277e-08,6.962093213047638e-09,1.0288529139756976e-08,3.33567441446192e-09,5.129265590042565e-09,4.91115945688847e-09,1.0541229665279388,2.2379905706415575e-09,4.211970572320922e-09,4.623474048059962e-09,5.37991990956499e-09,1.9931313155474586e-09,9.103610620897486e-09,3.2966356644514865e-09
priorregion2_spot_74,1.7558245690718623e-09,2.9424918501774757e-09,2.3719719965953348e-09,2.160134782158707e-09,4.510530660084556e-09,3.1804427091941533e-09,2.849086988554462e-09,1.8200573159710136e-09,2.0790797528036366e-09,3.2369256497410964e-09,1.2907128930091858,3.657610969654002e-09,3.693429317941366e-09,3.76400725032866e-09,5.981730333282087e-09,2.1011029360806793e-09,9.487301166899442e-09,2.961232214993004e-09
priorregion2_spot_75,4.596914118337736e-06,1.982066457628662e-08,3.4014834454865195e-05,2.9782546607748373e-05,1.239070655856267e-06,4.115408819416188e-06,1.3670513499164372e-05,3.18460661219433e-06,3.3460654776718e-06,4.5352856119507124e-07,0.5823359042406082,5.310532947078172e-06,0.19279087707400322,1.157791581363199e-06,3.2010457147180204e-07,6.89132855313801e-07,9.902984636767088e-08,0.19296039417386054
priorregion2_spot_76,0.012643534364178777,3.9326515732796e-08,2.4784265315247465e-05,0.34723254293203354,1.1460247014838389e-05,1.1323821752284858e-06,1.1929873153349035e-05,4.75513719720766e-05,1.495649456728643e-06,8.515814187148863e-07,0.4798505946993828,3.998582342319424e-05,0.30981727987527846,6.69520846940941e-07,3.0043050264794148e-05,9.148527567504061e-07,7.696822592606622e-07,1.4549600905411354e-06
priorregion2_spot_77,2.005265180571314e-07,1.9482258117875515e-08,7.994191321358813e-07,2.2967130348661158e-06,2.8027543407915803e-06,8.206077973227366e-06,5.706273304895148e-06,3.5774409070654656e-06,8.70801463861426e-06,7.509794813813642e-05,0.6109386354684829,4.164348797530692e-06,7.32427912453204e-07,2.847296229901986e-06,0.04323903415352106,1.787164421784837e-06,6.346133147872024e-07,0.4467486158013344
priorregion2_spot_78,2.74626058782701e-08,6.344455405482564e-09,4.915507978431321e-09,1.1381761622075714e-08,1.716380415572872e-08,1.1132268573632587e-08,1.7032623311763473e-08,1.4632462219665855e-08,1.5055343816072763e-08,5.4064430043965215e-09,1.8062532186508178,5.441563022401397e-09,3.2572395558538857e-09,4.488947413783251e-09,1.5489415483571636e-08,2.737712245792778e-09,2.6150703824612265e-08,8.279410712574988e-09
priorregion2_spot_79,5.814568594360026e-05,9.189621330563115e-08,2.0770777609868673e-06,0.04891349989920855,1.0987733958245371e-06,3.371524474005128e-06,3.35254227366022e-06,1.8576312356799465e-06,2.147802319996117e-06,1.1947818848057068e-06,0.7046339869499206,9.807592596189353e-06,0.21555149629712106,8.69392226832133e-07,5.241229558805572e-07,8.212337149871019e-07,0.09112780876457692,0.13072880506515502
priorregion2_spot_80,8.674019653653886e-08,3.311322842591837e-08,6.260223085519101e-06,0.37699503749609,3.410748490750848e-06,0.00010023449940490537,4.007982533948962e-06,3.7549751141341406e-06,1.4241209612464448e-06,1.2392013729822794e-06,0.5289294898509979,1.3579531014329408e-05,3.551273319857273e-08,9.198220550388214e-06,9.934848861803404e-07,2.7810306164610664e-07,1.1788298124315588e-07,0.3092294424772262
priorregion2_spot_81,3.015838752062905e-08,4.048292741032356e-08,1.079951124438594e-06,1.4694002118176287e-06,1.3222020697867265e-06,6.221240937520634e-07,2.1597399040729217e-06,6.333162082228228e-06,1.8973544399614184e-06,4.720262211321824e-07,0.8437858492136001,7.442978159133418e-07,5.9453149603427854e-08,9.62922865710425e-07,3.5346769095667694e-06,2.569896182080811e-07,2.88615262888925e-07,0.15261132568120958
priorregion2_spot_82,5.182891604782469e-09,2.1855622023281285e-08,4.280462073680269e-09,7.025552317685425e-09,5.812920500503083e-09,7.465972085007877e-09,7.894188414070415e-09,5.957398019340587e-09,1.8063185780459178e-09,5.203217079419176e-09,1.3542631566524506,3.380766699923044e-09,1.1834832669421761e-08,4.315881430017044e-09,5.2340584533183686e-09,1.530448939801588e-09,0.09008617959916593,5.5030356271856816e-09
priorregion2_spot_83,2.8601649160187038e-09,7.359000242512794e-10,4.215603355284259e-09,1.6575949723929285e-09,3.4313787811157684e-09,5.297579841467837e-09,2.8422294406915685e-09,4.140285114750952e-09,1.5082702031765657e-09,3.2257257864820594e-09,1.1643612265586853,3.667137293827949e-09,3.5240044882201002e-09,2.7033193905623423e-09,3.6851600326848203e-09,1.964822282651824e-09,6.1953338903464325e-09,4.77308190749426e-09
priorregion2_spot_84,9.105881293436369e-09,6.15194181818879e-08,7.702872224513157e-08,9.875036148798699e-08,7.209448575906664e-08,7.114264342078514e-08,1.0127284006955506e-07,6.4477553252118e-08,5.3197040372765524e-08,9.713820787737859e-08,1.7328826189041138,2.737827653476188e-08,2.0285924406948654e-08,3.0708199449946965e-08,4.5205304743944906e-08,1.887551270840504e-08,0.03826343324035406,5.7787694096589353e-08
priorregion2_spot_85,1.9218457936176495e-08,2.031288914849938e-08,1.0883489267143887e-05,8.158548581604918e-07,6.245582426345209e-07,2.601182927719492e-06,7.122394578118474e-07,3.1891152502794287e-06,4.0630825992593605e-07,9.178454604352737e-07,0.6413687914609909,3.291813001737865e-07,0.07716932743787766,1.0892600073475478e-06,4.7615375024179235e-06,3.576202516342164e-07,2.71775253679607e-07,0.10375952906906605
priorregion2_spot_86,5.220382579551597e-08,9.826510392940692e-07,8.535662416875312e-08,8.309522918636959e-08,6.119367377266372e-08,7.281876754916538e-08,9.311972313241767e-08,8.308701069381642e-08,3.487045692196489e-08,4.576970624725619e-08,1.6905456721782686,2.8879138636028756e-08,8.230569612521776e-08,1.9964722053344985e-08,5.539907181884018e-08,2.036599697774477e-08,1.9406684756972938e-07,1.0234165408462559e-07
priorregion2_spot_87,1.1015004552916707e-07,5.1334403394776025e-08,1.7050621181624592e-06,1.5913027539227188e-06,1.2453600277240185e-06,5.74004661757499e-07,1.2536388567241374e-05,4.2355924961157145e-06,1.3989414583193137e-06,0.029108672030270098,1.4289456367492674,1.395143067384197e-06,1.0443938720072766e-06,3.890586663146678e-06,6.950648230485967e-06,5.836105060552655e-07,0.062047860212624074,0.0837120495736599
priorregion2_spot_88,8.399888162813341e-09,2.6555377807824242e-08,1.2462088916365134e-08,1.0832319308207163e-08,2.4842243195877246e-08,1.8375692167893477e-08,1.1034258529107888e-08,1.8744720176044896e-08,1.102082465287424e-08,2.5201032016752835e-08,1.4559158325195314,2.190493244569325e-08,0.1266413778066635,1.6024784699197882e-08,2.3770888724072853e-08,1.115952077412885e-08,1.2705666883050528e-07,2.8637526661157158e-08
priorregion2_spot_89,1.7341357221312138e-07,6.17522463386422e-08,4.771676572090656e-07,2.350919345417424e-07,1.7245685000943923e-06,2.1933238144811185e-06,4.118971651223546e-06,1.2820346171338315e-06,6.455947877839207e-05,1.747028960608077e-06,1.19303218126297,4.008016821899219e-06,0.3286743193864822,8.218864331865916e-06,1.7634247615205823e-05,5.5163525530588234e-06,2.8088547026072775e-07,0.1382023885846138
priorregion2_spot_90,7.945266888853553e-09,3.898079725672688e-09,1.0911584569228695e-08,1.930030997243648e-08,1.3040799817787275e-08,1.4917118607016277e-08,5.8205485986562175e-09,6.553117359864304e-09,5.577667550049625e-09,7.3353950913457314e-09,1.1236204028129577,7.580029182108206e-09,1.0391986471347538e-08,5.558171500830155e-09,6.50466673857153e-09,3.5458201597116105e-09,0.23235985189676284,7.302509263951152e-09
priorregion2_spot_91,1.365470542191716e-09,1.033920393744836e-09,4.431238798119352e-09,5.7378441775668426e-09,6.488467679810483e-10,4.4076324590136556e-09,7.05018274316238e-10,1.2055685283396401e-09,1.453202908008322e-09,7.067426865958737e-10,0.5729954600334168,2.214965921787382e-09,6.440859678935596e-10,1.7524628803666786e-09,1.4488724386918506e-09,1.2225811751864768e-09,2.554661115983237e-09,1.4860164654351138e-09
priorregion2_spot_92,1.0365736500261846e-07,2.7215621667409098e-08,2.8110698508498897e-06,0.007236102106980979,5.669991395507169e-07,8.503827984895907e-07,1.1095303932506796e-06,8.972509988325328e-07,6.175461521706892e-07,7.61782374070208e-07,0.9238315314054489,6.564144172216402e-07,3.3059891180187156e-08,5.754052438078362e-07,1.9129342376800198e-07,2.9305032853699233e-07,8.156710151752122e-08,0.08968308046460151
priorregion2_spot_93,1.438813312937271e-08,5.9664657436897525e-09,5.931068347564405e-09,8.685682617581847e-09,2.07716055911078e-08,1.3084811012475939e-08,8.829130182519407e-09,1.1091743346014483e-08,9.791031851946742e-09,8.334628631700981e-09,1.4328685462474822,1.5195719882399318e-08,1.1799536814294246e-08,1.5668355413112066e-08,5.215513465550714e-09,1.0341765621646459e-08,3.926131757481244e-08,1.1526659671190487e-08
priorregion2_spot_94,1.094634249909632e-08,2.6782709916517434e-08,4.96362790869398e-08,2.877531048994797e-08,5.5184903047234005e-08,2.3556484851638978e-08,3.3859562797999844e-08,1.1660531811230613e-07,3.723167090186052e-08,1.916178771210753e-08,1.4671908855438232,2.0103747822020072e-08,1.0135889949580702e-08,2.2060063731288443e-08,2.9127892808844536e-08,4.465719904978016e-09,3.4677357092505194e-07,5.394496227495438e-08
priorregion2_spot_95,2.2963196897762828e-05,2.94130912514845e-08,2.0639537524402843e-06,1.124951404563035e-06,2.4714710775697313e-06,3.184489810337255e-06,1.1471434436316486e-05,1.8936505966848927e-06,1.4609903985274285e-06,1.3357618172449294e-06,0.9876538723707199,3.7318145814424496e-06,0.21484252214431765,1.7149806978977726e-06,3.1369791713586894e-06,9.64947673764982e-07,2.0212693925714126e-06,0.003351905278395861
priorregion2_spot_96,9.889362351245268e-09,6.198104007815176e-09,8.837402667438709e-08,0.07392853870987892,6.202540632216369e-08,4.9577202254624813e-08,3.6006775339103576e-08,4.6672501596845e-08,4.445915173789673e-08,4.6865600999979055e-08,0.661501458287239,8.601249774642384e-08,1.5460979074788385e-08,3.280114864168126e-08,1.272081213699039e-08,1.0822459861614676e-08,0.023859141394495964,1.2114555136832905e-08
priorregion2_spot_97,7.779924899864456e-08,5.065044317298373e-09,2.1184202765311967e-07,1.4478423437935817e-07,2.827397111104801e-07,6.061660405976e-06,7.915170698424845e-07,2.214661812161012e-07,5.7443784271526965e-06,9.264508264550387e-07,0.3068129613995552,2.2920792957847883e-06,8.505347226517302e-09,0.1145161833614111,0.050191134028136734,1.047758513550434e-06,3.296045143486026e-08,0.5553646832704544
priorregion2_spot_98,9.48976012438152e-08,4.9327812412514055e-08,0.0003462696331553161,2.574686004663818e-06,5.613978692053933e-06,7.188380041043275e-05,1.5069468554429477e-05,1.0216014425168396e-05,2.8881564162475115e-06,4.6072748409642374e-05,0.7430248856544495,3.316296388220508e-05,6.066827804573904e-08,0.09246377535164356,5.443036548058444e-06,7.248172141771648e-06,2.8072528550637805e-07,0.656022983789444
priorregion2_spot_99,5.646295431205317e-08,1.994910299174535e-08,1.8763891432627132e-06,9.088280876312638e-07,5.37868247647566e-06,5.26554483712971e-06,5.060657099420496e-06,5.3165131248533726e-06,1.7839613337855554e-05,1.0333190914479932e-06,0.7527889937162399,2.488400696165627e-05,0.2583194971084595,1.9982682897534686e-05,0.008002283982932568,1.1669577679640497e-05,3.2302691579388923e-07,0.09213992618024348
priorregion2_spot_100,1.7855867397997827e-07,1.5012444043449592e-08,1.6541672323455718e-06,2.017192230141518e-06,1.7752872963683334e-06,1.7844456033344612e-05,1.5355557206930828e-05,6.114614939178864e-06,4.470692351787875e-06,1.2055718116243953e-06,0.640257865190506,2.1328379034457614e-06,0.3038020730018616,3.926860995306925e-06,2.1137294538675635e-06,6.503523422907165e-07,8.1984840605287e-08,0.2762087270617485
priorregion2_spot_101,2.988846267726331e-06,1.9225037650727477e-08,1.2869344800492402e-06,0.10200738571584225,1.6512165700532933e-06,4.07974689551338e-06,1.0184394852785771e-06,2.7276969149170328e-06,2.689862384386288e-07,9.06356478935777e-07,0.6070537894964219,3.5914208865506224e-06,0.13231212869286538,2.714544689297327e-06,8.955821243716855e-07,4.5283975964593996e-07,4.776024738362139e-07,2.7518154183781006e-06
priorregion2_spot_102,1.619327719026842e-07,2.0815894963277514e-08,9.596537097422698e-07,0.0963509153574705,1.5241911796692876e-06,1.4412853772682865e-06,2.4213446749854484e-06,5.843011763317918e-07,1.4769587721730204e-06,9.8696197596837e-07,0.8812099397182465,4.01978827540006e-06,0.2459652915596962,7.055250819121284e-07,9.969728125724941e-07,3.381595419682526e-07,4.3626120600492867e-07,0.10628011152148246
priorregion2_spot_103,2.3610503063764554e-07,4.44028417589948e-08,8.869563180269324e-06,1.0249988633859175e-06,6.757395681233903e-07,1.4510034247905425e-06,3.235195686102088e-06,0.0030951285618357363,7.000732892947781e-07,2.0193358295728104e-06,1.185233461856842,3.199802461040236e-06,7.466469895689443e-08,6.668006619747758e-07,2.6054093609673147e-06,3.1014382813054907e-07,6.297627010098949e-07,0.15743638053536416
priorregion2_spot_104,1.24529478284785e-08,9.681373427383733e-08,1.2222010292717302e-08,1.2336216181907391e-08,1.1343987127432341e-08,5.217023471004723e-08,2.2569243007808383e-08,1.9729920630595644e-08,1.0942885175779793e-08,1.3189867775764698e-08,1.4044649064540862,2.282973179390524e-08,7.09294327716492e-09,1.2552120365327824e-08,2.1920527171204188e-08,1.4598824105149789e-08,7.098543299832727e-08,1.9955405328175857e-08
priorregion2_spot_105,6.71722997225288e-08,1.8428849202223317e-08,4.120582204336643e-07,7.71105709418407e-07,2.9783364652757884e-06,3.2048454499999933e-06,8.224374369092401e-07,1.381584684168047e-06,2.849359987067146e-06,9.217440663178424e-07,1.0167232692241668,3.1256521538125527e-06,0.2833323001861572,1.679446683056085e-06,5.187915235183028e-06,5.863939094297167e-07,1.9842518028667655e-07,0.16433717012405394
priorregion2_spot_106,7.12437039140923e-08,1.4435328807849148e-07,1.0300614985681025e-05,5.849904687238451e-06,1.7863048287836137e-05,2.9414352184176097e-06,3.0917510343897447e-06,1.0277384035362047e-05,1.6362795918212214e-06,3.164623794873478e-05,0.5929524034261703,1.4846170131477267e-06,8.14717690644784e-08,1.0300573080712639e-06,7.070879223647353e-06,9.18550599635637e-06,0.05107064303010703,0.11247460395097732
priorregion2_spot_107,3.568828401512292e-06,1.3213358940333822e-07,2.79430082628096e-06,1.0065786739232865e-06,9.761849895539853e-07,8.784412131035424e-07,1.1873653420479968e-06,5.383986058404843e-06,2.6802836600836598e-06,7.257021297846223e-06,0.8600450158119202,9.500869651901667e-07,0.1644628517329693,2.239709624518582e-06,9.794043253350538e-05,1.8769120089245919e-07,6.907244994636132e-07,0.4473476380109787
priorregion2_spot_108,6.952937745552391e-08,4.432132403309197e-08,2.385478452993084e-07,1.5632546990218545e-06,4.036788283201532e-07,4.4640543563900795e-07,4.087301249455777e-07,4.6274369225329803e-07,1.0655446089913312e-06,7.818801719849945e-07,1.3642469882965087,1.3455295857056627e-06,5.30950856614254e-08,1.3444403464291099e-06,5.818198303586541e-07,5.119850555956874e-07,0.04385895095765591,0.11417830511927604
priorregion2_spot_109,4.601004874871251e-08,1.2709868135729609e-08,1.928938149831083e-06,0.27307570129632946,3.2581017535449066e-06,3.5387646335038883e-06,1.1391654379622197e-05,2.3157754412750363e-06,2.6761819071907667e-06,1.0115030704582752e-06,0.5094126135110855,5.217920238465012e-06,5.7074191595063446e-08,1.4119742502316512e-06,6.817906978540123e-07,3.1055280089731243e-07,8.461691365369006e-08,0.22123126387596131
priorregion2_spot_110,1.1238724226814157e-07,1.2521381407282208e-07,9.109949496632908e-05,0.31926116496324536,5.20247742315405e-05,1.81113477992767e-05,1.2556958563436637e-05,1.3215708668212755e-05,1.9703385896718827e-05,1.802640144887846e-05,0.922568216919899,1.7652399492362747e-05,1.6517376764113578e-07,2.9698062189709165e-05,6.402459689525131e-06,4.601064301823499e-06,0.07581235170364381,0.09602888748049736
priorregion2_spot_111,6.83659143874138e-07,3.785921425247807e-08,1.2646951063288726e-06,5.249821839470316e-07,4.882288138219337e-07,9.815359189815354e-05,1.0596751792490978e-06,1.5101192559541233e-06,3.2081180620480157e-06,1.1864624866575468e-05,0.6108913123607635,1.0188842452407698e-06,3.679112339227686e-08,0.00018278159914189018,8.881589519660337e-06,0.03389603830873966,2.3084216991264838e-07,0.15451059192419053
priorregion2_spot_112,1.558068959184311e-07,2.235730445221407e-08,1.6876071470051103e-06,9.213748307956849e-06,1.8728396298683947e-06,1.2971736055078512e-06,7.154343529691687e-06,3.6717613852488288e-06,2.496567094567581e-06,2.6727303975349063e-06,0.9132590949535371,3.516196647979086e-05,3.415716083310372e-08,8.638119794568412e-07,1.0868353513160402e-06,4.1215324984023024e-07,2.982736120316077e-07,0.408543062210083
priorregion2_spot_113,8.570943244023967e-08,3.534498791424312e-08,2.3234378829783969e-07,2.1612397489434444e-07,5.443744583999433e-07,8.138013328107264e-07,6.2534412847981e-07,3.724176167452242e-07,3.774854462790245e-07,7.58333069938999e-07,0.22063255012035368,4.0214684560169195e-07,0.13566811308264734,1.7181297948809515e-06,2.975098865931614e-07,4.6359354968217307e-07,0.06612445339560509,0.08012334257364273
priorregion2_spot_114,3.4305610241425203e-09,3.7723590473603965e-09,1.244986536086401e-08,5.013632353723097e-09,6.7430115491262664e-09,6.587661172119397e-09,5.715760709179563e-09,7.580169469889597e-09,6.04078354005111e-09,2.2571476687716086e-09,1.2453454196453093,3.1229953290079496e-09,4.429152733465003e-09,2.369131357760068e-09,4.360565752925539e-09,7.067231910795613e-09,1.1219271778273314e-08,3.875431486832781e-09
priorregion2_spot_115,0.008704710891470313,0.0012072036101017148,1.5834475846077112e-06,2.5382706644450083e-05,1.3639808230436758e-06,1.016523623320609e-06,1.3977927835640004e-06,3.6126506444134063e-07,2.0237845745896266e-07,9.023370267868814e-07,1.1577195405960083,1.0946943575618207e-05,0.05282094981521368,3.5197354719684887e-07,9.638927707555924e-07,2.7147869161581186e-07,5.010638460589689e-07,0.00010670656156435142
priorregion2_spot_116,2.8985137046078085e-08,1.6190541352045787e-08,1.8690741043769776e-07,0.09840264320373536,3.177314582103463e-07,2.3692127157914913e-07,1.8934049919039354e-07,2.81601043639057e-07,2.7918167688767424e-08,3.2769563063084206e-08,0.6315226346254349,2.640159962652433e-07,1.6425877280568105e-08,5.299255398938385e-08,2.2419190237599195e-08,2.0341587347871837e-08,0.06692047864198684,5.606363266963399e-08
priorregion2_spot_117,5.832714244924375e-09,2.5493163691159286e-09,6.257752871441369e-09,3.0225237535042034e-09,3.969534545511522e-09,6.493784510119838e-09,4.309782797307093e-09,5.033666972131812e-09,7.631018772435994e-09,1.8482612218484462e-09,1.499076932668686,4.301511413729031e-09,4.01347333145452e-09,3.409764659512149e-09,5.570405048338501e-09,1.3130931952876073e-09,4.224641863004308e-08,6.069773750283503e-09
priorregion2_spot_118,1.6727939478045073e-08,1.0725141219580795e-08,7.0362759840847385e-09,7.454991091115915e-09,2.9019638070337806e-08,9.934165490221858e-09,6.210988856558685e-09,6.941295160878269e-09,4.7820820414656855e-09,5.593423391125896e-09,1.2066043138504028,5.8928414370384985e-09,1.0881772460891172e-08,6.477729797005339e-09,8.117669469953628e-09,2.3391453995991184e-09,0.24226354211568835,6.560644916220326e-09
priorregion2_spot_119,7.52740079157377e-09,2.0417429702490608e-08,7.115543709801386e-08,8.711291030749636e-08,1.1023189827596981e-07,7.497177101356557e-08,5.1112350085702476e-08,3.3108544350568536e-08,3.7812606024090215e-08,3.6063248920470416e-08,1.3562197923660277,8.22073960016212e-09,1.886389551231105e-08,4.085000888665036e-08,2.374379981517905e-08,2.3284491845743104e-08,0.05074536371976137,2.7567957872065565e-08
priorregion2_spot_120,1.940436638037113e-08,1.387532937435765e-08,3.5847534292088316e-07,5.843767922897315e-07,3.9474732460575984e-07,3.765276233025361e-07,1.474742430218612e-06,4.167436330249075e-07,8.001981086636079e-08,6.800233798287536e-08,0.9399277180433273,1.923819127114257e-07,0.0947835810482502,8.712939170152367e-08,3.153237457809155e-08,2.7812021485829072e-08,5.5436299284394866e-08,1.1756841145071918e-08
priorregion2_spot_121,5.825900251110739e-09,3.391056946355775e-09,2.588074998755019e-08,4.294145892203006e-08,7.791635994180979e-08,2.704166774947226e-08,4.070684394008595e-08,2.175451170316478e-08,2.4410891352744102e-08,1.4316099727906818e-08,0.9408600240945816,1.1043000336385945e-08,1.2762965573287488e-09,8.183349509138796e-09,6.186621481774069e-09,1.0287140428388853e-08,2.2503396568396285e-08,1.0117936710685173e-08
priorregion2_spot_122,2.223854096428113e-08,1.5006066291789466e-06,4.6570843608151337e-07,1.4807922568138566e-07,1.7097408786526102e-07,1.0643499138041079e-06,1.2520428128937056e-06,8.892182080444399e-07,5.161267210951337e-07,5.199051400950339e-07,0.42288976311683657,8.152344946665835e-07,3.7186769397123956e-08,1.2872290938048538e-06,6.055903924107042e-07,1.0566212949925102e-05,0.037801836803555484,0.09329514168202876
priorregion2_spot_123,2.1978018622803576e-07,1.1023632451312437e-08,9.993150058562605e-07,1.0635865294261747e-06,7.861328697345016e-07,1.9572071209950084e-06,1.0722292984155502e-06,6.526418133034895e-07,1.9834350837300008e-06,1.4943620598728558e-07,0.5728135466575622,2.0873383391517563e-06,5.7621978157840203e-05,4.962536223729331e-07,1.1020409374395967e-06,7.002443823012073e-07,4.3396003768236825e-08,0.27915350496768954
priorregion2_spot_124,3.293406536375443e-09,3.5618309635054864e-09,1.8546360835980382e-09,6.239296856946908e-09,8.305472309899642e-09,4.62443379145583e-09,3.781251689538578e-09,9.184889648850003e-09,2.732288117979209e-09,3.0761983738081263e-09,1.1284473240375519,2.37276213121973e-09,2.888824135460766e-09,2.433689239023096e-09,4.622757021621738e-09,1.7868025725675808e-09,6.451902057058589e-09,6.3951433260101e-09
priorregion2_spot_125,7.084122799483339e-09,2.1471572186904096e-09,7.2380786919623574e-09,7.087909303926666e-09,4.2709487946268614e-09,5.320848006640233e-09,3.261789205399879e-09,5.03461994316723e-09,4.322470492645891e-09,3.387554536882221e-09,0.9325922787189483,3.03240984544928e-09,2.372707830211596e-09,1.2576512775641647e-09,2.466593207461898e-09,1.090630724620567e-09,8.817674457262116e-09,2.9124452294304604e-09
priorregion2_spot_126,8.035622087732009e-08,3.4895135492263305e-08,6.945710902073188e-06,0.27598574459552766,0.056083603762090206,7.817381117547484e-07,2.5248529141208566e-06,0.012739119399338961,1.3779652419998455e-06,2.4589765672544673e-07,0.8623215615749359,3.9686495256319175e-06,8.208263331255238e-08,4.779754391392998e-07,1.3628357123707246e-06,1.7867611390443017e-07,2.2602339271315942e-07,3.613158810367168e-07
priorregion2_spot_127,6.944326358393482e-09,1.0743991030182087e-08,5.488389964725116e-09,3.4188950226443637e-09,2.2259799226098668e-09,1.7119741801963072e-08,4.6644900386638705e-09,5.4650764802488535e-09,5.1319878791034055e-09,5.788492241087796e-09,0.4913216412067413,4.377667162103194e-09,0.10188397057354451,5.65037980848615e-09,4.3023370865924455e-09,4.3121869186535374e-09,0.03498905189335346,4.782007234638286e-09
priorregion2_spot_128,4.424561712568222e-08,1.6926624013535735e-08,3.407896883800277e-07,2.5385091078078404e-07,1.614627244350686e-07,1.4214856889793738e-06,1.083035837012858e-07,2.9323787060775435e-07,3.5594133720451285e-07,6.53428077157514e-07,0.5643044769763946,1.4058501903946309e-06,0.07995112054049969,2.1471774925885256e-05,2.0546651626318633e-06,1.0372851534157234e-06,5.2817574491825777e-08,0.10790475793182851
priorregion2_spot_129,3.6939313119432884e-08,3.1338703898597946e-08,7.460022288796608e-07,1.6456112064133777e-06,2.5680733756416886e-06,1.2542874458176812e-06,3.553630642727512e-06,1.090334842501761e-06,2.003382887778571e-05,3.3678617228360967e-06,1.001297229528427,1.1499596303110593e-05,2.0114630174816742e-07,7.722723130427766e-05,0.037709528021514414,1.1530850429153362e-06,9.17459033189516e-08,0.14306918159127235
priorregion2_spot_130,7.008235414218689e-08,5.506684690459451e-08,1.661462641777689e-06,8.842838042255608e-07,2.8344800284685334e-06,2.7673360136759584e-06,1.6370305615964753e-06,8.587897173129021e-06,2.5745519337760926e-06,1.151644897845472e-06,1.0981918692588806,1.143077497545164e-06,3.8086598586062334e-08,1.1622135252764566e-05,1.8645332659161796e-06,1.6257289416898857e-06,1.7319245557700926e-07,0.08193586207926273
priorregion2_spot_131,3.972057047718635e-08,2.0164003089462315e-08,3.98992837347123e-07,8.859418045403801e-07,4.833228842926474e-07,8.428160157336606e-07,3.449789772957956e-07,2.409363254685104e-07,2.0770616373511078e-07,5.754184428496956e-07,1.53001566529274,7.45579890804038e-07,5.7588280100162595e-08,9.751354241416266e-07,1.335681008640677e-06,2.476065034784369e-07,9.331636547926794e-08,0.1835420340299606
priorregion2_spot_132,0.011371400207281113,3.402869648283513e-08,2.498208777979017e-06,6.078041081991617e-07,5.323263366108221e-07,3.823632056310089e-07,6.058834458144702e-07,0.003842868271749467,1.639849593004783e-07,8.529476104968127e-07,0.4080873250961304,5.568961512381065e-07,0.2727727949619293,1.126478412771803e-07,3.1380863987351407e-07,2.4098878768086254e-07,0.019677701219916344,5.496738225474474e-07
priorregion2_spot_133,4.358569682949565e-08,9.371400100377514e-09,1.10113180795679e-07,0.09091625586152077,1.8884438830468754e-07,9.434609467007252e-08,1.2458409557325467e-07,2.79966636185236e-07,1.0086487449711967e-07,4.0975824511235714e-08,0.8348275631666184,1.3451268969788545e-07,2.694467582387006e-08,9.074443845236148e-08,6.413177118247404e-08,1.8941833168639735e-08,0.03466239627450705,4.4051596503891245e-08
priorregion2_spot_134,8.383717577942207e-08,5.0278571883666264e-08,0.0097688811365515,0.11205622740089893,0.09600337743759155,1.625850236450788e-05,3.203210064839368e-06,1.3166721828383743e-06,7.08665472757275e-06,2.150971134540214e-07,0.7656125962734223,1.8431945989050296e-06,0.3860891729593277,1.0496688503280895e-06,1.9189262161489752e-07,2.9460692445582027e-07,2.3779194364692556e-07,1.1292779973359757e-07
priorregion2_spot_135,1.534997533525484e-08,1.304191861173365e-08,1.1836073490201215e-07,0.10747363865375519,7.272265776236965e-07,2.0608919228948256e-07,1.745884325998759e-07,1.4309265239376145e-07,9.69465787648005e-08,4.5632470957457376e-08,0.7387108504772186,1.8239671177866513e-07,0.17752553746104238,7.90469705691521e-08,2.174237492269526e-08,2.063309887390119e-08,3.860693809087934e-08,3.1809453915343513e-08
priorregion2_spot_136,1.1491073481639804e-09,3.774652568289128e-09,1.21530979724227e-09,2.64298395391549e-09,3.2351994860846388e-09,1.0249756954294753e-08,3.1863134686282995e-09,5.341297804051237e-09,9.78741510060388e-10,1.9287745234297663e-09,0.8711316466331481,4.710834988763679e-09,1.6055410223536628e-09,8.052089633947548e-10,4.363205863278096e-09,3.3161885126808958e-09,1.3496362738507629e-08,4.500680517161015e-09
priorregion2_spot_137,7.75010542408694e-09,1.0716413223477162e-08,7.577992349183661e-08,7.42908994766367e-08,3.5120330998950065e-08,5.6838403494907655e-08,2.8028056586748563e-08,2.3341362442863556e-08,1.6036229677496294e-08,1.4566629280565734e-08,0.6085106492042542,1.4420901184308834e-08,0.15507756620645524,2.99638772460753e-08,1.3872482451660063e-08,7.510784705289098e-09,3.7456910817468275e-08,6.852472722584935e-08
priorregion2_spot_138,1.1752454192048846e-07,6.4179326386693e-08,1.0782490051042262e-06,2.381529577633046e-06,1.8552186986653398e-06,9.261526315640367e-07,7.44135431318682e-07,6.587803426327809e-07,5.766093551073938e-07,1.7517754429263734e-06,0.832201462984085,2.341915649139992e-06,7.524053238228135e-08,0.0515596890822053,0.206013523042202,5.171800239622825e-07,2.5835556414222085e-07,0.19706225767731667
priorregion2_spot_139,1.0242493218015624e-07,2.0564909952724974e-08,6.398908794835734e-07,1.1008737033080251e-06,1.5691701662490232e-06,3.0464115639006195e-06,1.9561034719117744e-06,9.7847232609638e-07,1.5559288556232786e-06,3.9648060919716954e-05,1.4401977002620698,1.9168932624324956e-06,1.0632178231162473e-07,0.00022771840594941752,1.7138023849838646e-05,1.845951874202001e-06,2.8255637687379934e-07,0.32738185822963717
priorregion2_spot_140,8.01902196201354e-08,4.3997259879802184e-08,8.133396295306737e-06,0.21500115916132928,8.569417404942216e-05,9.346101933260798e-06,5.147304614183668e-06,7.2012325517789575e-06,5.145022191754834e-06,6.857561238575727e-05,0.7966653048992157,6.625281412198092e-06,5.537229750274264e-08,7.110968368806426e-07,3.774524684558856e-05,2.3990266527107453e-06,2.0582567827887033e-07,0.1810015045106411
priorregion2_spot_141,1.3104804297281447e-09,4.128185393525997e-09,2.1342927647438613e-09,6.1416512320278114e-09,4.202819559040449e-09,2.919605257556413e-09,4.367645756175878e-09,9.48360718844299e-09,2.6442806166926405e-09,5.842517114551526e-09,1.0628287971019745,1.6154757975783696e-09,3.0084436830613014e-09,1.4539621173703667e-09,3.010529092684067e-09,2.165085355443353e-09,3.2342614630920256e-08,1.8700133053162204e-09
priorregion2_spot_142,0.007818050635978579,7.768612313441281e-08,1.2728558658636757e-06,3.0769493719162713e-06,1.112347467824293e-06,1.0709350635806914e-05,7.235668363136938e-06,5.601591425374864e-07,2.937594410923339e-06,2.1552705902649906e-06,1.2234542608261108,8.906183647923171e-05,0.22729659602046015,0.0005710608122171835,1.4418089222090203e-06,3.3761146482902405e-07,0.059532065875828266,2.707952751279663e-06
priorregion2_spot_143,6.8357605087499e-08,1.494103782917478e-08,1.650157898325233e-07,0.07146256901323794,5.828943141494847e-08,1.5284371599477708e-07,1.1670169790534147e-07,1.4327472541708633e-07,7.006988411717431e-08,1.877417252771352e-08,0.48506239205598833,1.3972941559359242e-07,0.1685113340616226,3.1928190047381125e-08,1.5645252471330196e-08,3.6552884274954074e-08,0.06895512565970421,1.7721087530730984e-08
priorregion2_spot_144,2.5155172944657522e-09,7.236717736169851e-09,1.2063429588593522e-08,1.2527933301864636e-09,2.41329481953656e-09,1.1064720073505895e-08,7.55384721440322e-09,4.5633262280020405e-09,3.34611020003095e-09,4.171799283803069e-09,0.9746087908744813,1.1619402551232838e-08,2.1850875420170728e-08,4.638844819382371e-09,7.724271089415426e-09,2.854787872763609e-09,5.819706760945565e-09,5.246926049196077e-09
priorregion2_spot_145,1.956845757433712e-07,2.5512837531493914e-08,1.1533032477473171e-06,8.006554992334715e-07,1.0801094390444632e-06,2.4843432015586585e-06,1.2800387651168422e-06,1.7482781288435945e-06,1.60172289156435e-06,3.9506487183871284e-07,0.7795882821083069,1.7786687635634735e-06,3.167484763366702e-08,1.1851836234200166e-06,3.855706381727941e-06,5.129978802642654e-07,0.0466512456536293,0.21239150762557985
priorregion2_spot_146,1.4845542928298983e-08,1.2916888003644546e-08,1.5452732604614996e-08,2.790045705580724e-08,1.8946979629674844e-08,7.873330680752134e-08,6.570970647601371e-08,2.4981351387509675e-08,6.657094928641527e-08,1.6150805404180347e-08,1.015010815858841,4.0383353550055296e-08,8.556367214751504e-09,1.105435161186108e-08,4.8557724774411785e-08,5.637624944654363e-09,0.08169425912201406,1.964184388469903e-08
priorregion2_spot_147,8.742306079057016e-08,1.0110327437473645e-07,5.473447276926891e-06,0.01191131379455328,6.124684978203731e-06,3.077748931445967e-06,2.9385976404228135e-06,4.047704624099425e-06,4.613539672959633e-07,3.938703116546094e-06,0.9284466475248336,2.5648729661043034e-06,0.1568390041589737,0.007852418534457685,2.2002555510880484e-06,9.490861714311905e-07,1.8418499365679962e-07,0.11011182218790055
priorregion2_spot_148,1.312142527964966e-09,2.890718153736316e-09,1.0119926985296956e-08,8.1901548654173e-09,6.180017764201295e-09,1.6169613825667287e-08,1.0645855086366396e-08,7.666038204234838e-09,3.1391347410369976e-09,2.7431382054743387e-08,0.613714638352394,1.3417036015539453e-08,5.629163246645419e-09,8.56867563570063e-09,1.4463815745102695e-07,6.38138342168304e-09,2.1575255537698015e-08,3.276219970871353e-08
priorregion2_spot_149,2.162071268685395e-07,6.916541224200046e-08,4.980920948582935e-06,1.5483716595099395e-06,7.80639943513961e-06,6.52415089916758e-06,1.2395201156323312e-05,3.0068321575527082e-05,0.010998008167371153,5.196439701649069e-06,0.8295331656932832,2.6729193336905157e-06,7.46797010009459e-08,8.157200363712036e-06,9.618501621844189e-07,7.360620043073141e-06,0.09938142225146294,0.26481595933437346
priorregion2_spot_150,7.83107736879174e-08,9.533420497476186e-09,5.055938174791663e-07,1.7158399927552635e-07,5.086549435873167e-07,2.16504819036345e-05,4.4231287290585905e-07,2.9009379716171684e-07,0.012052040174603462,6.160616720762846e-07,0.17629510313272476,5.135974743097904e-06,8.431203923464636e-06,2.6257691160935795e-06,9.53058125219286e-07,7.139301874303783e-06,4.3481175993065335e-08,0.20751195028424263
priorregion2_spot_151,1.0146906959107584e-08,1.3810164389838065e-08,7.612639740806061e-09,1.3926593078750219e-08,7.879259800169794e-09,1.0638791003714233e-08,7.1923142552776655e-09,9.983731352747328e-09,5.536127489769171e-09,6.16025497279793e-09,1.3050198614597321,9.776019549434524e-09,1.2725817466474609e-08,8.087771563580759e-09,8.26022135136384e-09,2.016461797538227e-09,0.15473896265029907,7.593762374469292e-09
priorregion2_spot_152,2.381191819722517e-07,2.303548001236777e-08,7.993691411911642e-07,0.004601744213141501,3.953931781097708e-07,6.622760707841736e-07,7.29387730302733e-07,2.715516217222103e-07,1.5399196797716286e-07,9.75227653299271e-08,1.1259991943836212,4.3904356061830185e-07,5.967761271818974e-08,9.508970215676981e-08,1.8376141852627373e-07,6.256545255212132e-08,6.721774497009393e-08,0.0858209777623415
priorregion2_spot_153,3.553399690048309e-08,1.6115859136078826e-08,1.8408300320515992e-06,0.5219273447990418,0.17582437694072722,2.639582055508072e-06,3.4418826430737684e-06,2.7901988801204427e-06,1.3028004104853608e-05,1.9464285969661432e-07,0.7512795597314834,7.118871593547738e-07,3.2552704738009195e-06,1.8488395653548651e-06,2.945837550782926e-07,3.0163766524538004e-07,9.767383239989159e-08,1.2753038092228053e-07
priorregion2_spot_154,6.431272669971123e-09,5.165442740207027e-09,1.5753866389189855e-08,1.821456088180185e-08,3.559539454300875e-08,6.340196669896159e-08,2.987226990214253e-08,1.843165469139763e-08,2.4849861368636537e-08,7.568255799839108e-09,1.2585853457450866,2.91295640941769e-08,5.961362981032892e-09,1.438233185879767e-08,2.9573796567206046e-08,1.0694426855195615e-08,2.2382087472294645e-08,9.204293149878142e-09
priorregion2_spot_155,1.529951823897591e-07,1.77198629103259e-08,6.329821117105894e-05,0.058958023041486736,2.638143496369594e-06,2.515514267997787e-06,2.0740956097142773e-05,0.00464532570913434,3.5526428064258654e-06,1.6902848074096255e-05,0.3022896945476532,3.1987174224923365e-05,0.24349691569805146,2.841530113073532e-06,7.072604898894497e-06,1.5850188503918616e-06,1.0284996356801913e-07,0.17436031252145767
priorregion2_spot_156,9.052220129035504e-08,1.2506484425856002e-08,6.89860868874348e-07,1.4905604166415287e-05,6.078579303903098e-06,9.700202963358606e-06,5.347047567738627e-06,1.6357445247194846e-06,3.261328447479173e-06,1.1135055331124022e-06,0.8756910502910613,1.2541052774395211e-05,7.182865786603543e-08,1.4401067346625497e-06,7.855821962721166e-07,4.46267739562245e-07,9.600923895902725e-08,0.18102976605296134
priorregion2_spot_157,3.8770168586665934e-08,1.0621936041843583e-08,1.1441448890536777e-07,0.22596546784043314,1.5379452591446355e-07,2.0665777213935144e-07,1.939491930613713e-07,1.1272582902677187e-07,1.0698211596604779e-07,7.262446750644358e-08,1.105345767736435,4.867819853870969e-07,5.333868049461899e-08,3.8716543393491067e-08,1.544901458316872e-07,4.820316661380276e-08,1.01149982256743e-07,1.8464628297465425e-07
priorregion2_spot_158,1.7043588513843132e-07,3.7704481314904115e-08,1.6243050140474224e-06,0.004249731241725386,8.420011255338979e-07,1.80352316419885e-05,9.29738786226153e-07,9.210136568071905e-07,6.49807083163978e-07,1.2330783363267983e-06,0.9060328543186188,2.9616117217301515e-06,1.199591409317691e-07,7.496231432924106e-07,1.199064030288355e-06,1.2670750322740789e-06,1.7447912114221254e-06,0.1441396653652191
priorregion2_spot_159,1.7207723779222307e-08,1.2897320189608764e-08,1.1740289451722678e-08,5.4970428431389e-09,8.326213452036769e-09,2.0710114867483752e-08,1.4816958016083957e-08,1.1584477066506338e-08,1.3728935766010864e-08,1.8191102757469933e-08,1.501927590370178,1.658125103887187e-08,9.470997053284692e-09,9.679520607264182e-09,2.1952924189605487e-08,7.892303388601363e-09,0.022033536713570355,1.1228512608596475e-08
priorregion2_spot_160,1.4265379943978473e-08,6.351817583016839e-09,9.460997407728655e-09,1.7481127922991395e-08,1.0505597280996431e-08,4.473673644866949e-08,1.3960278621993894e-08,1.603592645338381e-08,2.5953823357127704e-08,9.093008745963972e-09,0.6080848783254623,1.3445430191438848e-08,0.2772952035069466,2.994157553004584e-08,1.1513208475477654e-08,1.427405051934727e-08,0.14468778297305107,1.1923378462341819e-08
priorregion2_spot_161,5.825892634980791e-09,4.077630411103427e-09,7.157686288117304e-09,9.14242304084212e-09,1.1559984347542243e-08,7.976195548486943e-09,2.9403000034733395e-08,4.963022370851889e-09,6.7117866375809855e-09,1.1170295222129311e-08,0.9691002786159515,4.9286826619976414e-09,3.5595746017413895e-09,6.866391055737609e-09,7.547598923629551e-09,1.0802520078456725e-08,0.02483143312856555,7.297672577344373e-09
priorregion2_spot_162,3.11367810423846e-09,3.0568676590014833e-09,1.3961634648396171e-08,3.333687654816231e-08,1.4568796524727647e-08,1.4037851636672373e-08,1.5910304895783157e-08,1.7494848680854602e-08,6.3870971844792734e-09,1.78258449778923e-08,1.5483786404132842,1.4080599797239303e-08,9.039580595171516e-09,6.963442600316228e-09,8.40950113989436e-09,5.985704931710246e-09,1.8265830803443353e-08,1.41348996951507e-08
priorregion2_spot_163,2.95615168788288e-08,2.6521985674321516e-08,7.186468252484702e-07,0.10401915945112705,4.511171724175257e-07,5.865668128990364e-07,1.4818612044109615e-07,5.863621112212059e-07,1.1021032015889887e-07,5.432622828038802e-07,0.585889944434166,1.0600838436403139e-06,0.12127225026488303,8.733344174061131e-07,2.15261122349375e-07,4.461829917090654e-07,1.1575170155708747e-07,0.06344575919210911
priorregion2_spot_164,9.026111229104572e-07,3.084610611381322e-08,3.5975058381154674e-05,0.25622390359640124,7.609922135998204e-06,1.0631127815941e-05,2.7359214709576917e-05,0.0029713285155594346,1.975625991690322e-06,5.822662387799938e-06,0.558328241109848,1.6740875889809103e-05,0.09007947891950607,0.00859497608616948,2.4628817300254014e-06,5.466076140692167e-06,3.730489439135454e-07,0.15022254437208174
priorregion2_spot_165,2.6079506332266086e-09,2.499563112046133e-09,2.5642466594533177e-09,3.547448901297657e-09,1.8590115447025826e-09,3.35643556281795e-09,4.467847247724421e-09,3.37791129512155e-09,3.9452481948032416e-09,2.573208035538954e-09,1.1000672638416291,1.1792602672144884e-09,5.334540054136028e-09,2.340896321229025e-09,1.5527660657266297e-09,2.5551010418567443e-09,1.3901689888129453e-08,3.4612759547414384e-09
priorregion2_spot_166,2.571330137701722e-09,4.383386476014551e-09,5.2493182023383164e-09,7.981132332801622e-09,5.375513234540108e-09,1.0322983312605062e-08,9.555661595328502e-09,2.0497932329277547e-08,7.118177647313929e-09,2.5348447518780403e-08,1.184645652770996,3.4676039373238156e-09,2.6263615815480536e-08,5.5945330368345486e-09,6.632609061973939e-09,2.697711543042658e-09,2.0744714923637277e-08,8.494113412638171e-09
priorregion2_spot_167,4.169830045697154e-08,2.487427392949826e-08,1.2143749643200863e-06,7.537173331684244e-07,6.226269590570154e-07,1.3365957101996173e-05,1.2540102659386322e-06,9.365176680375953e-07,7.666513567983202e-07,3.899807822449475e-07,1.1642073214054107,6.655401364241699e-07,0.21295670345425605,5.607625041648134e-07,2.2340036252899157e-06,1.9302789482367187e-07,2.0016164157254934e-07,0.08537899702787399
priorregion2_spot_168,5.034813277404737e-08,1.0454756127487033e-08,8.963772764047919e-08,2.555013494998093e-07,2.1877183087326557e-07,2.557279032089355e-07,7.54970454153181e-08,1.5164884601404088e-07,1.5518099161226928e-07,1.3974756285506373e-07,0.5982411503791809,1.3607473263732573e-07,0.10768393687903882,1.3918705263904487e-07,0.05333545450121164,1.0792237432610819e-07,1.7956803120000588e-07,0.0509361170232296
priorregion2_spot_169,1.2578023678155861e-09,2.2289912693373996e-09,2.644160068676626e-09,3.2799978066933023e-09,3.885557686711394e-09,3.522948499590228e-09,7.0504382776448444e-09,5.636545186149534e-09,1.0661284466362277e-09,2.2368014773732627e-09,1.2448573172092436,2.8763126880271277e-09,3.223884648129172e-09,3.52665950886788e-09,2.1549487305705385e-09,4.1814969042874855e-09,5.967700222875295e-09,3.6251878943183157e-09
priorregion2_spot_170,2.2563004176134883e-08,1.137657701377748e-08,1.0398444089787518e-06,0.10531914420425892,5.458883897517808e-05,8.073585405554694e-07,1.919854338439109e-06,1.7243324236915217e-06,1.0033920830210263e-06,1.337947523438743e-07,1.0149449467658995,2.221089130216569e-06,1.4093451783381284e-08,2.1417938711465467e-07,4.1958431182820285e-07,6.822971073461304e-07,8.001694915549252e-08,2.7747931312660513e-07
priorregion2_spot_171,5.045217363885968e-08,5.4369213131622025e-08,1.9981468312835207e-06,0.15445506498217584,8.376070354643161e-06,2.277670307648805e-06,3.3986211974479378e-06,5.346813054529775e-06,1.806637675372258e-06,6.866818978323864e-07,1.529207271337509,2.0724267869809415e-06,5.0927181050042235e-08,6.577987278433285e-07,8.986983090153445e-07,7.201432595138613e-07,2.3069478629622614e-07,1.1711350339282946e-06
priorregion2_spot_172,1.7905726821254575e-07,4.837463425388933e-08,1.0068810581742581e-06,5.102132308820729e-06,1.7514517026029352e-06,1.625409134931033e-06,2.856380058346986e-06,1.1809673083007511e-06,6.532702940376112e-07,1.5915399103505478e-06,0.9741295039653778,1.0358985900893461e-05,0.28152626901865,1.0438601862006181e-06,1.6895353724066811e-06,5.094549550221928e-07,3.379676144277255e-07,0.18617891892790794
priorregion2_spot_173,6.9282465320341666e-09,2.3212575772646462e-08,2.986391764991936e-08,1.2921308867319682e-08,3.448952288209739e-08,3.310143732448978e-08,4.426182140804258e-08,3.0917979110256514e-08,5.266788907221099e-08,2.941608405748752e-08,0.7778626441955566,2.637107359149127e-08,4.210309323404716e-09,1.7138107022418582e-08,1.8515721045275773e-08,1.163152458794059e-08,5.045490887312099e-08,1.1973717839453004e-08
priorregion2_spot_174,1.3772755380614402e-08,1.5612970383216406e-08,9.90432709180311e-09,1.3882165417200557e-08,6.6397943809803905e-09,1.0636578062772628e-08,1.3809961885158373e-08,1.6887240139595862e-08,4.671518749610471e-09,6.134484276110186e-09,1.3214510560035706,1.0769800784515838e-08,2.5122775241470663e-05,1.0999415156476289e-08,5.197304737691866e-08,1.5928005492327204e-08,0.026307400781661272,1.0113127792976684e-07
priorregion2_spot_175,9.31075163634887e-07,2.039301110201564e-08,4.07302955807154e-07,1.9224146171836765e-06,2.98467945469838e-07,1.3554382235270167e-06,4.737620486139349e-07,3.149072384189822e-07,7.527839386511915e-07,1.6245929828073715e-06,0.9000448554754257,3.798461352744198e-06,0.27047443985939024,1.0867295202388051e-06,1.0895223738316418e-06,1.6099914375899972e-06,2.0820303987534318e-07,0.3095363602042198
priorregion2_spot_176,0.006736132060177625,5.122254673750604e-08,2.8316061388977687e-06,0.10504945255815984,0.0002624018641654402,8.47770402288006e-06,5.329940972842451e-06,3.660676566141774e-06,6.815845813434863e-06,4.790993102687935e-06,0.44668325781822205,3.1368800955533514e-05,0.026827788073569534,4.8231989694613736e-06,4.9219517450183055e-06,3.832244578916289e-06,1.8581732263101004e-06,0.2042266137897968
priorregion2_spot_177,9.805532208417844e-08,2.7548543712896397e-08,3.1577850336361733e-06,1.8151172753277934e-06,4.250635424796201e-06,1.594709856362897e-05,7.750316035526339e-06,2.3336632125392506e-06,1.5473042003577576e-05,9.480491326030461e-06,0.6256975769996643,0.014200318697839975,1.1868906142353808e-07,4.485254365249604e-07,1.5481792672744634e-06,1.2271703610622354e-06,1.1014339413861764e-07,0.48099265694618226
priorregion2_spot_178,1.665547245011112e-07,1.5504456829518176e-08,2.7233992057063005e-07,4.5795363092793193e-07,4.2167462623865507e-07,1.0153526318390504e-06,5.720335082060046e-07,6.844083230816978e-07,3.2294842981173134e-06,3.05530136301968e-06,0.888669803738594,9.9804861974917e-07,6.951488629169944e-08,1.5653370041945891e-06,2.114720473400667e-06,4.617371317294783e-07,3.250897862017155e-07,0.4327550187706948
priorregion2_spot_179,4.098833574772699e-08,2.209951803777699e-08,6.015576218487696e-07,0.18904835432767866,1.5427836444814601e-06,9.068249391930295e-06,8.412765396315081e-07,1.0231553005723985e-06,7.425056963938914e-07,9.760827310856257e-07,0.5650896161794662,1.964795023923216e-06,8.941697799969006e-08,0.030537818744778636,6.091564841881338e-07,6.585964456462534e-07,1.727877460666605e-07,0.20628664270043373
priorregion2_spot_180,1.1060875282353776e-08,4.630749561584936e-09,6.207045299966297e-09,3.565806172556307e-09,5.117885448768789e-09,1.2599850762740062e-08,8.27762414168376e-09,1.1622311379966278e-08,3.978075491239963e-09,5.77935830303744e-09,1.1365570425987244,6.412584574455594e-09,4.369374684287664e-09,4.679400045226601e-09,1.3575894675099676e-08,8.998832834450355e-09,6.591100465414002e-08,1.2717637076775647e-08
priorregion2_spot_181,8.590963496146742e-08,2.6768865613036045e-08,1.738468000667126e-07,2.585215924000295e-07,2.6235360053306065e-07,5.470255416639703e-07,4.580741759241392e-07,2.0742618929148195e-07,1.9732574898512215e-07,1.0051008871414524e-06,0.6914272099733353,1.315777524268924e-06,0.27953219860792156,0.00874979216605425,1.746597291685248e-06,2.687282503188726e-07,1.484324265277337e-07,0.14595839008688927
priorregion2_spot_182,2.5259428770851856e-09,3.0371372417015153e-09,1.0105738601495773e-08,2.2932960686006255e-08,2.3118826852908114e-08,1.9471525014580492e-08,1.9976093668105932e-08,5.984057849239833e-09,6.038727606849648e-09,5.549175785546368e-09,0.9294235229492187,1.540196539195904e-08,2.9274080581842562e-08,5.649511525263052e-09,5.980059025745277e-09,2.2629938811746798e-09,1.4411625848254063e-08,6.3233990710287464e-09
priorregion2_spot_183,3.432090558419532e-08,4.0767687181642034e-08,3.7114978113095276e-07,3.1920182124167696e-07,4.738019313776932e-07,5.782818334409968e-07,6.856591397763623e-07,4.3426207554375654e-07,8.868635831049687e-07,4.327444958107662e-06,0.9482462733983994,9.233810146724864e-07,0.19580026790499686,4.748710707644932e-05,0.04539717156440019,9.26881948544178e-06,2.1172802107116697e-07,0.23634458780288697
priorregion2_spot_184,7.407375015588969e-08,2.8772817373123873e-08,1.648421090294505e-07,1.1903274064195558e-07,1.4623341613173582e-07,2.699137667150353e-07,2.53117858051155e-07,2.3206185417734562e-07,1.8524722236179517e-07,2.902645292124362e-06,0.96420279443264,3.1065443550915017e-07,0.4017977640032768,9.517076193787943e-07,0.032071113027632235,2.575145941818846e-07,1.2732651200053624e-07,0.08754358962178231
priorregion3_spot_1,1.9081412627741656e-08,7.115567246529508e-09,2.5779007160053887e-07,1.0566917069354532e-06,2.8686358461982313e-07,2.870439061553043e-07,2.7129223099109375e-07,4.7195515548992264e-07,7.112582416368697e-08,8.865001802860207e-07,0.961977133154869,5.350319383978786e-07,6.890592807451412e-08,3.305153867927402e-07,0.12262082174420356,8.701135136846006e-08,1.575973350043114e-07,5.395935517071848e-07
priorregion3_spot_2,2.237117442405179e-08,2.2649212549907813e-08,1.5452099759727387e-07,1.3417348228017546e-07,2.3985512598301284e-07,5.765745015651192e-07,2.2165125557194187e-07,8.836971794323745e-08,8.004324989485669e-08,0.2782895818352699,0.4893134534358978,3.776854526904572e-07,1.0883242085313329e-08,9.212719277229554e-07,0.04520026966929436,2.681795876924298e-07,7.589183788070385e-08,2.523482828564739e-06
priorregion3_spot_3,5.5365661566497695e-08,1.4221536703828974e-08,2.9532662324527334e-07,2.7155818855817414e-07,5.843410036732166e-07,3.479572615106008e-06,4.2178522079439064e-07,1.5889456221884755e-07,6.912429881822392e-07,0.07778743579983712,0.5932479530572892,9.85758691740557e-07,1.289362852929799e-07,9.620823362865849e-07,0.05229223128408194,4.900662133877631e-07,6.856157064305536e-08,6.459431148186923e-07
priorregion3_spot_4,7.527535004214769e-08,4.14145015170675e-08,1.1680218847232027e-06,1.1039437254112273e-06,1.1599385686622555e-06,1.736469585011946e-06,1.1442987386089954e-06,4.021535778520047e-06,1.1928682681627834e-06,0.2491967000067234,0.9443634480237961,4.429158948937584e-07,3.835074373625958e-08,1.1253799527821686e-06,0.21136044040322305,1.0882642186516022e-06,1.0427873142759837e-07,8.631048700635801e-07
priorregion3_spot_5,6.944371051531563e-08,0.7084083467721939,6.6357656123727795e-06,2.632256064316607e-06,4.152853261985001e-06,1.432943560075728e-06,5.785209452824347e-07,4.950294169248082e-06,4.0517341801660225e-07,0.2653243333101272,0.27188601642847066,1.3844993588918442e-06,2.8159010145856212e-08,2.775527676135425e-07,0.01792033091187477,3.0878157417646437e-07,7.024655808152147e-08,1.3165530162950746e-06
priorregion3_spot_6,3.3050665670941724e-08,1.28053973202924e-08,9.436726003286822e-07,7.446647009601293e-06,7.073385887679251e-07,1.570577552456598e-06,3.030944441206884e-07,2.854319959055829e-07,1.392380291065365e-07,0.22693503499031067,0.7264351099729538,1.369681558571756e-06,1.1552720309282448e-07,7.108754459750345e-07,1.3835018819463585e-07,2.2680478153347397e-07,5.7178479551112115e-08,1.5859743243140657e-07
priorregion3_spot_7,1.3964312302050532e-07,0.22651021257042886,6.179202227940551e-06,0.0009372635948238895,7.065603494993411e-06,6.5126361050715795e-06,2.2776399055146614e-05,0.10789594240486622,5.6906080544649745e-06,0.02358594890683889,0.43766619861125944,1.227313264280383e-05,8.031767926297562e-08,1.5415666609897016e-06,0.09529156386852264,9.632062528908137e-07,3.2656201227609926e-07,0.01860273852944374
priorregion3_spot_8,1.8043587246552306e-07,1.2558899120662662e-08,1.6433347298061563e-06,1.3562322010329808e-06,2.030657651630463e-06,8.900569042680218e-07,4.6918152065700267e-07,0.14232261776924132,2.3099812977989133e-07,0.45431691110134126,0.36588122397661205,8.520413871337952e-07,3.175284106760046e-08,1.4563033687409189e-06,1.7949198394262567e-07,3.391680976960743e-07,3.6964218352864016e-08,1.6130792204194225e-07
priorregion3_spot_9,1.4212905966815018e-06,0.14884005710482598,5.8770076520886505e-06,3.6957776615054174e-06,3.7078674495205637e-06,3.2421452715425405e-06,1.5536634521140513e-06,0.11851382590830326,9.011631135535936e-07,6.286685817258331e-07,0.4567728206515312,1.8344076863741066e-06,1.0142981672345288e-07,2.2278958908827917e-06,0.3827233150601387,1.4896797608798808e-06,8.504223274030666e-07,7.963359308860163e-07
priorregion3_spot_10,1.258930282688198e-07,0.28172694593667985,8.662692607686041e-07,6.083873984152888e-07,4.771131648340088e-06,1.1055702407247737e-05,2.7683590587912477e-06,0.06885352693498135,0.013069392368197442,1.214084824141537e-06,0.3957926705479622,9.820078389566334e-07,1.1369114361059475e-07,4.72687079309253e-06,0.09268488436937332,3.2055815495368738e-06,1.7942760592859487e-07,1.6146043094522612e-06
priorregion3_spot_11,1.8627399711590443e-08,1.2282851935552232e-08,2.128573264315037e-08,4.00712394821312e-08,1.2301397278591254e-08,2.357535686670076e-08,2.08547034752371e-08,1.557172231159143e-08,1.505696038961446e-08,1.2549097361258533e-08,1.4866818130016326,1.2635256529947015e-08,9.416372348525215e-09,1.0886209755867072e-08,1.401971836401117e-08,8.649199445542876e-09,0.022955840267241002,2.249246238150704e-08
priorregion3_spot_12,4.2840667049404144e-07,0.24927033558487893,8.500185600723854e-07,3.3477409004945003e-07,2.3205304628959315e-07,2.9042973892501323e-06,6.03636149776321e-07,3.038244258846135e-07,1.2012835156838267e-06,0.08328838609158994,0.3226491346955299,1.7941804856036469e-06,1.4062217417176727e-07,7.955260770131645e-07,0.10238104462623596,9.259494277102932e-07,2.3924122558582896e-07,1.702523024960101e-06
priorregion3_spot_13,2.2786909870120556e-08,0.05455633737146855,1.5555235588493592e-08,2.9363672471305343e-08,1.515604477475563e-08,8.911191251570472e-08,1.0244737369546898e-08,1.787861574342742e-08,8.787064365023412e-09,3.654357474403014e-08,0.5863980799913406,2.1691471108198358e-08,1.7870274948705857e-08,3.593288848691145e-08,1.7939229568497696e-08,1.7977995536710978e-08,4.176451380288882e-08,1.1871415637187967e-07
priorregion3_spot_14,7.555528327429783e-08,9.322223846197635e-08,2.823609622737422e-06,1.048048534357804e-06,3.018624647666002e-06,4.762628009302717e-06,3.386344792488671e-06,1.0067977109429194e-05,4.515180148700893e-06,0.061700024828314784,1.1614840924739838,1.3061098115940695e-06,1.3000011236385945e-07,1.1971501226071267e-05,0.19795850217342378,5.944462964180275e-06,0.05564286410808563,1.809531013350352e-05
priorregion3_spot_15,1.1834941515687093e-08,0.7610344856977462,7.797323409164391e-09,1.8260346301701705e-08,1.47817511564341e-08,1.1711236824751835e-08,1.218319347628949e-08,5.466567376544163e-09,4.4614558269984174e-09,3.0740573531140575e-09,0.6344050765037537,8.876107138178214e-09,5.070699859999196e-09,3.5709629142566257e-09,2.9508545940082347e-09,2.4078379401437646e-09,3.4994038067281966e-08,2.5144638704510666e-09
priorregion3_spot_16,1.9934047017500235e-07,2.6098006866703827e-08,3.6887074429614587e-06,3.857328988488007e-06,4.539493875199697e-06,3.0195922863640594e-05,3.6504538343251625e-06,0.06408503912389278,6.879897009639535e-05,0.35457777231931686,0.7551311284303666,9.872871441984898e-06,8.282297585537891e-08,2.266688852614607e-06,1.0136344826605636e-06,2.6332474703849588e-06,0.06767087131738662,1.2575524181102083e-06
priorregion3_spot_17,9.910197018569989e-09,4.618000932765654e-08,8.05864274866508e-08,8.622978526773295e-08,1.1059345652597587e-07,2.7419788324323234e-07,1.589805272317335e-07,9.896646204765603e-08,1.1616012116633102e-07,4.637539756657816e-08,1.3772733747959136,1.44484967279368e-07,1.6912572586846862e-08,6.215245846874496e-08,1.360891076274129e-07,5.7911744022476344e-08,4.418800514827126e-07,0.00013342198653845116
priorregion3_spot_18,3.598107163327313e-08,1.7327864743066357e-08,3.464819826604071e-06,1.1453634488134411e-05,7.820080554665765e-06,9.16726944524271e-06,3.3735876399987322e-06,0.18501212447881699,0.04228762853890657,0.34091175496578213,0.7860011070966721,3.492737459964701e-06,1.1139362925405294e-07,3.4918376286441346e-06,6.046835636652759e-07,2.3091919558737574e-07,2.9630299565042155e-07,7.589915185235441e-07
priorregion3_spot_19,4.276355998200643e-08,0.39063193202018737,7.170399982214804e-07,6.613252679699144e-07,5.05574223552685e-07,3.7858673778146114e-07,4.5895513522964403e-07,0.5111399114131927,1.5546142932976182e-07,4.445619676829438e-08,0.3501428112387657,3.665384113560322e-07,9.032588810242715e-09,8.535186779567994e-08,4.7077604747869377e-08,4.835390399193784e-08,5.3739294081367464e-08,3.258639207359693e-08
priorregion3_spot_20,6.756034238719622e-08,0.24110045656561852,8.030012878634807e-07,1.0225518792594813e-06,1.6636066732189648e-06,9.784801022760803e-07,1.171432541013928e-06,0.17881937101483347,1.821623652631388e-06,5.661485545260803e-07,0.6988073587417603,1.1070007474245359e-06,7.127146091079341e-08,1.642287833192313e-06,4.300688624425675e-06,4.1063693601017803e-07,0.07016450129449367,4.232209633414641e-07
priorregion3_spot_21,4.688868915359024e-09,1.226692312172873e-08,5.7872603154152116e-09,7.106596422445933e-09,1.426294158335395e-08,1.3536683285408914e-08,8.516331728714021e-09,8.787001526400219e-09,4.048130008982297e-09,9.499357078723848e-09,1.102123773097992,8.281576935331715e-09,7.968077708753186e-09,1.2528713222437207e-08,6.4726188409025555e-09,1.1303353630864877e-08,0.025285598915070297,1.1739691219148085e-08
priorregion3_spot_22,7.617196024511941e-05,3.7426346807478695e-06,1.6262394240129652e-06,4.22942569002771e-06,3.1754912924952806e-06,9.135426535067382e-06,1.3241430167454383e-06,0.06181319132447243,3.849427707791619e-06,1.7226107104306721e-06,0.8335904538631439,7.628142448083964e-05,1.6834708844726264e-07,2.332519147785206e-06,8.128738755885933e-07,3.751480130631535e-06,2.744929929576756e-07,8.203219181268651e-07
priorregion3_spot_23,2.803457064715076e-07,1.1383363363037802e-08,5.735524155170424e-06,8.119850633647729e-07,1.3412604857876433e-06,1.8022939400452743e-06,2.357060066060512e-06,1.2894775977656537e-06,2.3832016950109392e-06,0.10910782963037491,0.5631747007369995,1.6419107339515907e-06,4.120639349736166e-08,7.034216736201416e-07,0.27732932269573213,1.430029567472957e-06,1.6819968919890016e-07,1.0043963698080914e-06
priorregion3_spot_24,2.3431342310864525e-09,1.8136113666411548e-09,1.982045505499741e-09,4.213731363833517e-09,2.3848442776142066e-09,1.710266894772161e-09,4.6154449595547945e-09,3.4853915420463012e-09,1.8032082826913155e-09,1.2247267144882557e-09,1.2917154371738433,2.1789441806419066e-09,1.5852140433647577e-09,1.9073667090196977e-09,3.2974691976939143e-09,2.6271073316763708e-09,8.956539687687838e-09,2.1826574880812187e-09
priorregion3_spot_25,8.12297975549825e-09,3.2045783693313015e-09,5.1952236956864795e-09,8.408094798184607e-09,5.4896204471077684e-09,8.70952368003941e-09,8.564222353513174e-09,2.2326892690216484e-08,3.5893366501227318e-09,3.931962888614749e-09,1.741432285308838,2.224867168276745e-09,5.66426321402247e-09,3.8512049549410675e-09,5.655489196954022e-08,5.227557298148611e-09,3.079184622833964e-08,9.960391089691712e-09
priorregion3_spot_26,6.260996414653164e-08,6.048835015093345e-08,4.312224700697698e-06,6.949773046471819e-06,3.1285409704651104e-06,1.2503559537435649e-05,1.671094014454866e-06,3.1849823926677344e-06,1.4162419347485412e-06,0.09330584295094013,0.7517730176448822,3.7947896998957734e-06,2.8324506295973613e-08,1.442319347688681e-06,0.33636658638715744,9.59256944952358e-06,1.4198397622067207e-07,8.761688695813063e-06
priorregion3_spot_27,2.2114188036326255e-09,5.4066216614856445e-09,3.887720811945884e-09,5.389258839194611e-09,2.0417222024171625e-09,9.054101113292746e-09,4.669796993539422e-09,3.4335930210183108e-09,3.353793043281428e-09,4.3117334813658205e-09,1.0559301674365997,1.6921260614921609e-09,4.178127754883576e-09,3.779762569600109e-09,3.2095641366858273e-09,2.5639632195151305e-09,1.4678882465091194e-08,3.811166693346025e-09
priorregion3_spot_28,6.960201410777245e-08,0.213284245878458,2.3633487671759214e-06,1.0417090095415917e-06,3.8493825513796764e-06,2.731179688453267e-06,1.9259913074165524e-06,0.14151885211467743,9.117245355128034e-07,3.7515424764933416e-06,0.8253325074911118,2.1105814312250006e-06,2.1410494426277183e-07,1.3569292548254454e-06,0.3657439276576042,9.5916878422031e-07,5.061492942104451e-07,7.206850045804459e-06
priorregion3_spot_29,2.0169482706222655e-08,0.3074073255062103,3.263012384735476e-08,2.8725284906272468e-08,4.525925572096412e-08,6.735226207865707e-08,2.5069658349252677e-08,3.2024855123324874e-08,2.7902763388709672e-08,2.1521443116512273e-07,1.3347875356674193,3.75438890642954e-08,1.8132291845773806e-08,3.1565221014773214e-08,3.6070020144052255e-07,7.720087633060757e-05,3.225502851478268e-07,4.824869279218547e-07
priorregion3_spot_30,6.666706937608069e-08,1.9307870413598497e-08,1.604501460406027e-06,2.6621735742082823e-05,2.1821123368681585e-06,7.346883066929878e-05,4.8166600208787715e-06,2.4072965516097613e-06,1.4476361627657752e-06,0.11322354786098004,0.5402623146772384,2.3507072000938937e-06,7.917557525161102e-08,2.7432166803009756e-06,0.249580729752779,1.4124909228030448e-06,1.7441728985545524e-07,0.04983355160802603
priorregion3_spot_31,1.0290638314813805e-07,0.4202082619071007,7.379985987654437e-07,5.940971533391348e-07,7.189609732449754e-07,7.072801452068234e-07,3.305093159156059e-07,8.793533567086342e-07,2.530354834107129e-07,2.855180426308835e-07,0.507769513130188,2.3087046372438635e-07,2.013393300970279e-08,7.076270492234472e-07,0.3907314896583557,3.9170450207848276e-07,1.5527935559589423e-07,0.023170173820108175
priorregion3_spot_32,4.2835027791454654e-08,2.4048547242472297e-08,3.991141170445189e-06,1.880067895854154e-06,1.3727653822570574e-06,5.020203929007039e-07,1.791382908322703e-06,0.056655081734061245,4.439344124307354e-07,0.05942013747990131,0.5768312752246857,8.12137852790329e-07,4.72340888180156e-08,4.0739406870216044e-07,1.511663768383187e-07,1.7075397735766275e-07,1.077138534810729e-07,9.917337422393757e-08
priorregion3_spot_33,4.9991571238194864e-08,2.8887718084291693e-08,2.687256312583486e-06,3.7574684824903675e-06,2.9366752301029923e-06,2.4198341066039573e-06,3.6165992014502994e-06,0.13393563479185105,2.1192345457166087e-06,7.663958058401477e-07,0.8922477453947067,2.9303848123163337e-06,1.2014847428076791e-07,1.4310846893295094e-06,0.17160801663994787,1.069377049134346e-06,1.122890267879484e-07,1.562115807018927e-06
priorregion3_spot_34,5.908393907461118e-09,9.222896141247719e-10,1.4759387545471016e-09,7.453436007276438e-10,3.1661733790322452e-09,4.3565111962351464e-09,2.5623004495933802e-09,1.6591532925325226e-09,1.2616236388929283e-09,2.7054891327260585e-09,0.830849352478981,4.420800725490892e-09,1.8294646575434118e-09,1.5730827584992115e-09,1.769016444441718e-09,1.6402211755472965e-09,6.484797054895353e-09,1.4191068320457136e-09
priorregion3_spot_35,4.4853553404777814e-08,0.20903442725539206,1.7668247451751997e-07,5.723079652852902e-07,4.350544216435992e-07,1.7678730671377706e-06,1.1158418374179748e-06,5.836004618231527e-07,1.138225576369223e-06,1.1517566065322171e-06,0.9295768678188324,3.3436860604751936e-07,3.2634835278599894e-08,3.359184756845935e-06,0.25058585554361346,1.4040974235740578e-06,2.345368564249384e-07,6.744554667648118e-07
priorregion3_spot_36,2.6578604117588613e-08,2.730016808172309e-08,1.8054907826581257e-07,8.856752558017433e-08,2.1878722833434952e-07,1.6060903291759134e-07,9.484865337583416e-08,1.1697777289043643e-07,1.449243740125894e-07,2.766604865200862e-07,0.9796842634677887,4.155175858500115e-07,2.4298032919034547e-08,9.63677244669725e-08,0.3725960850715637,1.2138892699908865e-07,1.6365302215604064e-07,4.6719376740611555e-07
priorregion3_spot_37,1.8079617747357447e-09,2.315786096218631e-09,1.7237811011927563e-09,4.672069597866369e-09,1.5329215730108815e-09,6.40464221657311e-09,2.0143606227485122e-09,2.8453183587018322e-09,3.1404676303914417e-09,3.27592563076351e-09,1.1464652478694914,2.4924101116319264e-09,2.0941646194927444e-09,1.0793394678021429e-09,2.9861665029606858e-09,3.381714586137008e-09,8.855201416579917e-09,4.8462709401064785e-09
priorregion3_spot_38,5.982895754641504e-06,0.5465595155954361,7.217075492782499e-09,9.705084114131069e-09,6.197051538592291e-09,6.256665829873498e-09,9.034804815399868e-09,4.503896189334e-09,3.106316237566631e-09,3.4823957162366527e-09,0.7487197607755661,1.2419838402166761e-08,2.9726245287520215e-08,3.4666224002499745e-09,8.207263890724905e-09,5.379533263294434e-09,7.163353323846878e-08,8.245586169408626e-09
priorregion3_spot_39,1.0949545057314936e-07,0.1267870247364044,8.284075192932505e-06,1.5211886363886151e-06,6.695390311506345e-06,1.1615706171141937e-05,5.955188453299344e-06,0.11790084727108478,1.1834463009563478e-06,0.14860102981328965,0.467272187769413,2.680678767319478e-06,2.6362538552149317e-08,2.424371211873222e-06,1.0732810324043386e-05,5.193031825001527e-07,5.125151972151799e-07,1.8278200241184098e-05
priorregion3_spot_40,3.894798372705566e-09,1.193891618900267e-09,1.71933949855152e-09,3.201432496879875e-09,2.3743290888944556e-09,3.848521701321772e-09,2.826697720337279e-09,1.7635872817667323e-09,1.2293426221443585e-09,1.1555394030526856e-09,0.9447247684001923,1.534848526052457e-09,6.01574157155227e-10,1.679510053254063e-09,2.2186925741074505e-09,1.2715965280740705e-09,1.0243934545073331e-08,2.110292418588955e-09
priorregion3_spot_41,3.2802953455757236e-07,0.15371472537517547,3.183046203503181e-07,6.169904168018548e-07,8.590196074464984e-07,1.536666860602054e-06,1.256285275985647e-06,5.550447383484425e-07,3.3804137387960512e-06,0.12625880241394044,0.5927762389183044,1.7962133995297336e-06,3.138349669029594e-08,0.00040822073933668437,1.0160794886360237e-06,2.628869788168231e-06,1.5216249380500815e-07,1.587593033036683e-07
priorregion3_spot_42,1.2005222309596776e-07,3.1734125016669167e-08,9.301281261286931e-06,3.7435327158164e-06,1.1686998732329813e-06,1.0222416847227577e-06,1.2987504442207865e-05,7.920296229713131e-06,2.110373145569611e-06,0.21231012418866158,0.4779765382409096,6.029448059052811e-06,8.670755562434354e-08,1.487497002017335e-06,0.03339411728084087,5.476747901411727e-07,1.3093385931028934e-07,8.811767145289197e-07
priorregion3_spot_43,6.101033611649598e-09,0.27274401634931567,4.004763964893243e-09,7.907819243868631e-09,5.970482530592847e-09,1.0068049327571772e-08,8.67102869506198e-09,3.68713023446432e-09,3.476461252205354e-09,5.206909681199079e-09,0.9806440591812134,5.669300318089654e-09,8.372503490505779e-09,5.110566059229882e-09,3.953071869844394e-09,2.4597814340943103e-09,3.7021470689069246e-08,3.2624345003284813e-09
priorregion3_spot_44,2.7720313511281347e-07,0.22206113263964655,2.33082173508592e-06,1.2642654212413618e-06,1.1566142006813606e-06,1.417321533381255e-06,2.0453380898288744e-06,6.572317283826124e-06,2.6250539349348402e-06,0.16514718160033226,0.7018114328384399,1.9197890480882052e-06,2.4215499223601e-07,7.599056942808603e-07,0.052585329674184327,8.78124731684693e-07,1.8673386534828753e-07,7.175279336024687e-07
priorregion3_spot_45,7.276692421953612e-08,3.383920130772822e-08,0.0005533989809919148,1.0443751989441808e-06,2.443722507905477e-06,3.5890598724108713e-06,1.0736950343925856e-06,0.11761889830231666,1.090339645770655e-06,0.22147330492734907,0.8158759951591492,1.0143376158566755e-06,4.985666919310461e-08,2.2833735783933664e-06,2.4850355515582125e-07,1.1234914211399883e-06,1.9765226610957143e-07,2.0671575953201682e-07
priorregion3_spot_46,2.302607399542467e-05,2.0139514766981393e-08,1.7286821218931438e-06,5.956612938007311e-07,1.100496740491508e-06,1.6300708921335172e-05,2.1839210830876254e-06,0.27396894693374635,8.90016012817796e-06,1.2942658088377358e-06,0.4297887206077576,2.3133470108405163e-06,9.853174631757611e-08,6.4368335188191865e-06,0.43408826589584354,2.8186901545268484e-06,2.0228347779038814e-07,9.719995887280675e-06
priorregion3_spot_47,0.0005774079734692351,1.2381444713938096e-08,0.022996481973677874,2.2430213448387806e-06,2.5263652673857e-06,1.1728019103429687e-06,5.779533893246481e-07,0.534714299440384,2.0943743606949287e-06,1.1414030041123626e-07,0.4932236343622208,1.7182273893467938e-06,5.03713799560046e-08,1.8302401230130275e-07,6.216834037786611e-07,1.4064766347132722e-07,9.58518491245286e-08,4.6573448457820633e-07
priorregion3_spot_48,1.8678598152632732e-07,1.663206532498407e-07,1.3457881095746416e-05,3.583405377867166e-05,4.564840837701922e-05,9.706504351925105e-06,6.662887403763307e-06,0.127864458411932,7.971184049893055e-06,0.07276409901678563,0.5560911178588868,0.001610404858365655,2.378100681710294e-07,2.1580346583505163e-06,0.3145448938012123,1.9155140819293593e-06,0.05744255241006613,1.8206461299996592e-05
priorregion3_spot_49,8.661060348913453e-07,7.993458943644782e-08,6.52465987514006e-06,1.3215550870882e-05,1.4096965105636628e-05,2.4619620762678097e-05,9.056173303179095e-06,0.12011248320341111,5.654206306644482e-05,0.22684118896722794,0.2770072057843208,1.5128103814276984e-05,7.16915444343158e-08,5.216068279878527e-06,0.18323259875178335,2.173589382437058e-06,1.3723111180752315e-07,0.03911419361829758
priorregion3_spot_50,2.3430643647515128e-09,3.3586106118477232e-09,1.4668611880708227e-08,9.62139852234145e-09,7.75022082066812e-09,3.0543606643895773e-09,5.076380316104691e-09,1.3009743726755119e-08,9.53957610683176e-09,8.11852673976432e-09,1.0577497422695161,3.562066663853614e-09,2.4771638296172686e-09,1.1555702750243312e-08,4.3935785898341356e-09,4.304178613523391e-09,1.1256022602879059e-08,8.041474508502234e-09
priorregion3_spot_51,4.151552013276217e-09,6.872655622380819e-09,3.3411183864018316e-08,8.350086755370969e-09,2.4549676869156654e-08,2.6666011532228142e-08,1.677311711745233e-08,1.6920528267405646e-08,9.13730864304796e-09,7.958274128583298e-09,1.0373372316360474,4.480772419768186e-09,2.4848982775438342e-06,7.968130777413763e-09,1.607033475181652e-08,1.585301250273119e-08,0.014740528399124741,1.8785399724663425e-08
priorregion3_spot_52,1.0232591840519946e-08,5.421863402688133e-09,9.233049835799535e-09,1.4033556716697148e-08,7.468624385609246e-09,2.8916746064311385e-08,3.776907142594155e-08,1.0922160287307747e-08,1.4925488489581086e-08,3.8016929693185376e-08,1.6518346548080445,2.1406192018957883e-08,3.179414250098489e-07,1.0713196552103454e-08,3.2541803207664084e-08,6.013015596550986e-09,5.2035153608187564e-08,2.813230661757871e-08
priorregion3_spot_53,1.4989759045125346e-09,2.8748929792321574e-09,1.2798975324024301e-09,4.2434382452327665e-09,5.911046607742775e-09,3.767131495635567e-09,3.356816435928778e-09,2.5027526828758086e-09,5.884341991446717e-09,7.968263426860745e-09,1.1674670994281768,6.5324557319001995e-09,2.9805415580064224e-09,8.863126055302927e-09,2.0124779798180728e-08,5.209132480921142e-09,1.2872008747777387e-08,8.002741935797532e-09
priorregion3_spot_54,5.119598629477196e-08,1.0561573704492845e-08,1.2565635813643894e-06,7.481930560970796e-06,4.395799535927836e-07,2.839154103639885e-06,3.5194115497461095e-07,9.908983656714553e-07,7.647567201729544e-07,0.21053627282381057,0.7393014460802079,1.0971161714223854e-06,3.171890181619119e-08,1.2200884668800427e-06,0.0491864264011383,1.6926566246411317e-07,1.0747707186453681e-07,1.7799206489144128e-06
priorregion3_spot_55,2.984208284928514e-08,3.183398966655205e-08,2.801003731178753e-07,9.568933201364871e-08,1.5669641726390184e-07,1.342845860108355e-06,5.416325620899442e-07,2.1533929412953514e-07,1.9366305394896702e-07,0.05368853509426117,0.8392980515956878,3.9991331277633437e-07,3.5359283856450935e-08,2.6394298373588755e-07,0.041486107371747495,3.1019467598980556e-07,0.029284795746207237,1.02415586979987e-06
priorregion3_spot_56,9.050378473318689e-08,6.252204407530825e-08,3.828156104646041e-06,1.2159121354216042e-06,2.3295999881156607e-06,1.6586534820817177e-05,5.672833162861935e-06,3.906976235157344e-06,9.615499766368885e-05,0.21654847040772437,0.841820639371872,8.218015591410223e-06,3.489591939853653e-08,0.004781944304704666,2.0878764601661716e-07,6.955418797360835e-07,0.16301790922880172,3.1989021920253435e-07
priorregion3_spot_57,4.592893532162635e-08,1.1607310090866464e-08,1.2402465245031636e-06,0.002104533393867314,8.173631016461513e-07,3.2297289180860393e-06,9.055523059942061e-06,1.156359007836727e-06,1.3518384093913483e-06,0.028386755008250473,0.8057858437299729,9.946110139935627e-07,4.743157990816371e-08,8.319947646384662e-08,2.2187541262042033e-07,1.475440001286188e-07,2.6011132714387488e-08,2.0506917280727065e-06
priorregion3_spot_58,2.485942857788359e-07,4.7491864130222444e-08,1.1010795333277206e-06,3.0735687687410974e-06,6.273451504057448e-06,1.6128619733990491e-06,2.3736595949230834e-06,0.16910011917352677,1.8594560572182674e-06,3.1950464290275704e-05,0.9487232685089112,2.2819238893134753e-06,4.056905297034065e-07,2.7622281413641756e-05,0.15402368307113648,8.882237750640343e-07,0.07566401325166226,3.047419886570424e-06
priorregion3_spot_59,1.4026309713699453e-07,0.10830205082893372,1.455422725484823e-05,0.006137128919363022,6.400846132237348e-06,4.9668083875076265e-06,1.4641464701981023e-06,0.15845578610897065,8.491042621017188e-07,2.1193452539591817e-06,0.23995974510908127,2.6454187946001185e-06,2.0209716566910177e-07,1.0370027780481906e-06,0.11961079202592373,1.0164959576286492e-06,0.10726275630295276,1.2987866909952573e-06
priorregion3_spot_60,2.389532340885126e-08,1.3581774060966725e-08,2.7117869763060296e-07,1.6779949447709443e-07,6.47065536441005e-07,4.437448055227833e-07,2.6185459347516374e-07,2.3483894082687586e-07,2.8970163299391063e-07,0.21985208168625833,1.0345185995101929,3.4656693173928946e-06,4.2219774698537554e-08,3.89792744499573e-06,3.115252965812942e-07,4.210008540894705e-07,1.0036981947791901e-07,2.4420753561571475e-07
priorregion3_spot_61,7.517350546493163e-08,0.19438662454485894,5.45443297141901e-06,9.59137645395458e-07,1.1270560935372487e-05,5.0514046051830516e-06,5.309057405611384e-06,0.2977263003587723,8.020009403253425e-07,1.7914672909569167e-07,0.676266473531723,6.463388842803397e-07,1.279715291957473e-07,3.794290435621406e-07,3.009247151908312e-07,3.766748818634369e-07,0.06508258990943432,5.038383761757359e-07
priorregion3_spot_62,6.764004574222327e-08,0.4857067286968231,8.145503926471064e-07,1.3254723000954983e-06,3.604855848493571e-07,7.167288060827559e-07,3.57976172438157e-07,8.098531878886207e-07,1.348686566871038e-07,6.531297481160437e-06,0.7030511498451233,1.321736596082701e-06,4.572380145617671e-08,2.384476239569722e-07,0.4816395863890648,4.265583058327138e-07,4.684012708366936e-07,6.686207052553073e-05
priorregion3_spot_63,4.6962804844952196e-08,0.32895330190658567,1.7169186428134255e-08,8.704777387791295e-09,2.8029600063206318e-08,4.491447018750705e-08,3.101355066092993e-08,2.3446349128874997e-08,1.7388929141048954e-08,2.3262415993485774e-08,0.9958440959453583,1.613870166394804e-08,1.6293113436205433e-08,1.1590180415410601e-08,1.4793659204315195e-07,1.2305869256934444e-08,0.03745294213294983,3.6786704171731796e-08
priorregion3_spot_64,3.1096318942047675e-08,0.16103343442082405,1.9911424544716284e-07,5.062620061835333e-07,1.5006870413003526e-07,4.556900364605099e-07,4.882873923861553e-07,3.3608100835635923e-07,2.708208725721306e-07,0.20619833916425706,0.3322043731808662,1.1636372391876649e-06,5.059427969911212e-08,4.489011814712285e-07,4.139099331723628e-07,1.1801294803603925e-07,5.672207691986842e-07,3.35581292176812e-07
priorregion3_spot_65,2.067936586414021e-08,0.332461416721344,3.301550393075559e-07,1.1020315895393651e-07,3.381467422514106e-07,4.674323037079376e-07,1.6189829210588869e-07,1.0080607779627827e-07,3.539104199035137e-07,0.25028952956199646,0.841691517829895,1.151651878217308e-06,4.67045325081017e-08,5.173909414679657e-07,1.8161770731239814e-05,2.716140642178289e-07,1.0476038241336029e-07,4.306589715952214e-07
priorregion3_spot_66,3.639739276195542e-07,3.068122431670873e-08,7.198434423116851e-06,5.893153070246626e-06,8.968868087322335e-06,8.874538707459578e-06,3.259575282754668e-06,2.5628504658925523e-06,0.01802069880068302,0.10153062269091606,1.00105220079422,7.251601971347555e-07,7.31311025958803e-08,3.4587785506801084e-07,7.383101797131531e-06,5.653672019434453e-07,1.21090014815195e-07,0.027627148665487766
priorregion3_spot_67,4.60393410506299e-08,1.708225054741774e-08,1.960496305741799e-07,2.2225380433837926e-07,3.1856551885312e-07,3.2127526083058916e-06,2.208434317196861e-07,1.7725813776792166e-07,7.405226227774621e-07,0.2608727619051933,0.3943043500185013,7.405366432067239e-07,1.8543678148574834e-08,0.013036294747143982,3.379753749754855e-07,5.083516811055233e-07,4.595939309126607e-08,2.010394190676834e-07
priorregion3_spot_68,7.0528351603371685e-09,2.8004564556205477e-09,4.866116398716259e-09,2.0915338017069018e-09,4.000293873929196e-09,2.758384698431371e-09,4.896105321172684e-09,2.9203142792866285e-09,3.829213368611306e-09,1.955811479437131e-09,0.7600003212690353,5.301871475182907e-09,3.5570433820630858e-09,1.0990151844136875e-09,1.1273018629687217e-09,3.658991654109656e-09,1.028045195639038e-08,1.2615309352703719e-09
priorregion3_spot_69,1.0758947084354986e-07,1.8824914960191563e-08,7.157401159929577e-06,2.9017743258918933e-06,5.003745536669158e-06,4.225776428938843e-05,4.993435231881449e-06,0.23939852118492128,8.225164066288926e-07,7.972442836035044e-06,0.7504124879837036,4.178759104433993e-06,1.5465214247001314e-07,6.410639252862893e-05,0.09890219420194625,6.742813155824479e-07,8.040862326197385e-07,5.60910982585483e-06
priorregion3_spot_70,3.803269414959232e-08,4.840436123032532e-08,1.1563826262772639e-06,4.997012808871659e-07,2.2907268999006194e-06,7.126229064624568e-07,5.8537935728963935e-06,9.932861473771481e-07,3.855260615637235e-06,2.198743163717154e-06,0.8768407016992569,1.553451198788025e-06,4.253480785365582e-08,1.2601795788214077e-06,0.004375739907845855,2.0245435692345384e-07,8.488778888704474e-07,1.1734787506156865e-06
priorregion3_spot_71,4.561366694133539e-07,0.1032687708735466,1.7801665580918784e-05,1.828240883696708e-05,7.63395705689618e-06,1.3077898483970786e-05,5.345754175323236e-06,0.04095695428550244,7.0702168159186845e-06,0.08451469764113426,0.2724536985158921,7.704444851697189e-06,1.5504109569519643e-07,4.837227220377827e-06,0.26038204580545427,1.5255159837579413e-06,2.1407377062132583e-07,0.05234132036566734
priorregion3_spot_72,4.27361457333575e-09,7.489553643935666e-09,2.8928724837840038e-08,5.708496058076663e-08,9.295992882130122e-08,3.797096610469453e-08,1.1318105954671864e-07,3.576526292903282e-08,9.449637303760029e-08,6.304949273783222e-08,1.1721152007579803,7.618701971523479e-08,8.422100563620916e-08,5.27533654093304e-08,2.0369638509265543e-08,1.8667275636374824e-08,2.4655782393523397e-08,2.762371948961118e-08
priorregion3_spot_73,2.6636805028346093e-08,0.2915758147835732,1.3380427930087535e-07,8.760802110430177e-08,3.9020788165089473e-07,2.0557794897513303e-07,2.4073760158671574e-07,1.3232754056957674e-07,2.3862199398649865e-07,4.3222805956588675e-08,1.2918090760707857,7.408962474642069e-08,2.1365684332863566e-08,9.181024154258922e-08,1.0067085582932124e-07,2.5684511850698755e-08,2.2540366870771324e-07,5.446775279693838e-08
priorregion3_spot_74,7.516480948766003e-09,0.6972968190908432,2.3151407368970924e-08,1.8497155096497414e-08,5.382092815864326e-08,3.4255112169034875e-08,2.304561830257512e-08,3.430095603107475e-08,9.607824491553175e-09,3.733584286180758e-08,0.9117872774600982,1.9147461660651292e-08,6.712720823642826e-09,2.207104099483104e-08,1.71275200244736e-08,1.129217448436748e-08,3.0458709716185693e-06,1.1851511727556386e-08
priorregion3_spot_75,5.8241238143352804e-08,4.819148244905591e-07,5.5097508493418e-07,4.0806252314951054e-07,6.240053949113645e-07,3.954389444515982e-06,2.28270716888801e-06,1.607827374527915e-06,9.474564740230564e-06,0.33017494082450866,0.837015962600708,1.7345842081795125e-06,4.318978255923867e-07,0.012354580173268915,4.910374002520256e-07,2.059788187125378e-06,1.9472427794653414e-07,3.6568539627523935e-07
priorregion3_spot_76,2.586354881373154e-07,0.1901946149766445,5.657503493239347e-06,3.006346469192067e-06,2.8223188905940333e-06,6.944450469745789e-05,6.979682211749606e-06,0.057917344570159915,1.3479197104970807e-05,0.21470862552523612,0.3871205121278763,1.0550737715675496e-05,4.7252318680079955e-08,1.900388213016413e-06,0.0985670104622841,1.5619589817106316e-06,1.705181812212686e-05,4.840411093027797e-05
priorregion3_spot_77,3.116843423356386e-08,0.21341669782996178,4.434673375186549e-08,7.635836887232018e-08,1.3277075012751995e-07,9.36846184629303e-08,2.1352594359314025e-07,1.3171701311875953e-07,4.657227847815193e-08,5.4504703683733166e-08,0.9389856606721878,2.2826279888477075e-07,7.453218953124008e-09,7.974014657463612e-08,1.2075657842558485e-07,3.113697406575966e-08,1.0943990744749501e-07,1.762200156463223e-07
priorregion3_spot_78,2.874480657055756e-07,5.4749527222952567e-08,5.948483453721565e-06,4.576001720124623e-06,2.2507188191411844e-06,6.0852906472064216e-06,5.617645592792541e-06,0.1760539971292019,1.1477011275928816e-05,0.35870269536972044,0.2833768546581268,5.928333143856436e-06,7.630727765217673e-08,5.609669642581139e-06,0.08596439212560654,1.483844982885785e-06,0.11718033738434315,1.1278300507910898e-05
priorregion3_spot_79,3.109553130542508e-08,7.661851642026819e-09,1.0036945866431778e-06,7.153641320201132e-07,6.274405279782513e-07,2.77528799870197e-06,2.084683183056768e-06,0.1799818716943264,2.7066871211900433e-06,5.607459403478287e-08,0.4371748521924019,3.536984479524108e-06,1.1561817103711292e-08,4.846040923212058e-07,5.4996653986449936e-08,9.405364025383279e-08,2.4277006094308723e-08,5.27225600066572e-08
priorregion3_spot_80,1.409396905849292e-08,0.3340859845280647,7.600443452382423e-09,7.1084978792157485e-09,7.378259558876721e-09,1.0576828657349326e-08,9.15047215777065e-09,6.917877581891218e-09,4.934487685126499e-09,7.984102712299546e-09,1.4528693974018096,5.322104512650583e-09,7.943682556188493e-09,5.196260954853927e-09,1.346501612431439e-08,1.7221524206689764e-09,6.710632547424211e-08,1.1120146181653468e-08
priorregion3_spot_81,9.676407763947736e-08,3.226709299752884e-08,5.425775526646248e-07,5.220836555963615e-07,1.6890257938939612e-06,1.296168449016477e-06,1.1970942864536484e-06,2.853004207281629e-06,4.834586434299127e-06,0.14096764102578163,0.8777452379465103,7.36903618303586e-07,4.9468410168174165e-08,8.060772955786888e-07,0.14918594434857368,4.3955699595699117e-07,2.1064852973040615e-07,2.2391362222151656e-06
priorregion3_spot_82,1.3997703274259978e-09,8.034926768374361e-09,5.178834583396963e-09,2.2784930497898872e-09,3.0046903298774907e-09,2.900020623641808e-09,3.109062030048904e-09,1.6652101475500562e-09,1.2164517004809027e-09,1.607826882743524e-09,1.1862604081630708,3.1534516220510517e-09,9.139971055560636e-08,1.5378777584729167e-09,4.446203960561946e-09,1.4999736341891892e-09,9.66561914950148e-09,2.2245350783656196e-09
priorregion3_spot_83,5.981182749081881e-08,5.201785713282448e-09,0.0002570271390140988,1.1927765490327146e-05,5.575695718107454e-06,1.102880219150393e-05,5.131766010890714e-06,0.6016701817512512,7.936208618275487e-07,5.996831805532565e-06,1.3969671552871432e-08,8.136685892168316e-06,3.2260435212094763e-09,4.495598045650696e-06,0.5043162912130356,1.4688121723338554e-06,3.258389256188821e-08,5.367135230471831e-07
priorregion3_spot_84,4.951637837535827e-08,0.30907988250255586,9.257696689246586e-07,2.166591923469241e-06,9.830165879520793e-07,9.364253429566815e-07,1.8021037305970825e-06,2.634585052874172e-06,2.834323893807778e-07,6.324959230141759e-07,0.6406173586845398,6.735596031148817e-07,3.198701357121081e-08,3.0358345952663512e-06,0.3785459741950035,1.2085905154890499e-06,3.8315573220870646e-07,0.00046524547797162087
priorregion3_spot_85,1.2634453483428845e-07,2.655390032302307e-08,3.311133866645832e-07,7.402634963682431e-07,3.780776864914515e-07,4.605226138210128e-07,2.5967427461637273e-07,2.9658164919510454e-07,1.5438616642882156e-07,3.2563234100280173e-07,0.9295004785060882,2.951879835677573e-07,8.756908016493982e-08,4.0813133352912704e-07,0.35315738469362257,4.296020662764022e-07,3.5879627517942937e-07,2.0401822098392586e-06
priorregion3_spot_86,9.005002326034629e-08,0.3054657235741615,4.695642064689309e-06,2.5544996333337624e-06,5.164954814063094e-06,4.982429982192116e-06,8.707050346856707e-06,0.06177100520581007,0.05012522451579571,0.14149046540260313,0.74843327999115,2.156082916826563e-06,1.9906329029595332e-07,2.5786254354898123e-06,1.2514631919202657e-06,9.21170601486665e-07,9.047993899002905e-07,5.437088674398183e-07
priorregion3_spot_87,2.330675670236815e-08,1.140138419231107e-08,2.0292932845222825e-07,2.4398762690225343e-07,3.259890135609567e-07,6.86229145685502e-07,3.2597503576425877e-07,5.349284919020647e-07,7.563970910950958e-07,0.3345038741827011,0.8033224940299988,2.8904407145091684e-06,4.157546520389133e-08,9.080236268346197e-05,3.921070302226326e-07,5.562922893886935e-07,9.620034582269456e-08,2.8622971797176434e-07
priorregion3_spot_88,1.4355996142967346e-07,3.35694116060381e-08,2.433721860484184e-07,1.55334604556856e-07,2.6627831175574105e-07,2.449111988767072e-07,6.335053768680154e-07,1.8293725148055274e-07,4.6800296331639424e-07,2.1293670471322912e-07,0.5822092741727829,1.0688116788060142e-06,3.287068164326002e-08,8.068183120713001e-07,0.24834031164646148,3.318688200693032e-07,0.10699322447180748,8.016954154754785e-07
priorregion3_spot_89,5.593312160101505e-08,0.1792318493127823,9.186685417716947e-07,7.310299565688183e-07,7.049291696148431e-07,5.0294818720431065e-06,1.044725385668244e-06,1.258522695479769e-06,7.928678542157286e-07,0.11487045660614967,0.7866221994161605,1.2820925519463344e-06,3.504183361258129e-08,2.9645038779335664e-07,1.3261771414363466e-06,5.21486651905434e-07,3.4546215914588175e-07,3.524827874912262e-07
priorregion3_spot_90,1.5014870697882545e-07,1.3174895530099207e-08,6.984719590263922e-07,3.4087184985764907e-07,5.944677866409621e-07,1.925431274685252e-06,1.037621689192747e-06,3.9248774044153837e-07,5.968503660369607e-06,0.1994408816099167,1.380040341615677,4.3320958553749733e-07,4.366112698050984e-08,4.0468199955512315e-07,1.9415339735928683e-07,1.6485042664271535e-07,1.1577086667102776e-07,1.864167920473392e-07
priorregion3_spot_91,8.770387047718487e-08,2.6408958042623e-08,6.906084331603779e-06,2.259326140574558e-06,5.0699622534011725e-06,1.9168093615462566e-06,2.1585943954960382e-06,0.13401584476232528,1.4326235486805672e-06,0.07616049461066722,0.5108864903450012,2.6997126724381816e-06,2.224313575425185e-05,1.3254184750621788e-06,0.15115472450852394,5.974132562869271e-07,0.04847972560673952,0.010694340895861387
priorregion3_spot_92,2.4069793340686375e-07,1.1360280218752906e-07,5.561911370932649e-06,1.1028041853933246e-05,1.0073526209453122e-05,0.04210269339382648,1.3284383157952108e-05,0.08618420362472534,4.251923000992974e-05,0.07193427719175816,1.2321645438671112,4.8787155947138675e-06,8.923357228241003e-07,2.714862694119802e-06,0.10658916011452675,1.4240956602407096e-06,4.6415560888135594e-07,9.848152785707498e-06
priorregion3_spot_93,9.176593493975816e-08,3.298458679523719e-08,2.1018889810875407e-06,3.56138801294037e-07,3.090109794356977e-06,6.031414045537531e-06,2.6726770556706474e-06,0.08785272724926471,0.01594480564817786,0.07672284469008446,0.45956929475069047,9.625277755276329e-07,7.620017825615832e-08,1.4535999162035297e-05,1.0019354590440344e-06,1.6435265536074438e-06,0.07898062616586685,6.165703041460802e-07
priorregion3_spot_94,2.974463688687479e-08,3.3040380542637148e-09,1.609951439718316e-07,2.052119398854302e-07,3.080260583487871e-07,8.057063126898356e-07,2.0385817620649504e-07,1.6789412953244213e-07,2.620657085117273e-07,0.14599265083670618,0.6168993473052979,2.5846350979463747e-07,2.6099767325149512e-08,0.018188422732055187,6.975348973981e-08,4.5405834754319595e-07,5.850447273303417e-08,1.1928187610976694e-07
priorregion3_spot_95,2.0534334126409705e-07,0.1471762999892235,3.6760186503670413e-07,2.6815121003664897e-07,5.568100107211648e-07,1.053090477398655e-06,7.482208303599692e-07,3.6010043089618195e-07,4.808149313362264e-07,6.817012859983151e-07,0.3147826537489891,7.924068853526479e-07,4.024913966560462e-08,5.021613475264531e-07,0.1229243054986,3.945331570776034e-07,0.041658272407948976,1.7727213105445115e-06
priorregion3_spot_96,1.9071916739221704e-07,9.242396536990327e-09,1.2867541840932972e-06,0.03304219208657741,7.705757843723406e-06,4.7685442768852224e-05,2.761536484285898e-06,9.673264344201017e-07,4.1014138105310856e-06,0.19718873873353004,0.6650638967752457,1.2752285829265019e-05,9.065972612631868e-08,1.972758786905615e-06,1.4497395966373007e-06,4.96416990358739e-07,8.324270268644796e-08,2.565571421655477e-05
priorregion3_spot_97,6.40575837707047e-08,1.9778370141665393e-08,3.5566074814141767e-07,4.0068489255418176e-07,2.325968573302362e-07,1.140018764544948e-06,2.7121106853655875e-07,2.5394363660780074e-07,1.5923973606390973e-07,1.564456113101187e-06,0.6523958623409272,3.238579878939163e-07,4.5085053201887606e-08,2.0477704651966633e-06,0.25958051830530166,0.024027645494788887,1.1613311734492983e-07,1.1625828619798995e-06
priorregion3_spot_98,3.7757964292950415e-07,0.3591845706105232,1.4891863713728525e-06,6.866194962640293e-05,5.2999859917690625e-06,2.8320799174252896e-06,9.24338232834998e-06,1.1733394740076622e-05,0.0001210401711432496,0.38856196999549864,0.7184344798326492,3.600077161536319e-05,0.0001294710600632243,3.1289789490074325e-06,0.1522338204085827,4.831398825899669e-07,1.8290485115812773e-06,1.194811216009839e-05
priorregion3_spot_99,1.7358910184839262e-07,8.583430535225034e-08,0.02153478180989623,1.7890235812956235e-05,6.796671482334205e-06,3.109773688265705e-05,2.3959485588420646e-06,0.18234405815601348,5.03250744259276e-06,0.18202713429927825,0.5637103855609894,4.589113427755365e-06,5.022246618580084e-08,1.3377260700053738e-06,0.007212038454599679,5.878229580957851e-06,8.521523859883473e-08,6.771626467525494e-05
priorregion3_spot_100,5.930164821421613e-08,6.780268648753918e-08,3.727824594079721e-06,9.772081739356508e-07,2.301958920725156e-06,2.293316777013388e-06,1.5572124368645745e-06,3.3135636044789866e-06,4.078294773535163e-06,0.161484931409359,1.7497026085853578,9.421855054370098e-07,1.9963788417953764e-07,1.140094354923349e-06,0.09154683984816075,7.387379355350277e-07,3.445251309130981e-07,2.072930976737553e-06
priorregion3_spot_101,5.085807799787289e-07,2.134234611261832e-08,1.6275723919534357e-05,9.190742548526033e-06,6.752704166501644e-06,1.2015838638035348e-05,2.1545401523326292e-06,0.08666710816323757,3.151796090605785e-06,0.09702446646988391,0.666846850514412,3.6374887258716625e-06,6.784362973633052e-08,7.660895590788642e-07,0.3339547961950302,1.0124653783805118e-06,1.3288407885170272e-07,2.6305500432499686e-05
priorregion3_spot_102,1.889414749101093e-08,3.1112067588878745e-08,1.8928250753447175e-07,1.4683194677900248e-07,2.276982577598119e-07,4.6625895748775293e-07,2.2781857325071542e-07,4.094207341154288e-07,4.5077128589809946e-07,0.1736448749899864,0.89807508289814,2.635411945561828e-07,2.8810668339929177e-08,4.954127717837764e-07,4.296447059459752e-07,2.3367220407521928e-07,0.07362907342612743,2.1716997366638678e-06
priorregion3_spot_103,1.7180272848804635e-08,3.320322516930929e-09,2.71223644432439e-08,2.597855566222052e-08,4.1993099308967886e-08,5.25011035534817e-08,6.121474882547774e-08,5.339617459299007e-08,2.0578318693509347e-08,2.42662679283967e-07,0.5449292927980424,4.770134847120744e-08,7.609138030773011e-09,5.66596277451481e-08,0.1071709431707859,7.238598378478401e-08,2.6588177082231824e-08,0.003996712155640125
priorregion3_spot_104,2.997916395131029e-08,1.2601802756861958e-08,3.1303310379371394e-07,2.767513493040497e-07,3.5267011782025294e-07,9.887234114103196e-07,3.5286961548308686e-07,4.7678142749418846e-07,3.4920817455486035e-07,0.3373023435473442,0.6385873734951019,4.079068602891312e-07,4.422861238140286e-07,1.3277361631480745e-06,2.5300356867319354e-07,1.2702026239708175e-07,6.44649883696502e-08,7.318310402126826e-08
priorregion3_spot_105,1.0379242176838944e-07,3.425607815188414e-08,1.1124519051008973e-05,2.139678974799608e-06,3.954969160986366e-05,1.4078256026550663e-05,4.342922238720348e-06,0.21200545728206632,0.004802437778562307,0.607089278101921,0.5070280700922012,3.3830244888122253e-06,2.9170218329710456e-08,2.5546695383127374e-06,2.5360302242916083e-05,1.841399074464789e-06,1.2739036350239986e-07,7.991506136022508e-05
priorregion3_spot_106,5.575339434571447e-09,1.6115616308098878e-08,1.1168685487561448e-08,8.828390951620691e-09,5.500671873548413e-09,2.6015491982889216e-08,1.1534794541745441e-08,1.649097471911887e-08,3.993188424367134e-09,1.0501119929173798e-08,1.2440520346164705,6.667066876353546e-09,1.208866531321462e-08,5.760186594372385e-09,6.807340113823557e-09,2.0545165901886265e-09,0.25349643230438235,7.075041263959748e-09
priorregion3_spot_107,4.998579424864147e-06,0.4813417434692383,3.1118102050697874e-08,2.7284808012950638e-08,4.0194525041670204e-08,3.070188920872852e-08,2.7567708471565313e-08,3.28960807038925e-08,2.177858240415276e-08,3.377506434532052e-08,1.0843137443065645,2.9356435859995143e-08,2.967569354694888e-08,2.1014980688960354e-08,1.180649352505725e-07,3.399285031235877e-08,7.669419346711948e-07,0.00015988620871212333
priorregion3_spot_108,1.4220374078277588e-08,8.355074543331398e-09,2.1803712701995438e-08,2.116688744280282e-08,2.8012818731326667e-08,5.675332399590616e-08,3.0459198541166185e-08,6.663579910082262e-08,1.6893512810867154e-08,1.6654200152288466e-08,1.0777057826519012,1.5911509843036245e-08,4.500287409392456e-09,1.066475343591833e-08,1.4663649894330889e-08,1.165110132816949e-08,1.9520431226993653e-08,1.552018762396301e-08
priorregion3_spot_109,9.19758855744135e-09,0.1675231322646141,2.273230503835322e-09,3.4336821275182673e-09,2.690725031673225e-09,5.1899184505543865e-09,1.8120422828893368e-09,3.3423391498921265e-09,6.714564770859967e-09,3.5547825572024295e-09,0.5042339265346527,4.389721608433206e-09,5.053345519812069e-09,3.039727514142499e-09,1.882895084293068e-09,1.642541408442e-09,2.7301494043285865e-08,8.838228399143943e-10
priorregion3_spot_110,4.3620512002462425e-08,8.238880999655862e-09,7.53944095777115e-07,1.3144910369078388e-07,3.256776707871723e-07,1.1665468434784999e-06,4.3965360845277247e-07,1.0871524011690783e-06,3.844648176709597e-07,4.688169042310619e-06,0.5054946213960647,4.0788290220916686e-07,3.7401464858533015e-08,0.0014189822657499462,0.5370683640241622,1.018776367800456e-06,6.750966079493993e-08,4.78436092521406e-07
priorregion3_spot_111,1.0306849205221625e-07,6.989958869496606e-08,8.361910386156523e-06,0.003170732769649476,3.3738939350769213e-06,1.1996301145700274e-05,2.1691466372431023e-05,1.6863226676377966e-06,0.0001333731306658592,0.2613222420215607,0.7317813813686371,7.044254471111344e-06,1.8848740594989975e-07,6.370228078367291e-07,0.00033121136511908843,8.355946619076349e-07,0.05215588994324207,0.022748394403606653
priorregion3_spot_112,1.015423181094377e-08,5.0664925366206145e-09,1.2441059293877288e-08,1.3321349801032058e-08,9.829001523797843e-09,4.2713396375404506e-08,1.6415932346802722e-08,2.367621911858464e-08,1.0102771419440163e-08,3.9711751043114416e-08,1.2772991001605989,7.321452777375727e-09,1.3461700655170717e-05,4.701016393937607e-08,1.2643720337379705e-08,1.0531754446319043e-08,9.106851877049848e-08,1.9857270228129664e-08
priorregion3_spot_113,8.944076697048333e-08,3.34263097201415e-08,2.7792932201009534e-06,1.723545165077667e-06,1.6870217791620234e-06,6.021549233992119e-06,9.501693881475149e-07,9.67277433119307e-06,1.3934273567883793e-06,0.23234990611672401,0.9082602977752686,1.2627695411993047e-06,2.772634559278231e-07,1.1747225562430685e-05,0.13630807846784593,3.6591018556464406e-06,1.8174615874499976e-07,1.2454580837584216e-05
priorregion3_spot_114,1.0116611299793022e-07,3.92345091970725e-09,3.609241446156375e-07,3.42064416258836e-07,1.4456374728410994e-07,2.5824895374171323e-06,4.4298785155660887e-07,2.5245940520335354e-07,4.241390314518867e-07,0.17656491473317146,0.17845073640346526,4.9145065759148565e-06,1.5262084840372838e-08,8.96000660759455e-06,0.18903768062591553,6.220394936917729e-07,1.6592510831969778e-08,2.2164620759212996e-06
priorregion3_spot_115,4.778338280608807e-09,0.5543818563222885,4.136688840361558e-08,6.737313817950508e-08,6.317004377365266e-08,4.038154433061437e-08,1.848254536085392e-08,6.983873603871871e-08,5.4195272092272266e-08,3.094830329786191e-08,0.8353145331144333,7.216206796556434e-08,0.0003624149816459976,3.0103065018494136e-08,1.7113715671257524e-07,3.2005346994878894e-08,5.258144639697094e-08,1.1342439165673568e-06
priorregion3_spot_116,5.64981858630631e-08,2.9556625857907197e-08,1.4473855685537273e-06,3.6675224350801734e-07,1.689072320232299e-06,2.7784050757873047e-06,6.298103841118064e-07,1.0501040947019647e-06,2.0981268517061834e-05,7.205290330603021e-07,0.9875786125659942,1.2101317850010673e-06,4.415034275950804e-08,1.2110233683415571e-06,0.3434415400028229,5.987418335280381e-05,1.2187589319978543e-07,2.771874591189772e-07
priorregion3_spot_117,4.512265827649744e-09,0.37091266512870785,6.599063051559996e-09,8.577227594841474e-09,7.965939019527468e-09,1.0068814670916028e-08,1.1449680981101551e-08,1.2133551230419928e-08,1.1419879530905064e-08,5.5910321039576156e-09,1.1300213694572447,1.0177102360842129e-08,1.72609001758417e-08,7.417497949191443e-09,1.0415488960191514e-08,8.838992160420388e-09,5.833342164862643e-08,1.1958368872910798e-08
priorregion3_spot_118,7.100792878134143e-08,0.19278915002942085,1.0992251759489593e-06,6.756455775303039e-07,9.815747773700424e-07,2.5301836558355718e-06,3.2357151127371256e-07,3.314792124342603e-07,1.0385537052570726e-06,0.08628771640360355,0.21154074817895888,1.6018598898881468e-06,1.3375802465631638e-08,1.3207470033194113e-06,0.10369657650589943,5.829201285223462e-07,3.253503901845534e-08,1.4234704792670527e-06
priorregion3_spot_119,6.224357207429421e-08,4.6639073936205484e-08,1.2728155570584932e-05,8.118916093735607e-06,2.6520445317146367e-06,5.84446968332486e-06,3.4472598485990603e-06,0.07134606279432773,5.385431427384902e-06,0.30005051344633105,0.6345518052577972,1.3396342637861382e-06,9.484192524666926e-08,6.085274867473345e-06,0.09664983078837394,1.222154628521821e-06,0.06569868214428425,2.6001824335253335e-05
priorregion3_spot_120,9.880285709584769e-08,2.5124102354112665e-08,1.696040277465727e-06,5.231524880855432e-07,2.6997259169547765e-06,2.597450895791553e-06,6.180394916555088e-06,2.7657110308609845e-06,0.0005885977036086842,0.2866089716553688,0.8985430747270584,6.15715639469272e-06,9.610673927795687e-08,3.6848752529294875e-06,0.04110263250768185,1.3249638584511558e-06,3.167501708958298e-05,7.795627084306034e-07
priorregion3_spot_121,8.489614060636086e-08,0.14605823308229446,5.409431963698808e-07,4.962060003776969e-07,1.7436376111845676e-07,3.408662465176349e-07,2.619089499944494e-07,6.217452522605527e-07,3.064847817313421e-07,0.09222028031945229,0.36982583403587344,2.685824284753836e-07,1.4432648942630523e-08,2.148634428067453e-06,1.4419947049759685e-07,4.779618848260725e-07,3.7636255711959176e-07,2.0410011813964957e-07
priorregion3_spot_122,8.435954264029988e-08,2.2293724200039835e-07,3.3326578403602984e-07,7.853086714249003e-07,1.2327892704888654e-06,2.072139750453062e-06,7.39356855206097e-07,8.70025039034772e-07,1.326159105019542e-06,1.408879830933074e-06,0.7624811112880706,1.1929655329367962e-06,4.419057386684244e-08,3.062439350287605e-06,0.4302168533205986,6.486480060630129e-07,1.1216861139473622e-06,1.822745304025375e-06
priorregion3_spot_123,4.495915995050837e-09,6.073873559664378e-09,7.087353792734063e-09,1.5115987928027155e-08,1.3721273095512744e-08,1.2893764500532258e-08,1.4473387421887198e-08,1.3673922083512481e-08,1.0084860191383882e-08,1.8275710900184097e-08,2.018625688552856,9.082837015839118e-09,3.060931117460086e-08,8.073122703677882e-09,1.5766612815326658e-08,5.8685589721108045e-09,7.212098509512545e-08,1.959827047315344e-08
priorregion3_spot_124,4.486846858497984e-08,0.012654148461297155,2.1728897365846932e-07,5.146928909738336e-08,1.9002347642071982e-07,5.332499995347462e-07,7.67317999361694e-08,2.3834478781736835e-07,1.5794713135619533e-06,0.00012142017658334227,0.5789184004068374,4.808071636830392e-07,1.3682030086670239e-08,4.3786832065961794e-06,0.09443046562373637,2.077955896311323e-05,1.0951264393099792e-07,3.1062061793818425e-07
priorregion3_spot_125,3.292657723363846e-07,6.3073378964162425e-09,2.851738281606231e-06,4.570251377344903e-07,4.4320982226508934e-07,8.497338825463885e-07,4.199045122277312e-07,6.475185159615649e-07,6.687051325116045e-07,0.15164740607142446,0.17779708430171012,1.2241823526437658e-06,2.587028067324582e-08,1.0186255622102182e-06,0.3128826960921287,5.229425994457415e-07,3.1413392242996e-08,0.010672636423259973
priorregion3_spot_126,7.425794663618035e-08,4.572589169526964e-08,2.304869713043445e-06,0.006361916079185903,7.675293909414905e-06,2.7814660597869078e-06,3.925270118543268e-06,0.1221787728369236,2.403906046311022e-06,1.2971998160082876e-06,1.2079843640327452,2.8049574666511035e-06,1.0793075659876196e-07,9.383522211692252e-07,0.2662649318575859,1.1289063593267203e-06,3.741422844427689e-07,2.841937407538353e-06
priorregion3_spot_127,1.8142353575001382e-08,1.499641810731589e-08,6.220578427473811e-07,1.0689361545246358e-06,4.483619392203765e-07,7.845677686191266e-07,2.9423165983644143e-07,5.491425554282614e-07,2.999677604975659e-07,8.325605364234435e-07,0.5047067046165467,1.0430082568291255e-06,5.7334112391060896e-08,6.077020088923746e-07,0.3085646420717239,9.167616326521966e-07,0.06801801174879074,9.63160741775937e-06
priorregion3_spot_128,5.620535745265443e-07,1.0437345876468386e-08,1.3356424824451097e-05,9.345986967446152e-07,5.3143074865147355e-06,4.5415073873300575e-05,1.2206707287987228e-05,0.22250826954841613,1.4041137819731376e-05,0.3030085310339928,0.37390419840812683,1.4883048561387114e-05,4.409354673384769e-07,0.003878716693725437,1.140394698495584e-06,2.018431098349538e-06,1.8879784988712345e-06,2.1854741092397492e-07
priorregion3_spot_129,4.961694664018525e-08,5.001468093013273e-08,7.153318193786618e-07,5.079020706943993e-06,3.2838080556985003e-07,4.420180900410742e-07,6.553717781798696e-07,4.839682020474356e-07,2.5351546923957357e-07,1.0777714976484278e-06,1.4335637509822847,1.0407839113213413e-06,1.4127497465210582e-07,2.523432897305611e-07,0.41626777648925783,3.487766846888008e-07,2.386129168030493e-07,0.03729958329349756
priorregion3_spot_130,1.0709934414876445e-07,0.18840438276529312,3.6544061998711186e-07,1.9194369897945763e-07,9.564535758954662e-08,1.8571137445633214e-06,3.104542329879223e-07,2.2106275849864686e-07,2.1019985254611135e-07,5.066026801614498e-07,0.7958621859550477,9.58758079150357e-07,1.7042608391193428e-07,3.943349511814632e-07,0.2378767006099224,3.105264823943799e-07,4.203424452953186e-07,5.960506655355857e-07
priorregion3_spot_131,5.315973908182059e-07,4.373160186332825e-06,2.864011203200789e-05,0.14240413755178452,9.299678640672938e-06,7.124427497728902e-06,1.2459118761398716e-05,0.4020375102758407,3.7929860991425815e-05,0.28272996097803116,0.36444651186466215,1.85033297384507e-05,3.346224801248354e-07,1.0459924396855058e-05,0.002795267035253346,1.1289480562481915e-05,4.225737711749389e-06,7.527071738877566e-06
priorregion3_spot_132,2.695435261657053e-08,1.5731641322958012e-08,5.826489761773246e-08,6.583294229756121e-08,6.607900395749767e-08,1.1320724411234551e-07,7.683958926918422e-08,3.767649356944958e-08,7.890939706101109e-08,5.554240146921074e-07,0.6090217679738998,1.223522289706125e-07,5.8452258855368204e-08,9.063549448740104e-08,0.2540538445115089,5.299375214207203e-08,2.1536942007571728e-08,4.912206293283817e-07
priorregion3_spot_133,1.137115777538611e-07,1.8832650194866575e-08,2.6550253005552803e-05,2.8109987670177365e-05,1.0705265003707609e-05,1.2590163851200487e-05,1.7891868253627765e-06,0.33033567816019055,1.503455541751464e-06,0.09870400577783585,0.7043245077133178,3.96860191358428e-06,5.053419176448415e-08,4.410927161302425e-07,1.4914499615770183e-05,2.571448987964686e-07,9.127378710616088e-08,0.03641606811434031
priorregion3_spot_134,6.138673409594731e-08,0.5671672016382218,5.86993332944985e-06,7.872785374729576e-07,4.3851094687852315e-06,8.115801711028325e-06,5.372316954890267e-05,0.27936574518680574,2.005737551371567e-05,0.15731982365250588,0.3417902529239655,3.838845759673859e-06,1.3472365694155998e-07,1.8867071412387303e-05,6.319355122741401e-07,1.4350102219395922e-06,1.4276031095050713e-07,2.236993999815696e-07
priorregion3_spot_135,2.096866040801615e-07,0.20304513052105902,2.169274841890001e-06,6.108199750087806e-06,0.03355751428753137,1.8869834150336829e-06,0.01524433852173388,0.031629934906959534,4.193141350583573e-07,5.648049921092025e-07,0.7348646253347397,3.613186186157691e-06,1.160466190697207e-07,1.5928422328670423e-06,2.786381287478435e-07,3.5167277587788706e-07,6.35588799013931e-07,1.560824806290384e-07
priorregion3_spot_136,6.75072711064928e-09,2.718601943563215e-09,2.7467403129755042e-09,2.966575862739518e-09,3.1400414379767485e-09,4.312262036343384e-09,2.500258811100054e-09,1.6624825127653513e-09,5.006513559280279e-09,4.617953375252171e-09,0.9629538059234619,4.304770029328609e-09,2.248543062854935e-09,4.375532536293748e-09,1.8588732164648293e-09,2.940938181872355e-09,6.7269850800855124e-09,3.476365606491783e-09
priorregion3_spot_137,4.542469334012367e-08,3.106789723261727e-08,3.4930881838590723e-06,2.292827161909372e-06,1.4661011505268106e-06,3.926027466150117e-06,7.621365199383944e-07,1.304258819345705e-06,4.277874751323907e-07,0.19052227064967156,0.4085459753870964,1.136872486995344e-06,4.786511045296039e-08,6.283735871193131e-07,0.8146782279014587,7.980619642466991e-07,5.5860791547956985e-08,2.703068935261399e-06
priorregion3_spot_138,1.0377848518317023e-07,1.4690767580205488e-08,9.030887804328814e-06,1.8432034812576604e-05,2.6878693915932675e-06,1.810283247323241e-05,8.267040675491443e-06,5.249869082035729e-06,2.7209161544305973e-06,0.16640634313225747,0.9039689600467682,8.001395735846018e-06,7.221986457750519e-08,5.41953519928029e-07,3.078800261846482e-07,4.1781892292647175e-07,1.1404023716465874e-07,4.3423406310694195e-07
priorregion3_spot_139,2.0115022891786793e-07,0.2896942362189293,0.029242275562137366,3.456897570686124e-06,2.26308596893432e-06,7.152441276048194e-06,2.548525390011491e-06,1.2452284579467232e-06,1.6222756698880404e-06,0.0702241573482752,0.517352956533432,1.8567228107713166e-05,9.105900147687862e-07,5.510906021299889e-07,0.26787098199129106,9.84920419000446e-07,0.00022467463059001603,0.019641549512743953
priorregion3_spot_140,3.457053949773581e-08,2.6273573183743794e-08,5.875202373317734e-06,5.664665741278441e-06,1.2288602704302323e-06,1.111687407728823e-06,1.7936148140051955e-06,0.37774303704500195,4.253008142995896e-07,1.9295551325626548e-07,0.568548822402954,4.799779205200139e-07,1.28310353453287e-08,2.0193999219486614e-07,1.0867554607330023e-07,5.177377300213948e-08,1.378338211566188e-07,6.401113203935439e-08
priorregion3_spot_141,1.2527297776898651e-08,0.6139659821987152,4.068040704297006e-09,9.188304872509434e-09,7.789941802727185e-09,1.1545357070374961e-08,1.530829081275442e-08,9.504360676260149e-09,8.634293235942892e-09,8.94310177024238e-09,0.8026804208755494,9.51105181279388e-09,3.9141063057357435e-09,4.891586402600012e-09,6.480214587156752e-09,6.480471270720047e-09,8.089215128848083e-08,7.7217633176474e-09
priorregion3_spot_142,1.1129498247441918e-07,0.2742460623383522,1.4812899053140428e-06,2.255863739719643e-06,5.47078936961043e-06,1.17358959869307e-05,9.609308744984445e-06,8.451900725958694e-07,7.469555612260592e-06,0.24931653887033464,0.45922600477933884,2.181622739954037e-05,5.607951578667781e-08,0.00011151299659104553,1.3317021441139332e-07,3.598546300054295e-06,5.9086760728632724e-08,2.67427762423722e-07
priorregion3_spot_143,4.0024010594663654e-08,1.1358472606914916e-08,2.4863106432349013e-06,1.788899626262719e-05,1.5012547976311907e-06,4.098130588658933e-07,2.0533843894554595e-06,0.49599305987358094,3.6219551731164755e-07,5.499996333924173e-08,0.9589827328920365,6.065993630954837e-07,2.2891175976980092e-08,1.1323162389942355e-07,6.25709699164645e-08,6.5984941599595e-08,7.169710087850945e-08,8.598243361745975e-08
priorregion3_spot_144,6.506126720706719e-10,1.558118978284284e-09,2.989651470830524e-09,4.8211805658837656e-09,5.491154420056432e-09,5.85962383059524e-09,4.01394264493149e-09,2.288357481283754e-09,1.3195231352014505e-09,1.723452364155165e-09,1.2445468664169312,1.7712129152247516e-09,8.411791050377816e-08,7.802683299473756e-09,9.962817593134332e-09,1.846494218638029e-09,1.1470967153925929e-08,3.5974561440887954e-09
priorregion3_spot_145,1.540209247252733e-07,1.5281455034710235e-08,1.1329594471476413e-07,1.772077034445374e-07,1.620825869963483e-07,2.101382740704594e-07,7.233024597042005e-08,1.3399400700109257e-07,6.59187527674021e-08,1.9209717478929635e-07,0.8233627080917358,3.8730553484356286e-07,4.580712218427152e-08,2.484730941887392e-07,0.1116187710314989,9.63133565790031e-08,1.657830281942552e-07,6.018779572514177e-07
priorregion3_spot_146,9.015849622429075e-09,0.07309616655111313,1.2160803697369715e-08,1.1238334396423968e-08,8.516174121453446e-09,1.191552438939425e-08,8.324114686431018e-09,1.0938849781538807e-08,9.39866091620445e-09,5.668454639007337e-09,0.8577810317277909,6.636461868936295e-09,5.0342354995791536e-08,7.355044551182743e-09,6.7945042481198935e-09,3.2961796070374305e-09,4.1556707053302945e-08,8.386888561418003e-09
priorregion3_spot_147,3.4558857442412716e-09,8.207958268613425e-09,3.6132465131011316e-09,1.1787163778365085e-08,4.9878866370534075e-09,1.0476364797895599e-08,1.1338993655130027e-08,5.639009548197294e-09,4.492760230512261e-09,4.236934758594657e-09,1.6136712789535523,2.6885136117371645e-09,4.106623885391515e-09,3.1773345843255644e-09,9.525628907880447e-09,2.3339258192756065e-09,1.9658320571380728e-08,5.755389276274059e-09
priorregion3_spot_148,2.5007968584844777e-09,1.9397382977626167e-09,2.276439781123685e-09,8.7736519382986e-09,8.567064702091899e-09,1.1995885307314327e-08,1.2689119399666994e-08,5.550924542241375e-09,3.269213477707922e-09,4.497117300772402e-09,1.3258749186992644,2.9188001238189543e-09,1.553544071164481e-09,5.90709015035884e-09,8.643481130832242e-09,1.4116491475757443e-09,4.955245636040219e-08,5.849925654999311e-09
priorregion3_spot_149,4.4652688124813265e-08,0.12249208837747574,1.3423984555061e-07,1.175863179270209e-07,7.993926196547819e-08,8.76530823035182e-08,3.800371661810687e-08,1.5873970369284506e-07,9.718750817455657e-08,3.369122978824635e-07,0.816943234205246,2.415337760908188e-07,9.471107098590892e-08,1.217454517643546e-07,0.33796484023332596,8.886073636915625e-08,3.2825465297037225e-07,0.017901069112122057
priorregion3_spot_150,2.1414951376641513e-07,0.2635212644934654,6.722785656165798e-07,1.9150847435867036e-06,5.631792987514928e-07,1.548916031879344e-06,1.5625996240942186e-06,5.095894039186533e-07,1.0310001414381987e-06,0.1365325979888439,0.6536084294319153,0.0027530216844752434,7.324474552206084e-07,8.795312083975658e-07,2.09891174307586e-07,5.429196789918933e-07,1.550520138948741e-07,2.0806588594268762e-07
priorregion3_spot_151,6.984855964731196e-08,3.428407495675856e-08,7.537277474511939e-06,1.3333119022718165e-05,0.0032956646755337715,8.612952588009648e-05,3.936268899451534e-06,7.393468740701792e-06,4.79151490253571e-06,0.26592421531677246,0.7603948146104813,3.0333413974403813e-06,1.7022193574689484e-07,2.7327213501848746e-05,0.15031373277306556,3.2459765975545457e-06,2.23521988829134e-07,2.2671758756587226e-06
priorregion3_spot_152,1.4662614233884597e-08,2.7345780484466792e-08,1.6356847254428433e-06,1.5142312747684628e-06,3.9801172533771025e-06,1.3306959147030283e-06,9.72805514720676e-06,0.3445124864578247,1.0120275192093687e-06,1.4014761973157874e-07,1.2648374259471893,8.131339797046166e-07,7.814597751121256e-08,6.83837978954216e-07,7.673488759962767e-08,1.5343265715728194e-07,1.2301150036364562e-07,1.4052465289182694e-07
priorregion3_spot_153,4.994556128679051e-08,0.04053978640586138,3.3792870226534436e-07,8.334031775802942e-07,6.231729486216864e-07,1.8983855397891605e-06,5.439026551812277e-07,6.201293643925965e-07,4.413599100416832e-07,0.3088631168007851,0.6760758012533188,8.837810128170532e-07,8.817421566220674e-08,1.034479491863749e-05,0.2526418253779411,1.4590757871246755e-06,2.9868902231555697e-07,2.427234915103327e-06
priorregion3_spot_154,7.053343935581324e-08,4.292954720597209e-08,2.69106485006887e-07,3.4492597791313526e-07,1.2895278231894738e-07,3.3722875230068895e-07,2.454958561770582e-07,2.8981564383911976e-07,3.2992313947488583e-07,0.042646282166242604,0.5024109601974488,6.003715867564097e-07,4.2719800497081904e-08,2.98258227360293e-07,0.008872878924012183,2.838993921727706e-07,0.0341322660446167,2.4225023707913355e-06
priorregion3_spot_155,4.232740913323596e-08,5.146209081097197e-09,2.568492041277182e-09,8.341790680432836e-09,4.514100382380094e-09,9.45061269241876e-09,4.536165154611638e-09,3.2301132990575356e-09,2.9440107240930046e-09,3.40610335491931e-09,1.5557617008686064,5.4620392209159265e-09,5.30955135413791e-09,3.35214975777376e-09,6.781538308686664e-09,2.760628758924356e-09,1.582297697311219e-08,5.1600293149434154e-09
priorregion3_spot_156,1.494103095467381e-07,0.3380207851529121,5.373552284027028e-07,3.567674198734494e-07,7.120788950487622e-07,1.6158250218722968e-06,1.1915658944872122e-06,1.0125398716809287e-06,1.1677635086471127e-06,4.092207927897107e-06,0.6063350021839142,3.4835411611311426e-06,5.61144700483851e-08,3.0049995302761097e-06,0.06985542252659799,0.11437267996370792,1.828070011811178e-07,7.584853847220075e-06
priorregion3_spot_157,7.699143544925846e-08,4.026604312201699e-08,3.611435360539872e-07,7.111038286211624e-07,5.194571201627696e-07,5.831982349491228e-07,7.20377047969123e-07,1.5338216712734722e-06,2.363223302381812e-06,5.709627339456347e-06,1.4306774616241456,2.7847490429167016e-07,1.6095671799121196e-05,2.4551265909167347e-07,0.304121133685112,1.3695743064090494e-07,2.4525283919274444e-07,0.04286134708672762
priorregion3_spot_158,5.17247935150067e-08,0.030451256316155195,2.303258600022673e-06,0.02832198292016983,6.457201675402757e-06,3.2314306736225267e-06,2.421400631646975e-05,0.2261711247265339,8.122146169853295e-07,1.147130308964961e-07,0.47835867702960966,5.815863478346728e-05,1.3542439418756656e-07,5.738289104328943e-07,1.5834779532042376e-07,1.876978778625471e-07,3.6819559568357365e-06,3.305148908339107e-07
priorregion3_spot_159,1.0481725318811642e-07,8.410989016383043e-09,1.5286902737443597e-06,1.3575958746514518e-06,9.546429765805443e-07,1.3279471829719115e-06,3.94037608657527e-06,8.321711993630742e-06,3.072562810757518e-06,0.39457139968872074,0.2907820552587509,3.429782634611911e-06,1.2243639204712054e-07,1.7346954336971978e-06,0.07121064998209475,1.1554102627542307e-06,8.415230666969365e-07,7.859946663302254e-07
priorregion3_spot_160,7.88028916787198e-08,0.07405950799584389,2.0488644807414859e-07,8.710312698667621e-07,7.925019588128635e-07,7.694682864212156e-07,2.9079170076329315e-07,6.942245505570099e-07,6.383607797033619e-07,0.11843701712787152,0.8071807950735093,4.650460439847848e-07,2.0391435171518426e-07,6.236968914663521e-07,0.09584161639213562,2.543564903589868e-07,2.129422114194313e-07,3.0835217188496247e-07
priorregion3_spot_161,4.634422112737014e-09,0.33471033424139024,6.0031206672306325e-09,4.3706065433468674e-09,5.405663472402011e-09,1.0516380344327559e-08,1.841766001930978e-08,9.232122222258e-09,2.853265301805408e-09,5.883365261638575e-09,0.8979604125022889,8.72073218083358e-09,7.899723186710616e-09,3.93529158149164e-09,6.8136925879258575e-09,2.4196930792363957e-09,2.148283613223612e-08,1.0839680264496112e-08
priorregion3_spot_162,7.268271708937848e-08,3.284756289190228e-08,0.000581570461508818,5.381700575526338e-05,2.337945693398069e-06,8.291037090657483e-07,9.171400506602368e-07,5.258056376078457e-06,1.1535617886693218e-06,0.3349796742200851,1.1068969011306762,1.0433276827370718e-06,1.8074264789902373e-05,2.8679966249001156e-06,1.0372254791946035e-06,3.2211950582450307e-07,3.7675945634418896e-07,0.00346715726191178
priorregion3_spot_163,2.0949401644543288e-07,7.038240781298555e-08,2.206529507020605e-05,0.014255854673683642,4.301175408727431e-06,1.1518279325173355e-05,4.734947864903916e-07,6.210932428984961e-06,7.764612377059166e-07,0.1235537901520729,0.7053323715925216,1.0592886724225538e-06,3.4129113046788e-08,9.557049367003856e-07,3.577217557904078e-06,1.1416744257530808e-06,0.06794685535132886,6.207395381352399e-06
priorregion3_spot_164,4.18048716710473e-07,6.924537956365383e-08,1.080753082760566e-06,4.3038632247771603e-05,3.1985209261620186e-06,6.60955215607828e-06,2.85144938970916e-05,0.4310157924890518,3.3663592944321863e-06,2.453461803497703e-07,0.66789690554142,3.4064756732732347e-06,7.367184989561792e-05,4.012744327042128e-07,2.682352700844604e-07,2.416986397690835e-07,5.034712103224593e-07,3.244837884608387e-07
priorregion3_spot_165,2.983081062168935e-08,0.5076672852039337,1.2374038149687294e-07,4.015023176151544e-08,2.0512627330049326e-08,1.8756203417069632e-07,5.7463728531104154e-08,8.605189059096574e-08,5.109548784076879e-08,1.2852954682784913e-07,1.0877462575109577e-08,5.18477301625353e-07,1.0912714376587475e-08,4.4665028298140896e-07,0.2574726477265358,1.6941152694016637e-07,1.3233819329272479e-08,0.03094778899103403
priorregion3_spot_166,2.0397364064450586e-08,1.9397977624180387e-08,7.24056980061505e-07,5.297615047084037e-07,4.898376602113785e-07,6.71813603503324e-07,2.981440559324255e-07,4.815906606836506e-07,3.451420312217124e-07,0.14783179834485055,0.6546740084886551,3.649919591452999e-07,3.1580770354366905e-07,3.223791452455771e-06,0.1564575470983982,9.697665348085139e-07,8.164206235505845e-08,1.9366725254599262e-07
priorregion3_spot_167,2.3125430637094268e-08,1.2886230393860387e-08,2.4976907155860315e-07,2.2040873517426008e-07,3.9100038264905377e-07,3.935129186061204e-07,8.477321131294958e-07,4.923527257005844e-07,2.6018301753083505e-07,0.1934549704194069,0.859426724910736,3.630889295891393e-07,3.0958476759934685e-08,1.9070050143454865e-07,0.20846056342124938,1.1769727699117994e-07,1.3048114908542632e-07,0.009514717850834131
priorregion3_spot_168,1.4662842247048506e-07,1.1451276549223626e-08,9.145966896539904e-06,0.012405585125088691,2.4084221763587266e-06,3.172099313815124e-05,5.707878040084325e-06,0.06716771200299262,1.0300511348759755e-06,0.0896807312965393,0.6786362171173096,8.906721495804959e-06,9.877474980157786e-08,4.818463094125036e-06,4.963433582361176e-07,5.883644547566292e-07,7.6126015002842e-08,3.8641756958668346e-07
priorregion3_spot_169,6.870604174480377e-08,0.08680564276874066,1.9248381590841745e-06,4.198982466618873e-07,8.593061778583434e-07,1.4733351690665586e-05,1.3580818915670534e-06,2.169532820062159e-06,2.00664660496841e-06,0.34211222976446154,0.5877280503511428,1.7382281384925591e-06,1.1524088030512302e-07,0.005035105301067233,2.5490828647889435e-07,3.7364093117275845e-07,1.8061528592738795e-07,1.3793863260502805e-07
priorregion3_spot_170,4.291368735920287e-08,0.15962384417653086,2.7685634790941547e-06,3.121880604339822e-06,8.022890233405634e-06,8.894712300389073e-06,6.561101008628611e-06,0.06450485698878765,0.015866371151059867,0.11450171396136284,0.8933204621076584,3.7431733517223624e-06,6.565504513389442e-08,6.124480762537133e-07,3.3633899221285906e-07,4.3412861998604064e-07,2.005856600817424e-07,2.4062251355871924e-07
priorregion3_spot_171,4.3972379160095443e-07,0.27324576675891876,3.771484458070518e-07,2.0494019636885244e-07,1.2953571300045043e-07,3.4439923695117615e-07,2.523639864193683e-07,3.607571898101014e-07,3.8533528652351383e-07,0.15041176974773407,0.6963704973459244,4.501095801856536e-07,9.144856392140356e-08,3.3985991990448382e-06,2.2195551494519352e-07,3.3114951065726926e-07,3.791845941236716e-07,3.691802319849558e-07
priorregion3_spot_172,1.0977891662378172e-08,3.170819979914086e-08,7.797412626686651e-09,1.4639121692638927e-08,1.2351193978688004e-08,9.222708818867889e-08,4.1593858490784895e-08,1.9831835995631764e-08,1.0478758039056403e-08,1.2781373071035773e-08,1.0346665740013123,2.8419713959948468e-08,1.6974374403844194e-07,1.0584700582683127e-08,1.4297708483823613e-08,2.1393259963531362e-08,0.03175848387181759,1.3601515247430033e-08
priorregion3_spot_173,8.626343230844215e-08,1.3928690600906182e-08,9.000614397791651e-07,1.4989451869951154e-06,3.772908860355529e-06,0.018693197797983886,2.2233451204556336e-06,2.129349184087914e-06,2.9578215526271377e-05,0.052928798273205756,0.7216640174388885,5.697700498785707e-06,4.451865134313948e-08,4.582091678457801e-05,0.12427513562142849,6.226866702263578e-07,1.5316983734692257e-07,0.019418158382177354
priorregion3_spot_174,6.664265477240862e-08,0.28701972514390944,2.2887048658049028e-06,0.0002312725890078582,4.5030303454041145e-06,5.280258187667642e-06,3.922394250821526e-06,0.17653074041008948,6.156761810416356e-06,3.3821953735468926e-07,1.097980511188507,1.4228633858692775e-06,1.47435449804334e-07,1.4478325965683326e-06,3.5385701693257946e-07,8.282911920787228e-07,9.168818536409163e-07,1.0507331865028393e-06
priorregion3_spot_175,1.1867109162011502e-08,6.389148854424324e-09,9.979109130142662e-08,7.031787916389477e-08,7.095258283129625e-08,1.9692315760266866e-07,4.53514442000369e-08,1.4117438951188888e-07,1.5836163456128815e-07,0.22278371155261995,0.5222440898418427,4.670669312645259e-07,1.687607875666686e-08,2.6711320799677196e-07,5.2801943972724534e-08,1.5600663658688063e-07,4.148406294035567e-08,3.818912279740516e-08
priorregion3_spot_176,9.948540018456242e-08,0.28604401051998135,6.5937472299992805e-06,2.9966869897180006e-05,6.477886427092017e-06,2.5859561719698832e-05,1.4159081331399648e-06,1.6882234831427922e-05,2.9384701633716757e-06,0.12831876203417777,0.45150573104619984,1.052457218975178e-05,1.7349067746863513e-07,1.2421534506756871e-06,2.2659179467154897e-05,2.206013061822887e-06,2.7430907181269507e-07,0.05498307459056378
priorregion3_spot_177,1.2779923430628061e-08,6.848810363280222e-09,1.608094999383525e-08,2.5787610979932655e-08,3.370081831377547e-08,4.723059880973324e-08,3.2303944053069246e-08,1.2111442293516464e-08,1.8601291351671992e-08,1.3422184785838455e-08,1.0691552996635438,1.5895329408266433e-08,7.2082306790122175e-09,3.501084915313868e-08,2.0637839170944974e-08,1.527157937886159e-08,0.08475610576570035,7.964553212502777e-08
priorregion3_spot_178,8.475213419956162e-09,0.015538898529484868,2.0637050823779647e-08,1.8489706476998436e-08,1.511254588137945e-08,2.705597363927837e-08,2.4417040389579376e-08,2.3364680323822997e-08,8.364440207131451e-09,1.1572831803974282e-08,1.123135221004486,1.8328763662367465e-08,1.6081869613771005e-08,2.187749643667303e-08,6.492812190117548e-08,2.9352645558589076e-08,5.419814158358349e-07,5.594375323880741e-07
priorregion3_spot_179,1.7072258362560434e-08,5.107800271630936e-09,4.391982622031777e-09,4.527558417066758e-09,3.323969433033369e-09,3.4093740830520857e-09,2.9518159139207973e-09,2.656307762638477e-09,1.7130113216801136e-09,2.0095636443784315e-07,1.0572137594223023,3.3223433670848127e-09,4.893077565348848e-09,7.3310530313008824e-09,7.3711033943268944e-09,5.155089399799806e-09,1.286299640135269e-08,1.761007366596346e-08
priorregion3_spot_180,1.299524363673754e-07,2.6419526655274692e-08,3.8813795413261695e-07,2.0891856564730915e-07,2.0063949861537368e-07,7.446774390018618e-07,4.004055938366946e-07,3.763835337622368e-07,2.9536242607264285e-07,0.06918798759579659,0.43252726197242736,4.022887850396728e-07,3.006268642025134e-07,7.148389795474941e-06,0.256741426885128,5.719641507084816e-07,0.08073781989514828,6.023220720408064e-07
priorregion3_spot_181,8.871595014170452e-09,0.3192017063498497,4.821091970086401e-09,6.163692045646487e-09,7.79876558887338e-09,4.828038724369321e-09,6.602564250890453e-09,3.688673233526175e-09,2.5093230382466915e-09,4.11220297813486e-09,0.9023076266050338,4.412981025048168e-09,6.557736309531493e-09,3.30253833169536e-09,1.657717634273581e-08,1.4444198115359797e-09,5.598717223165295e-08,1.0929608151855066e-08
priorregion3_spot_182,2.751508773712885e-07,1.4143503506147682e-07,6.137322020549619e-06,4.235460187373974e-06,1.1705461702149478e-05,8.900384682419826e-06,4.704052162196604e-06,0.16636564880609514,1.2118124004700805e-05,1.400167316205625e-05,0.8357592821121216,3.986831734437147e-06,3.060826784917481e-07,4.00069175157114e-06,0.21382645815610885,2.725967192418466e-06,0.12191972583532334,0.02613311493769288
priorregion3_spot_183,5.528102722252016e-08,0.34930934607982633,1.1166883894020433e-06,3.4687967627178294e-07,1.541820529382676e-06,1.3352700307223131e-06,1.8053892119951344e-06,0.001189761160640046,5.921558226873458e-06,0.20948506593704225,0.6271219581365585,7.712195298381631e-07,1.4493643529789326e-08,8.991071609898427e-07,0.0023119109333492815,8.706394481805546e-07,1.7513964820636834e-07,1.0736610988715257e-06
priorregion3_spot_184,5.523012269748052e-08,1.505692783787538e-08,1.2667250643971785e-07,4.940970924849354e-07,2.2396840435590092e-07,3.9923707504385677e-07,2.0186333742344688e-07,1.1320697375083457e-07,2.1876042453072846e-07,0.23424989357590675,0.19845222756266595,1.48088815308256e-06,1.9177612742282692e-08,2.2577106761900723e-07,1.6236552824011599e-06,2.8882578675393237e-07,0.047312171757221216,1.7785365230338358e-06
priorregion3_spot_185,1.7590087750818386e-07,1.6265814650751056e-08,0.01117978529073298,2.3650635398553275e-06,1.0404785143691698e-06,9.208702431351412e-06,1.3283167163535839e-06,0.20588974207639696,6.666731178484042e-06,0.5013059735298157,9.67653774885946e-09,3.250136046517582e-06,7.51864380532652e-08,1.1583055425035128e-06,0.1761229693889618,7.05218673147101e-07,1.240835800331297e-07,9.968276481231442e-06
priorregion3_spot_186,6.843640569798026e-08,2.9895136410829086e-08,2.4460540316795233e-06,0.07634552083909511,0.006651145243085921,4.358427213446703e-06,1.4544885152645292e-05,5.72216033560835e-06,1.3698446196031001e-06,0.595714071393013,0.6727452754974366,5.0816141992982015e-06,2.567183594592848e-08,4.374988520794432e-06,1.7130119090325024e-06,5.273959516216564e-07,7.396468895137787e-08,9.330483266012379e-07
priorregion3_spot_187,5.0506963766849826e-08,0.05066266003996134,1.2103524852591362e-06,3.8837709297467883e-07,1.0059981036647514e-06,1.825470762923942e-05,8.282147803129192e-07,1.520579905900377e-06,5.227561700849038e-07,0.06395233012735843,0.5795907765626908,1.038143830101035e-06,6.095253617388607e-08,4.736880164273317e-05,0.10849884636700152,6.280967369320934e-07,4.0299346579786285e-07,1.1435700344009093e-06
priorregion3_spot_188,8.77722289516214e-08,0.13691984489560127,1.3508347535662326e-06,1.0569813696292841e-06,1.1022928504189623e-06,5.6240631238324574e-06,3.0646191135019763e-06,0.10710992068052291,1.4113343297594839e-06,1.2537778104615427e-06,0.6605079144239426,1.7240749684788171e-06,1.2264038531384359e-07,1.064013360974059e-06,0.12555638328194618,1.2371637524211111e-06,2.9126983491778446e-07,0.004419700172729791
priorregion3_spot_189,9.866711465633672e-08,1.9674060958152497e-08,4.15330789564905e-06,7.766981724444122e-07,2.2093673919698633e-06,3.1285752470466835e-06,8.178245821000019e-07,3.639033150193427e-06,1.2239121929269459e-06,0.1988144278526306,0.8408483088016511,1.2900659498882305e-06,3.2929425941574665e-08,7.565063185666077e-07,0.0574288135394454,8.863004040904343e-07,1.936891649734207e-07,6.392338082150673e-06
priorregion3_spot_190,1.1974813141080178e-08,1.4552756244512468e-08,1.8056650663567098e-08,1.1155613321989223e-08,1.730958647527814e-08,2.259011235850039e-08,2.318913470134021e-08,1.2810679805852487e-08,6.600183621863209e-09,4.1369605980889905e-07,1.3267217576503754,6.818517572781957e-09,9.46369094201316e-09,1.2163446694302138e-08,2.659836653151615e-08,2.782793471212131e-08,0.01802916219457984,1.3663738140934356e-08
priorregion3_spot_191,1.7622494397073754e-07,0.054788129031658174,1.2546198695417844e-05,1.5745058647098632e-06,3.138269210012369e-06,1.0408033494968549e-05,2.453470801810909e-06,5.934109003646881e-06,1.2623700570202347e-06,0.14125455617904664,0.5343003541231156,1.9029429779493513e-06,1.7634178739456277e-08,6.740567937413289e-06,0.336543433368206,1.0394813216407784e-06,2.1525323319337987e-07,2.9239962714200377e-06
priorregion3_spot_192,8.588298250344906e-08,3.846046787714386e-08,3.0733251151104925e-06,2.0748037059092897e-06,5.6555994660811865e-06,4.375466733108624e-06,2.726544300912792e-06,0.17045192644000054,7.157484787967406e-06,0.10781540870666505,0.9189449489116669,8.066145210250398e-06,3.784824428976208e-07,3.790871483033698e-06,0.11179711110889912,8.862349972105221e-07,2.25376098939023e-07,1.965550927707227e-06
priorregion3_spot_193,3.566820865330556e-08,0.7008643090724945,7.962787321957876e-07,0.002760940056759864,4.6990302848826106e-08,3.5033821887964223e-07,2.3378026625664464e-07,3.352615777885149e-07,3.0655064620077615e-08,6.140919168728944e-08,0.470163331925869,1.381598352168112e-07,1.1275138112054607e-08,5.144107966259527e-08,3.749706749545113e-08,1.4922539790518388e-07,0.15351916402578353,7.372794357252134e-08
priorregion3_spot_194,4.8152231713061165e-08,2.1638180047744983e-08,2.509258263216907e-06,1.1900651861651569e-05,2.026790753006935e-06,2.4347060616491945e-06,5.9692425793400625e-06,0.2821485102176666,1.1444994811427025e-06,5.851623228636527e-07,1.089723825454712,1.4042288796645152e-06,4.16306200179406e-08,4.045903850169453e-07,1.4749271741720805e-07,1.5303893405871352e-07,1.0023700802719306e-07,1.5701135467338644e-07
priorregion4_spot_1,6.093511579763345e-08,1.0635843494810614e-08,0.4783184379339218,4.372384842099564e-06,1.070138914656127e-05,2.2951349546929122e-05,5.859559593091036e-07,1.71856149222549e-06,1.6434436645340613e-06,2.3029767248772262e-07,0.4225848361849785,4.1403685463592405e-05,2.18956408559734e-08,1.084223326870415e-05,2.108144308010651e-07,1.493528088758467e-06,1.8160005765821552e-07,2.0188547225075127e-07
priorregion4_spot_2,1.4402657058099067e-07,3.4527452363875e-08,0.009342106245458127,0.21983464881777764,1.7927545832208126e-05,1.4490854664472864e-05,5.214278407947859e-05,1.5976861232047667e-05,2.292377803314594e-06,2.1971188175484713e-06,0.1868708327412605,0.00013123264798196033,3.427601100725042e-08,0.42402124106884004,2.6565046482573964e-07,0.15803758800029755,1.1125020726865388e-07,2.886534716139977e-07
priorregion4_spot_3,5.342875454061869e-07,6.478973872958705e-08,5.1695040019694724e-05,1.2836774942570628e-06,5.4083463282950104e-06,0.9600243359804154,8.124661007968825e-06,0.027368271723389626,4.215294870846265e-06,1.3686630552456337e-06,0.6470091313123703,5.115012936585117e-06,1.487268420419241e-07,1.8863852631056943e-06,0.00011647497449303046,1.3169700366688632e-06,0.0625501312315464,0.00021224133015493863
priorregion4_spot_4,1.2116126022476691e-07,4.369037376328322e-09,0.2340071015059948,1.5282280355677357e-05,7.615151480422356e-06,0.3543656602501869,9.452436870560632e-06,1.1307677777949722e-05,4.326062935433583e-06,4.341005069363746e-06,1.9905701797995335e-08,6.599243497475983e-05,6.200673219325381e-08,0.2776658579707146,2.1397046765514462e-07,0.6033722519874574,1.572839227748091e-08,1.621723562550415e-07
priorregion4_spot_5,1.43911192651558e-07,4.587634574448885e-08,0.18430663570761682,1.1830918367650156e-06,3.979847383561719e-06,0.1092404179275036,1.75701118678262e-05,3.434154368733289e-05,0.17146200835704803,1.5649408055651295e-06,0.346858574450016,5.149327716935659e-06,9.3680810309138e-08,0.1012992363423109,3.5881002133919534e-07,0.18553850054740906,4.707320513830382e-07,2.7425410280557123e-07
priorregion4_spot_6,3.2695626686063404e-07,1.9627224379092924e-08,0.1851887732744217,3.6839809126831825e-06,2.4131853933795355e-05,0.6930222749710082,6.557753181368753e-06,0.07114237360656261,9.439258690235875e-07,1.330859772679105e-05,0.22205972149968148,4.343052523836377e-06,4.8372738820035015e-05,0.2199580617249012,4.789682421346699e-07,1.796027112277443e-06,5.434620788946631e-07,7.415073469019262e-07
priorregion4_spot_7,1.11200003161116e-07,6.7870309594653125e-09,0.33287683427333836,6.129502071416937e-06,5.618210093416565e-06,0.23442379757761955,4.628733881872904e-06,7.125216097847442e-06,0.2588589310646057,5.776143552793656e-06,1.7910710248258965e-08,3.2798700704006475e-05,1.91968788421093e-08,0.13015234991908073,1.208539805475084e-06,0.22651106268167495,2.2038000508928234e-07,6.229705206806101e-07
priorregion4_spot_8,2.947641874584406e-07,2.426146954448427e-08,0.00014216455747373402,0.00027167500666109846,0.00016812679459690116,0.4445804238319397,0.0002534582206862979,0.03519364427775145,5.824761615258467e-06,3.3745741916391125e-06,3.892063329402617e-08,0.0001421301523805596,2.4151736521815794e-08,0.13350094631314277,1.6011746936328564e-06,0.08549495413899422,0.4481418699026108,1.0536730997046106e-06
priorregion4_spot_9,1.0047967613502354e-07,1.056246441422104e-08,4.981654046787299e-06,0.04256401509046555,2.1684220882889352e-05,0.9928508549928665,5.607509069704974e-06,2.440529340219655e-06,0.03780668172985315,4.924676062501021e-07,4.286798560571015e-08,5.7603595087130096e-05,3.137629480676196e-08,4.566096276903409e-06,2.4227005397392536e-07,1.6720841642836603e-06,0.7537328481674195,1.2318743252137669e-07
priorregion4_spot_10,1.8391896148273192e-07,1.5887081250554048e-08,0.16080397069454194,3.6579056086338824e-06,4.941022143611918e-06,0.17790757939219476,1.2337235784798396e-05,3.450859421718633e-05,3.835065604107512e-06,5.843050303155906e-06,0.085240513458848,0.05597723238170147,3.7783575912442317e-08,2.0444703409339128e-06,1.2705828623893466e-06,0.3983704701066017,0.177516670525074,1.379143111535086e-06
priorregion4_spot_11,4.305035901097654e-08,9.911936960094181e-09,0.7384584188461304,1.5583182630507508e-05,8.625973168818746e-06,2.67816827772549e-06,8.799786485269578e-07,3.43069564223697e-06,2.188997086705058e-07,3.7920170257166326e-07,7.354850972696172e-09,2.1053386831226815e-06,6.619234338423041e-09,3.3681127774798375e-06,1.0927683646855257e-07,0.5102012932300567,1.2505365365456101e-08,6.154078597830903e-08
priorregion4_spot_12,6.424782661440531e-08,3.666783277012087e-09,0.6564208269119263,1.6886657988379742e-06,1.4050456798031519e-06,1.0849966702153325e-05,3.150854968225758e-06,3.8760633833589965e-05,1.270006328013551e-06,4.3759709598134585e-07,1.7929782014647346e-08,2.376752740929078e-06,1.8672641477479602e-08,4.152346468799805e-06,2.4325331082764023e-07,0.4011894270777702,4.598571209157854e-07,1.2135507851951393e-07
priorregion4_spot_13,5.828044351119388e-07,3.0447624936869034e-07,0.41659497022628783,1.1563017278604094e-05,6.037922321411316e-05,0.39102926254272463,4.459785650396952e-05,4.2448359090485615e-05,5.620846113743028e-05,3.036100940789766e-06,0.17759029492735862,5.037046812503831e-05,5.026355012205386e-08,0.1979156590998173,8.293531834624446e-07,5.629411111840456e-06,0.32568915784358976,5.690396221780247e-07
priorregion4_spot_14,5.803121609915252e-07,1.409713643596433e-08,0.09200097396969795,8.462728546874133e-05,2.2684542364004302e-05,0.1836810581386089,1.0671360678315978e-05,1.0304686793460861e-05,0.23335007727146148,1.014886555594785e-06,2.831269103609202e-08,8.779151794442442e-05,5.154926707717778e-08,0.3664389967918396,3.591019151372166e-07,0.08473313078284263,5.051247207177312e-08,2.0605550759000838e-07
priorregion4_spot_15,5.033305043866676e-08,2.9663355549658383e-09,6.033990899823039e-07,6.844598857469465e-07,1.914572533223691e-06,2.974261713006854e-06,8.494485001619978e-07,6.512198888231069e-05,5.582836735129604e-07,2.3979579736987946e-06,7.839669535769645e-09,4.360386355983793e-06,1.1413191280951196e-08,0.21836413145065306,1.6676634004397783e-05,0.9453005969524384,3.887444535166652e-07,1.5015929102446538e-05
priorregion4_spot_16,4.197489233774832e-05,1.3465437875836983e-08,0.24461250379681587,1.8998870700670523e-06,4.101219769836462e-06,0.4159950688481331,1.547331676192698e-05,4.663607887778198e-06,6.467614039138426e-05,8.889185380667185e-07,2.635301674658308e-08,2.718537334658322e-05,1.8647567401330888e-08,2.6294615395272563e-06,3.1071243569158467e-07,0.15136947855353355,1.681889763460731e-07,3.1070921266973535e-07
priorregion4_spot_17,2.410033914657106e-08,4.905727246651281e-09,0.7354197025299072,7.389979629124355e-07,6.946127825813165e-07,0.2647471994161606,1.0240524090932013e-06,0.0007808703987393528,3.7497838434319425e-07,1.2842522920664125e-07,5.910438094502979e-08,1.5321981379656792e-06,1.1334772542781479e-08,3.5530315756204805e-07,6.87888899619793e-08,3.716883114179837e-07,8.60682423109438e-09,2.9760540520840096e-08
priorregion4_spot_18,9.041503084006308e-08,1.3017036959439566e-08,0.5042226076126098,2.6907136088993865e-06,3.8683505636072375e-06,0.5157084554433823,1.6576622601860436e-05,2.0315778510848758e-05,3.4261258861079114e-06,1.665075404844174e-06,0.4656048849225044,4.582835799737951e-06,3.444660556795043e-08,3.7002119483986466e-06,2.0727983880419744e-07,0.08417367562651634,2.367744244224923e-07,3.3381331832060823e-07
priorregion4_spot_19,1.6490114717271354e-06,4.481141839818292e-08,0.30690786242485046,7.773633296892514e-06,5.859565203536477e-06,2.7283029430691387e-05,1.4827047323251463e-06,8.336236260220175e-06,0.248687943816185,1.2359162292341354e-05,2.3089007150645102e-08,0.00011180481778865215,7.103662528606947e-06,0.31885383129119876,2.0696067792869144e-07,0.5713189154863357,4.179070902665671e-08,2.3714478984970811e-07
priorregion4_spot_20,1.1732141125264663e-07,1.6663451773979433e-08,0.11053823083639144,0.11288126148283481,9.134225729212633e-06,0.2346225693821907,0.02389893913641572,1.2888240098618554e-05,2.323451769825624e-06,1.2947897857884525e-06,0.15889489129185677,5.390562250795483e-06,2.689533316058146e-08,0.2395986057817936,2.0287978657052012e-07,9.380681774473487e-07,9.720792206735496e-08,1.4033385795642064e-07
priorregion4_spot_21,8.840439171819981e-08,2.734219064493004e-08,0.3140033587813378,0.06919338442385196,2.455828589518205e-05,5.490413750521839e-05,7.999453782758791e-06,7.62940499043907e-06,0.1717196650803089,1.5294790273401305e-06,2.898548325802608e-08,1.0055540542452945e-05,5.951205395149373e-09,6.4333080899814375e-06,3.8131523467654914e-07,0.14191402420401575,2.7831604931805037e-08,1.2687662831467608e-07
priorregion4_spot_22,1.09033786799273e-07,1.2721261599679682e-08,8.02331840077386e-07,9.93627912748707e-07,4.265580457740726e-07,6.729362155510899e-07,4.4860802859147955e-07,3.477827320352845e-07,2.1369471170373802e-07,3.318987083389402e-07,0.07624302692711353,3.835669943441645e-07,1.9076150525876302e-08,0.1465079016983509,3.829846981773244e-08,2.144169215512193e-07,0.2558999821543694,4.324607338901388e-08
priorregion4_spot_23,1.0716242364594563e-07,3.7767193150628485e-09,0.18310408741235734,7.104347128006341e-06,3.343345497341943e-06,0.22573537826538087,2.5080263185373043e-06,1.0751917079687702e-05,4.492973425840319e-06,1.3890591333165505e-06,6.648704484746305e-08,1.1229529854972498e-05,2.3892150213811198e-08,0.000316222790570464,2.3525048220562897e-07,0.4621089354157448,9.906110731705553e-09,4.638797832967612e-07
priorregion4_spot_24,1.3981778863580984e-07,3.0720870847211765e-09,0.81341492831707,6.580292705393731e-07,6.744578331563389e-06,0.016637466568499806,2.945147446098417e-06,1.7054366435331757e-05,2.636277656620223e-06,5.237208392827597e-06,1.8923199274212266e-08,1.0288576731909417e-05,3.6294099572842244e-06,9.941164307747387e-06,5.955399359436342e-07,0.33872571885585784,1.0274238260166158e-08,1.1846418921379608e-07
priorregion4_spot_25,5.140614860010829e-07,6.336406133122807e-09,2.9433443273774174e-06,3.643086927240802e-06,4.877736500930042e-06,0.8364976316690446,5.957634562037129e-06,8.246744255302475e-06,5.631325416288746e-06,1.398015899667371e-06,0.2637534186244011,2.3390057890537723e-06,3.0138820950043064e-08,1.9941721461691485e-06,3.370722609474797e-07,0.3443069875240326,7.799936128094486e-08,1.964300075485426e-07
priorregion4_spot_26,8.03638805280116e-08,2.0539160949795134e-08,0.2414911985397339,2.6512486783758504e-06,6.180807099553931e-06,0.21247363239526748,8.055185526245625e-06,6.812376363996009e-06,1.8822307447408092e-05,7.128294782887679e-07,0.5378851890563965,6.952082685529604e-06,3.5739830117620385e-08,0.2628061592578888,3.0095315963762923e-07,0.28618984669446945,1.493954094655692e-07,3.311744379175252e-07
priorregion4_spot_27,1.2933976591966715e-07,2.3171869134586136e-08,0.6203117787837983,3.922199575754348e-05,9.254743454221171e-05,0.4589180618524551,8.712992439541267e-06,2.4456126084260177e-05,8.27886337901873e-06,2.294644446010352e-06,0.2962114214897156,1.072915283657494e-05,9.874149355937334e-08,0.04058049451559782,1.1160757992456639e-06,0.18484244272112849,1.594647557112694e-07,5.70611499028928e-07
priorregion4_spot_28,4.190960574135261e-08,1.2585707498402599e-08,2.0342378093118896e-06,9.58306832217204e-06,4.841487088924623e-06,0.6707410633563995,2.7499423958943224e-05,6.034832426848879e-06,1.391160645880518e-06,1.519106092473521e-07,0.6287616670131684,2.164013744732074e-06,5.213889355815127e-08,2.460860045516711e-07,3.2361336366193427e-07,1.448358460720556e-07,2.492285693378449e-08,8.78998250186669e-08
priorregion4_spot_29,2.6617257589123253e-07,2.836111496762328e-08,0.18313024044036866,1.233016346304794e-05,1.1608566046561463e-05,0.2550187483429909,0.00010711214818002191,3.650567377917469e-05,0.1832967109978199,0.002030940866097808,0.3677647039294243,6.805719531257638e-05,1.5791643122042844e-07,0.08540739007294178,1.786951867188691e-06,0.37056682258844376,4.0984498923535283e-07,3.5761900790021174e-06
priorregion4_spot_30,7.556379628681498e-08,1.1903901087073623e-09,5.717752446798841e-06,5.034504692957853e-06,9.35122083319584e-05,0.1343080669641495,1.8575925196273601e-06,1.5182837159954943e-05,0.9617455661296844,2.8546916013283414e-07,1.782079568357631e-08,1.1704325061145938e-06,5.428804650264851e-09,0.00123262595734559,6.315893514852178e-08,6.778089613135308e-07,6.934230789568119e-09,1.8772022158941585e-08
priorregion4_spot_31,2.533458200559835e-06,6.386528035307038e-08,0.278564915060997,0.027041744068264963,6.071207349123143e-06,0.22159151881933212,9.949239847628633e-06,5.412388964032289e-06,0.1830520235002041,3.331213875412686e-07,0.19141054525971413,5.526196764549241e-06,2.2994811601506627e-07,8.655171171767507e-07,1.6200048236214573e-07,6.57338833320864e-07,0.17763995602726934,2.3660741703679381e-07
priorregion4_spot_32,8.703923910502455e-08,5.9449360545471565e-09,0.25273878425359725,3.7382698451438055e-06,3.4894196915047363e-06,0.25931889861822127,1.2756159276250402e-05,6.401794007615536e-06,0.10014886371791364,7.112852767932054e-06,0.07954834029078484,7.411796195810894e-06,4.9986210903796294e-08,5.570262806031679e-06,1.828883711141316e-06,0.10970726720988751,7.597917210944162e-08,3.133895290829969e-07
priorregion4_spot_33,2.1016063485035376e-07,2.6908839600991996e-08,0.2677654907107353,3.96406241634395e-05,1.294561093345692e-05,0.13075257539749147,8.207892688005816e-06,7.738213048469333e-06,2.9492756311810813e-06,2.82268442788336e-06,0.20390005111694337,4.375155003799591e-05,2.2254859928239058e-07,0.4256102606654167,7.761034368058973e-07,0.023968461807817223,8.91049521669629e-06,5.524087924868581e-07
priorregion4_spot_34,1.9873867458386484e-07,1.8182181271697572e-08,0.3950489372015,6.12116023148701e-06,3.023379281330563e-06,0.5745682060718537,3.859843286591058e-06,7.743169408058748e-06,6.320853503893887e-06,6.023297828505747e-06,3.140708395577008e-08,1.656721260587801e-05,1.9546820517746254e-08,0.0954360693693161,4.853065405541203e-07,0.29168960452079773,2.7676390157438392e-08,2.220988207568553e-07
priorregion4_spot_35,7.000967556791695e-08,9.685318280716616e-09,0.6105441749095917,6.502504015770683e-06,0.04671194087713957,0.08749116212129593,2.7074795752923823e-06,4.572669167828281e-05,6.84066699250252e-06,4.686395797648402e-07,2.6312720002863443e-08,0.010753342462703586,1.8118540356226732e-05,4.078344204572204e-06,7.912661530440347e-08,1.541238970048653e-06,4.7035840111675504e-08,4.135303370844668e-08
priorregion4_spot_36,6.39925929135643e-08,1.617714202595266e-08,0.025795340817421675,2.399920936113631e-06,1.9001753571501469e-06,0.1404266968369484,1.92667465626073e-06,5.658457644130976e-06,1.2887353420865112e-06,7.160648664239488e-07,1.7738464741512417e-08,3.1241859005604057e-06,5.296145810795851e-09,0.15496105328202248,2.89824737365052e-07,0.6253801703453064,5.815977761614022e-08,3.438323219029371e-07
priorregion4_spot_37,7.627264949405799e-07,1.9927478245307386e-08,0.26032762974500656,7.3180209938072955e-06,2.9102916300871587e-06,3.2359176998397745e-06,7.448282048017064e-07,0.010416891518980266,1.0591502530132857e-06,3.0501123774229203e-06,0.1944365106523037,3.886488548232592e-06,6.253354634111474e-08,0.08556186519563198,2.3497798338212306e-06,0.16756912991404532,7.988782435575105e-08,1.046931708970078e-06
priorregion4_spot_38,9.622288281718738e-08,8.980107013556449e-09,7.539375619671774e-05,0.027582040801644326,8.765550592215732e-05,0.6976757436990738,8.189354184651166e-06,1.3375857270148117e-05,1.208138464789954e-05,2.7973645273959852e-06,2.2233219354461654e-08,0.007504217838868499,6.8343129600023654e-09,2.952729676053423e-06,1.9208547996640846e-06,0.4052500292658806,3.300997928334937e-08,1.610483039371502e-07
priorregion4_spot_39,2.1156718901238495e-07,3.281880633920765e-08,0.24114731699228287,0.06577262058854103,9.186541728922749e-06,0.3512348040938377,4.0461515709466767e-05,7.390986183963834e-06,3.6880682614537363e-06,1.0346161104735075e-06,0.18920777812600137,1.0741281676018843e-05,4.442077603528105e-08,0.34543823152780534,2.2123487326553008e-07,1.384155325467873e-06,2.169122090833753e-07,3.6095704416538863e-07
priorregion4_spot_40,8.511427509461101e-08,5.5368522744458916e-08,0.17675653994083404,2.102445682794496e-06,1.3149540507129132e-06,2.602682934593759e-06,4.085025977929036e-07,1.168305897181199e-06,3.960976371786274e-07,7.012356860514046e-07,0.17377380803227424,8.015503595970586e-07,3.16987291526516e-08,0.17118618041276934,1.3914610264009755e-07,5.384686801335193e-07,0.2929072752594948,2.2730914338353617e-06
priorregion4_spot_41,2.8357544294976834e-07,3.8445792682750846e-08,9.249753566109577e-06,2.2217268337954017e-06,8.828021373119555e-06,0.16028752401471139,9.581708854966565e-06,3.574775666947972e-06,0.0011371016502380372,3.588406832477631e-06,2.1433797847691952e-08,8.940649377109367e-06,5.73961069676443e-06,0.39263340383768086,9.863954801403452e-07,0.3624535769224167,0.3217008367180824,3.403294272175117e-07
priorregion4_spot_42,1.4517400700242432e-06,2.08299976378612e-08,0.22128437161445616,0.0335000453516841,2.1608434690278958e-05,0.4053542852401733,2.2101281410868977e-05,3.802768624154851e-05,0.16017947867512702,3.279751467744063e-06,2.7498182664231763e-08,3.749060597328936e-05,3.250045228497811e-08,9.467849804423168e-06,1.2991228913961096e-06,0.3148676618933678,0.0916711550205946,6.845543794042896e-07
priorregion4_spot_43,1.3073063058754995e-07,1.1043453884695963e-08,0.3391846150159836,0.00017008698632707818,1.776437693479238e-05,0.18590955659747121,1.761311514201225e-05,1.033493340401037e-05,7.081022522470449e-06,2.0217936821609333e-06,1.1847594549863062e-08,3.574637794372393e-05,2.724679983856504e-08,1.9862155568262097e-06,5.609055762079151e-07,0.2761228933930397,0.25027685761451723,6.507453463200363e-07
priorregion4_spot_44,1.446006088201557e-07,3.598598075083004e-09,1.5469839581783163e-06,1.3681659652320379e-06,4.2588656725683913e-07,0.6113174676895141,2.103270674069791e-06,1.0000020608913474e-06,6.691180544748932e-07,3.3972366281886933e-06,0.07752411738038063,2.8961084694856254e-06,2.2150167122703125e-08,0.45300969332456587,2.4344896232264548e-08,2.806561951729236e-07,1.0215194777174478e-06,7.139523887644827e-08
priorregion4_spot_45,3.032529733104639e-07,1.940532436961462e-08,3.6214947067492174e-05,0.020080800633877516,1.051205908879638e-05,0.5606980711221695,9.118636671701098e-06,9.484018710281818e-06,0.3800030767917633,3.0744883815714275e-06,1.324985379191901e-08,9.031425615830814e-05,3.276599702672912e-08,0.13556084409356117,3.0111229847307187e-07,0.10966428741812706,0.3865020915865898,2.9155668528346724e-07
priorregion4_spot_46,1.2311460437786086e-07,1.14572213938402e-08,2.1444206231535647e-05,9.511089456282208e-06,9.920353386405623e-06,0.700719740986824,2.452727339914418e-05,1.569375299368403e-05,7.673883396819292e-06,7.057181448999472e-07,7.594284994638655e-07,1.0333024374631351e-05,1.1252121403515503e-07,1.6431243966508192e-05,1.726191996453963e-07,0.23539438992738723,0.2692157983779907,1.9225481224793838e-07
priorregion4_spot_47,6.084936842398747e-07,1.1510373765233341e-08,0.7300493180751801,1.0412365509182565e-05,4.163233666076849e-06,2.1956435921310914e-05,5.8163781204712e-06,0.00012820277552236803,6.228312463463226e-06,2.546451723901555e-05,1.5482141169087527e-08,1.1841586410810124e-05,2.340484019924816e-08,4.406960579217412e-05,2.927951379660954e-06,0.37618993520736693,0.27983706444501877,1.6947877884376795e-05
priorregion4_spot_48,6.05780435591896e-08,2.407289600991902e-09,0.1109355553984642,3.791057366697715e-07,1.5247985345467896e-06,0.3939887538552284,1.2785890419309e-06,1.9943663119192935e-06,1.415821901673553e-06,2.2047507144407064e-07,1.296296678887643e-08,4.086290095983714e-06,1.3653736052887668e-08,1.0862084991458687e-05,2.4498100827941014e-07,0.35932240188121795,8.776943483113088e-09,8.005328062665741e-08
priorregion4_spot_49,2.159989001881968e-07,1.5793675984809853e-07,0.2658774361014366,2.097904007314355e-05,2.4704871430003552e-05,0.4758293867111206,7.279932469828055e-06,1.0900264305746533e-05,2.5308283329650295e-05,6.782726654819272e-06,0.21066180989146233,1.576120575919049e-05,1.3309363495750405e-07,0.08368214666843414,4.006877560414068e-07,0.22896868214011193,0.26820615082979204,8.885656541224308e-07
priorregion4_spot_50,7.40639237051255e-08,9.499512687582981e-09,0.5733142644166946,5.057343059888808e-06,1.669625964950683e-06,3.163598830724368e-06,3.183671344686445e-06,1.1485162713142928e-05,7.703763429844913e-07,1.6209470686590067e-06,0.24716882556676864,4.982683663001808e-06,3.446043397303811e-08,0.14335075840353967,3.0167560396421326e-07,0.11373325288295746,1.3962323777150235e-07,5.560961966466493e-07
priorregion4_spot_51,5.308964432515495e-08,4.267684818870521e-08,0.27720173746347426,9.811982039309442e-07,4.975611477675557e-06,6.167198671391816e-06,2.3776088028171215e-06,8.035841210585205e-06,0.30703073292970656,2.4970227968879045e-06,0.22001344785094262,2.839910757757025e-06,1.2416443251339614e-08,2.790175972222642e-06,7.01817623394163e-07,0.2555475950241089,8.888282287955462e-08,9.949056220648345e-07
priorregion4_spot_52,6.520207840310377e-08,7.3179286408375794e-09,0.14280074536800383,5.316345846040349e-06,1.3177379150874914e-05,0.040625447407364845,8.163935444827074e-06,8.405204243899789e-05,1.3750936034284678e-06,1.554809350636788e-05,0.0713078711181879,6.12887408806273e-06,4.855703448214399e-08,1.1628687673237436e-06,7.52048464391919e-08,0.15048767849802971,4.294522391035117e-08,6.59408703995723e-07
priorregion4_spot_53,1.5526277437061255e-07,3.149371838873094e-08,4.415313992467418e-06,1.4779308344259338e-06,9.831016222960898e-06,0.07758524417877197,3.7106584471757747e-07,9.477255133560903e-07,0.15371069014072417,1.2591458335009521e-05,1.5465626468369466e-08,1.3183623741497287e-05,8.75641741338029e-09,0.18403973579406738,1.5786247047344663e-07,0.38519238829612734,3.3959358169965983e-08,1.895573284116381e-07
priorregion4_spot_54,1.480638431416992e-07,2.876690938791171e-08,0.5928686678409576,1.6161942585313228e-05,4.6052793095441306e-06,0.12810733690857887,1.1605023246374913e-05,0.038841859064996244,5.732430508942343e-06,3.5222746646468292e-06,0.15647556409239768,1.2494601787693681e-05,8.754921623221893e-08,6.744575239281404e-06,4.1960595353884855e-07,0.2643931731581688,2.1817751942876388e-07,5.46467143180962e-07
priorregion4_spot_55,2.2037785925022037e-07,3.77164461884405e-09,0.44522718489170077,0.23465010672807693,6.836368129370387e-07,9.756072768141167e-06,1.005730473480071e-06,1.1602642643993022e-06,4.0304244777189527e-07,2.8525346067453934e-07,1.2640827184995374e-08,6.306257491814904e-05,1.2587391839957718e-08,3.3243248026337823e-06,1.396959085298022e-07,0.6660397440195084,6.111420880472453e-08,4.164081872204406e-07
priorregion4_spot_56,1.30811201159986e-07,5.107689862171583e-08,0.1905552163720131,1.4593891364711453e-06,6.969042510718282e-06,0.1849966764450073,3.0586274874622184e-06,0.05071879755705595,3.397902546566911e-05,5.516352598533558e-06,0.06664154939353466,3.4244364087498983e-06,3.089828677360629e-08,3.006592874044145e-06,1.0983637196204653e-06,0.13405016511678697,0.12561278715729712,4.0408744013120677e-07
priorregion4_spot_57,3.07254039455529e-07,2.407877772725442e-07,0.8549057006835937,7.118657293858634e-07,2.138335617019038e-06,8.586636704421835e-06,3.5532967217477562e-06,1.1104276154583205e-05,7.617516052960127e-06,0.004056506650522352,3.461284077133086e-08,7.190749670371589e-06,9.592091814170089e-08,1.1501019571369396e-06,2.861306165868882e-06,0.3299112722277642,4.931684003395275e-08,1.2190373794851438e-07
priorregion4_spot_58,4.15779618734291e-08,1.435253016435212e-09,8.786373982729855e-05,2.8976715725548278e-06,9.90240928331332e-06,0.46064796894788745,1.7390467178302064e-06,0.012803512625396252,2.3777850628903254e-06,1.639205777337338e-07,7.683860037133173e-09,1.5762480529701861e-06,1.008719898720756e-08,0.26511126905679705,7.513828244043453e-08,7.508946822554208e-07,7.499950740452733e-08,2.8465446089143147e-08
priorregion4_spot_59,2.2935717041150387e-07,3.25437531145667e-08,0.18882741928100588,5.834547096128517e-06,2.0254315677448177e-05,0.14203956723213196,1.195840513901203e-05,0.020898308884352446,9.004280173030567e-06,7.944502722239122e-05,0.1158673495054245,2.084351308440091e-05,3.791752707371643e-08,0.07800973430275918,1.4420221532418511e-06,0.1914916530251503,9.254185009410776e-08,1.1618851090133833e-06
priorregion4_spot_60,5.1521476329696724e-08,5.301572469917915e-09,0.3180872678756714,5.949187283249557e-07,2.62346817407888e-06,0.21436173245310783,3.650514440778352e-06,1.94265456229914e-05,5.744582722400082e-06,8.258706785113647e-08,1.6314687112384262e-08,3.421586416152422e-06,5.795542667996756e-09,7.54471909658605e-07,6.590122332283954e-08,2.9862229382615635e-07,0.27645073235034945,6.106674774741804e-08
priorregion4_spot_61,2.2428363095627905e-07,5.390312929343112e-09,0.11417438723146915,0.06624676622450353,1.0997961544489953e-05,0.30997843146324155,1.0882665128519875e-05,8.103694126475603e-05,0.15026120766997336,2.4517627662135055e-05,1.662478466002426e-08,7.641366864845623e-05,1.693845783634629e-08,0.07906874790787696,3.2200472617205377e-07,0.3941217839717865,6.705145985108628e-08,7.003145128692267e-07
priorregion4_spot_62,3.802224085802664e-07,1.286352149243442e-08,5.934150681241591e-06,2.735636968509425e-07,2.318283600288851e-06,0.028797363489866258,6.195425214627904e-07,1.7235615871413757e-06,3.3815625215538607e-06,2.61366677989372e-07,5.8917893147736323e-05,1.047217779159837e-06,2.462816848236571e-08,0.021571028698235753,4.354028703801306e-07,0.5714590758085252,0.5160625219345093,1.46176346760285e-07
priorregion4_spot_63,8.880542935685299e-07,1.557404680774255e-08,2.7003382820112164e-05,2.556088647907018e-05,0.005848477431572973,0.5581016838550568,1.8528164036979434e-05,7.45548568374943e-05,0.21676570326089858,3.0061686356930294e-05,0.1433679662644863,7.993711733433884e-06,2.6474721792624224e-08,0.007860890310257673,1.808561199823089e-06,0.003928669856395573,1.6658517409950946e-07,1.0248251669509047e-06
priorregion4_spot_64,2.0497045767342571e-07,4.1813680162761103e-08,0.2785262271761894,3.838021530100377e-06,2.0547681742755234e-05,0.15876543968915938,3.2954348898783796e-05,0.0008244169497629627,9.991705974243816e-06,2.2814589669906128e-06,0.08558349609375,5.022261575504673e-06,2.1719093794558831e-07,0.09836767688393593,3.592936209315667e-05,1.377812088776409e-06,0.016784073412418363,1.744683077049558e-05
priorregion4_spot_65,8.31638963916248e-08,8.800853912305228e-09,0.3200887903571129,2.8322852131168478e-06,2.574057680249098e-06,0.5137046068906784,3.273168135820015e-06,5.967571655673964e-06,4.372870216684533e-06,1.8244975080961017e-06,2.7473436947644815e-08,8.403544461543788e-06,8.592894928938223e-09,0.3655561372637749,2.2517161895052596e-07,0.2875647008419037,1.6446973383210662e-08,2.400058392026949e-07
priorregion4_spot_66,2.0379183354179987e-07,6.993223600204602e-08,0.26730061173439024,0.05653102658689022,0.0001460575847886503,1.578117107783328e-05,1.759681726980489e-05,0.00013052677022642455,0.09176441319286824,4.81158567708917e-06,0.5047635287046432,0.0206111372448504,1.3172813950745876e-07,2.794663760141702e-06,1.2336862369011215e-06,0.2916642397642136,2.5771833946919295e-07,1.4651415312982862e-06
priorregion4_spot_67,3.9771383484321634e-07,1.525790880307909e-08,0.4550898879766464,0.00032844178349478176,6.922368993400596e-06,0.3596831351518631,7.579480666208838e-06,2.0306117039581296e-05,2.4922744955802046e-06,6.9483549623328155e-06,3.158367576361342e-08,0.06071481183171273,2.342484766160169e-08,0.00020652404782595113,5.058509458422122e-07,0.20773838832974434,5.6915101609433806e-08,0.002213406364899129
priorregion4_spot_68,8.558881070541703e-08,1.6154707183080317e-09,1.1055030654461007e-06,5.299366392819139e-07,1.6379907947339234e-06,4.71661041956395e-06,1.657847684555236e-06,3.8715221961638235e-07,3.4287864878024272e-06,1.0851522517896229e-06,2.2980238778558262e-08,0.0008184170175809414,1.4013190297035296e-08,0.4594109356403351,8.397387432523829e-07,0.5432065427303314,2.1229587687798813e-08,2.1250306971865033e-07
priorregion4_spot_69,1.2621092935205525e-06,6.839245827450214e-08,0.5037050157785415,1.6586361198278613e-05,7.967626152094454e-05,0.5932973712682724,1.3465377469401575e-05,0.00013670134139829318,3.16345604005619e-06,4.9348443781127575e-06,2.4318954849889e-08,4.224531112413388e-05,1.0661222979990726e-07,0.07530450113117694,1.02432512676387e-06,0.20064394474029543,0.14652530178427695,6.860764216298776e-07
priorregion4_spot_70,2.2589467718603373e-07,9.084474816845046e-09,0.15931973233819008,0.00021234252853901124,9.888588829198854e-06,0.20292580872774124,4.181366648481345e-06,9.45466804296302e-06,4.674035562857171e-06,1.8336202060709184e-06,5.280488242220826e-08,1.0864770729313024e-05,8.649287597251032e-09,0.13801970332860947,2.7353570004606813e-07,0.18150890618562698,0.3119679898023605,1.301939029474397e-07
priorregion4_spot_71,2.5168738488901e-07,3.8191861584380154e-08,9.06564141587296e-06,7.746072515146808e-06,9.132784634857672e-06,0.22784746810793877,0.0038847771007567643,1.0802285578392911e-05,0.24803745150566103,1.1600741800066317e-06,0.3108954831957817,3.49073956385837e-05,5.361815382798341e-08,0.08214097768068314,3.5750731939288013e-07,0.09016117565333844,1.6836430205557917e-07,3.0145535134806783e-07
priorregion4_spot_72,1.0648058719198162e-07,9.922735699774422e-09,0.04437491986900568,2.721391592785949e-05,4.614336580743838e-06,0.34889486581087115,9.867342669167556e-06,4.141883255215362e-06,1.6401425273215865e-05,4.330132674112975e-06,1.975645158580619e-08,5.894569603697165e-05,1.753532439252581e-08,0.40953350961208346,2.9984493608026244e-07,0.043262068182229996,1.739617408702543e-06,2.1669252134870478e-07
priorregion4_spot_73,4.4761342934407364e-07,5.7626252392140034e-08,0.13557970896363258,3.731734977918677e-05,2.151236412828439e-05,0.22970486879348756,3.178232000209391e-05,2.7595255960477517e-05,3.116466382380168e-06,5.810764150737668e-06,0.09656092822551728,0.004591789352707565,1.1742935051017868e-07,0.10264384411275387,4.947090133100573e-07,0.09955227077007293,0.18058217242360117,3.2765723176453323e-06
priorregion4_spot_74,1.9433527882029014e-06,2.493255228941394e-08,0.24014658108353615,2.538927756177145e-05,4.959667126058775e-06,0.1689887888729572,1.9681617800415553e-06,1.7830471733759623e-05,3.586350828754804e-06,3.2976441070786676e-05,0.18002076372504236,3.3714166966092315e-05,1.3889894626117894e-05,0.22467050030827523,2.2847932768854665e-06,0.12801517993211747,4.768570718738375e-07,2.02669812097156e-06
priorregion4_spot_75,1.3036000297006469e-07,1.568738889901056e-08,0.3769664376974106,1.2266429848750703e-06,3.3312108143945806e-06,0.16507825031876566,1.462527866351593e-05,2.8439609195629604e-05,6.2372437696467385e-06,3.8388290164448334e-07,2.7171754535260105e-08,4.618318644133978e-06,1.9221544178549276e-08,1.914286553983402e-06,1.7775071654568818e-07,0.2528132975101471,0.36131736189126973,2.527619471948129e-07
priorregion4_spot_76,4.364471504203493e-08,5.2176770237721836e-09,4.337780424634731e-07,0.04525131564587355,2.0931819904035373e-06,0.31677974611520765,6.468236193768462e-07,2.127595202239263e-07,3.591258490587279e-07,5.265509894769594e-08,0.38830436021089554,1.2717209074253334e-05,1.1309454972519007e-08,1.1520784255480976e-06,9.302604446759233e-08,5.266942963544353e-07,5.1211361373759714e-08,1.487048287174275e-07
priorregion4_spot_77,1.4583893133135463e-07,6.941600716459106e-08,1.8210641201221734e-06,2.2797484916736726e-06,2.1180851831559267e-06,0.1674776628613472,2.0121088709856854e-06,1.7277097640544526e-06,0.1674601137638092,6.867160777801473e-07,0.17465528398752211,1.4746843862667446e-05,4.923272207690843e-08,3.0898669024281847e-06,4.069057197852999e-07,0.28583887666463853,0.46612337678670884,8.521303726638508e-07
priorregion4_spot_78,5.806433335919792e-07,2.4247392760301524e-09,1.4089722697008256e-06,1.117151288099194e-06,3.107502186594502e-06,0.16397280171513556,1.047913707452608e-06,3.2568798246757067e-06,0.00675608292222023,3.085886521603243e-06,1.5270525643984458e-08,0.0001634928754356224,6.913154049215109e-09,0.3017977401614189,2.4868089781193705e-06,4.658823581848992e-06,4.1527146876774165e-08,1.285045961196829e-07
priorregion4_spot_79,4.234117678691974e-08,6.559271259476418e-09,0.6125425070524215,2.619038571083365e-06,1.4990757279065293e-06,5.598556958830158e-06,9.92205713146177e-07,4.593833750732302e-06,1.5494044589559053e-06,5.745386744138159e-07,1.837758905054443e-08,3.786446598041948e-06,7.463746198865806e-09,8.874986349383107e-07,3.7268286590119713e-08,0.5361294150352478,1.4588853813890525e-08,4.2289605595158264e-08
priorregion4_spot_80,7.62491465138737e-05,1.0003065398223044e-08,0.1893257290124893,2.0673942435678325e-05,3.123966453131288e-05,0.5485057771205901,1.3025296129853816e-05,1.0488581256140606e-05,0.09869605861604214,3.8047093994464377e-06,1.690471886917067e-08,0.00011947880593652372,1.815279881967058e-08,1.712020357444999e-05,5.33401149027668e-07,0.13092838302254678,9.304640684604238e-08,6.853280211771564e-07
priorregion4_spot_81,1.3614139731998877e-06,1.6389955170836856e-08,0.11338056288659572,3.112743240762939e-06,6.7536097049014655e-06,0.1876432739198208,2.3213967961055466e-05,9.729639459692406e-05,0.12863104194402694,1.1467564763734118e-05,5.0744207058528445e-08,1.181440929940436e-05,5.221650791753519e-08,0.11107143610715867,1.43759174875413e-06,0.10363484919071198,2.0770945070580638e-06,0.004152861237525941
priorregion4_spot_82,3.3036219662108127e-07,3.6502656008963186e-08,0.353751964867115,3.5562944617595347e-06,1.1361589122316218e-05,0.14830221608281136,8.609218821220565e-06,0.00013688179533346556,1.620304474272416e-05,0.00036866972513962534,0.2936003908514977,3.077543187828269e-05,8.508982887178718e-08,0.14826069846749304,7.207721836266501e-07,0.17692373171448708,2.4799262519081824e-07,2.465825147623946e-07
priorregion4_spot_83,7.076129804772791e-07,5.810767689240494e-08,0.18016345128417013,5.043881483288715e-05,1.177135318357614e-05,0.5754981964826583,5.436388219095534e-05,2.7231252715864684e-05,0.0035724971792660655,4.0710413259148485e-06,0.12377741187810898,2.1472086700669024e-05,2.20022341324011e-07,0.06344903595745563,3.9978435353305034e-07,0.18483838960528376,0.24196942523121834,5.615060445052223e-07
priorregion4_spot_84,4.373210042984966e-08,3.85766165678092e-09,0.780487710237503,0.006079739611595869,2.9580393857031595e-05,0.3038274809718132,1.9407546369620834e-05,6.2058298453848694e-06,6.649820352322423e-06,8.403785543009689e-08,1.7252886674867796e-08,6.558603536177543e-06,5.7591683200186596e-09,3.071731146064849e-06,6.119990807462728e-08,2.612236272625524e-07,1.3847138280453918e-08,3.278629794323251e-08
priorregion4_spot_85,2.1233325995240195e-07,9.936618106110018e-09,0.41884543299674987,0.011397210694849492,3.5233822131885976e-06,2.5459579774178565e-05,5.31987402609957e-06,8.520500387021459e-06,2.1629381194543383e-06,3.083826570104975e-07,0.3450896546244621,5.854032997376635e-06,5.813553123346083e-08,1.3460473894610917e-06,1.3855711173960118e-07,2.2424402672527323e-07,7.938243626881559e-08,6.301410557796316e-08
priorregion4_spot_86,1.9882643655932953e-07,4.353056990424876e-08,0.5164577811956406,1.0745897634478752e-05,5.542528333535302e-06,0.22434772476553916,3.5047765777562746e-06,1.6108283671201206e-05,1.4731009514434847e-06,5.510079802206748e-07,0.1650901809334755,5.283611972117796e-06,3.9544666208257695e-08,1.7449465872232395e-06,2.2216705630739852e-07,0.0012676381913479418,0.29580512940883635,2.2798592027584164e-07
priorregion4_spot_87,1.1382542979276878e-07,2.5470238718128256e-08,0.038118655793368816,8.040002876441577e-06,2.2997323526396943e-06,1.7167895384773148e-05,1.6469693093768e-06,3.3361175383106455e-06,0.19397964254021643,6.357623969961423e-05,0.19787466302514076,7.303207894437946e-06,6.257103741518222e-05,6.641149002462044e-06,1.159111786819267e-06,0.042292854748666286,0.06139145325869322,6.056331727677388e-07
priorregion4_spot_88,2.007581507257328e-07,1.1381296927126528e-08,4.089638241566718e-06,6.03071254090537e-07,1.1239166724408278e-06,0.597154352068901,1.3101352294597745e-06,9.595660372951897e-07,1.419580672745724e-06,3.792076802255906e-06,1.1114496567543599e-08,6.434427837120893e-06,3.6920926582695305e-08,0.036309226788580416,4.0540066237326755e-07,0.5567805409431458,0.35716702342033385,3.8812107447938617e-07
priorregion4_spot_89,1.1958910874909635e-07,1.3263835763055455e-08,0.8207185357809067,0.013136641308665275,3.7616844565491195e-06,0.08967998772859573,7.021772239568236e-06,1.482045303191626e-06,2.1058318907307697e-06,1.9169948757280507e-07,0.29893254935741426,5.194541176933853e-06,1.821026769377454e-08,1.3750449113558715e-06,5.7116653984223836e-08,5.229139134144135e-07,5.596724985679202e-08,1.2323272073899717e-07
priorregion4_spot_90,1.7216662868690948e-07,2.0959096680428506e-09,0.280143229663372,0.05685069486498833,3.257596526964335e-05,0.33949721306562425,5.672878955920169e-06,1.4003727119415999e-05,0.16362070962786676,1.400726057454449e-06,4.206349704105605e-08,1.1163266117364401e-05,7.936777501882376e-09,3.7028240853942413e-06,2.535336847131475e-07,0.11096734628081321,1.4335907616569446e-08,2.2847284384397426e-07
priorregion4_spot_91,7.783688680262915e-08,1.28710075930627e-08,0.20031440556049346,5.623690003631054e-06,6.163721013763281e-06,0.11792569495737554,7.550698978775473e-06,8.362856715393718e-05,1.4279485583301723e-06,1.5932780456751062e-06,0.5996346354484557,4.367945894045988e-06,6.171682258582224e-08,0.24384444281458856,8.686122811241149e-07,1.2599790920830856e-06,1.8739877702955712e-07,4.3648510086313766e-07
priorregion4_spot_92,6.67544561849809e-08,9.96148483700665e-09,1.0453798040543916e-06,3.346498374412477e-07,9.055100719024268e-07,3.0687257662975754e-06,0.20998001396656035,7.662324583179726e-06,0.28838091194629667,7.980980996080689e-07,0.33927024751901624,2.7494397954797026e-06,2.3322787701118848e-08,5.03668588862638e-06,3.7947314837083476e-07,0.6042136996984482,1.1193897897499028e-07,8.06394350405526e-08
priorregion4_spot_93,1.6975276011521602e-07,8.19560610487713e-09,0.19719720557332038,9.967693858925487e-06,6.73554272907495e-06,0.14802995324134827,3.619486251409398e-05,0.0013086678343825044,0.15242844820022583,0.00405375191476196,2.6244360817884177e-08,1.9089589659415652e-05,3.379097002209619e-08,6.5455031062811034e-06,2.817873152594075e-07,0.5769210904836655,2.1057718235795164e-08,4.444747446541442e-07
priorregion4_spot_94,6.088609922016985e-07,2.9411168043225197e-06,0.5328536987304688,2.543773907746072e-05,2.261442505187006e-05,0.013586439471691846,4.202157269901363e-05,1.803662935344619e-05,0.19964270293712616,4.210722399875522e-05,0.1805700734257698,6.141389021649957e-05,1.900473478144704e-07,0.25909268409013747,4.781617988669496e-07,4.433977642293031e-06,0.0052411712938919665,8.5902268551763e-07
priorregion4_spot_95,2.1141197166230087e-07,7.129915857717607e-09,0.16621165201067925,3.2971855716823484e-06,2.149209319668444e-06,0.11706412099301815,3.3318544979010773e-06,2.970180514694221e-06,0.11245147846639156,1.8480946607724037e-06,0.060023115202784534,1.6377980227844094e-05,2.4067375470337997e-08,2.0825745423280753e-06,4.380548119797823e-07,0.3259048208594322,4.7120752988405455e-08,1.8632452949418621e-07
priorregion4_spot_96,2.7360394199149597e-07,3.875665388619609e-09,0.2985159412026405,0.07186309769749642,7.757980552014487e-06,0.1254776030778885,0.04756152685731649,5.174879534024513e-05,0.4066641002893448,1.7486913577613452e-06,1.4788718294411754e-08,8.858316141413525e-05,1.3910513985138096e-08,1.4540562972342742e-06,6.161046570696272e-07,0.15952790677547454,1.9645239923704594e-08,2.295376091865364e-07
priorregion4_spot_97,2.7488324235491745e-06,7.82747985539345e-08,4.8744225932750854e-05,4.8196668558375686e-06,0.0001521493453765288,2.1466118687385462e-05,7.112177117960528e-05,5.157217287887761e-06,3.5202685694457615e-06,3.723241150055401e-06,0.44999086260795595,1.1570781089176307e-05,4.688387562623575e-08,4.092192921234528e-06,4.519206370900975e-07,0.17663706094026566,0.47779304087162017,4.6182429969121586e-07
priorregion4_spot_98,6.800281227015149e-07,2.399769689631626e-08,0.10693882405757904,4.987405350220798e-06,4.071684384143737e-06,0.4241512626409531,5.664817831529945e-06,2.7602474347077077e-05,0.12622456699609758,4.321934261497518e-06,0.10771478936076165,4.915106001135428e-06,7.499287767132046e-06,0.1477953299880028,7.986554805938794e-07,1.9433060742812813e-06,0.01192076033912599,1.66263180290116e-07
priorregion4_spot_99,4.545189511873105e-07,5.0579172850007146e-08,0.25473060756921767,8.63215362187475e-05,0.00013532022276194767,0.1908569999039173,9.081980679184199e-05,0.05470606759190559,6.188071929500439e-05,3.064370594074717e-05,0.36244970709085467,1.4889424892317039e-05,4.991183999436544e-07,0.11537617482244968,1.5981967067091319e-06,0.3462918668985367,3.934292720941812e-07,1.2124946010771965e-06
priorregion4_spot_100,6.436538427578853e-07,5.819372912441169e-08,0.36919082552194593,3.532261653163004e-05,2.370548027101904e-05,0.24082090333104134,9.528083064651583e-05,0.046968591026961805,0.13176227882504465,1.0561801036601538e-05,2.4871287784833386e-08,0.0006100166734540834,3.232180478818236e-08,9.57606880547246e-06,7.76354428921877e-07,0.4004075571894646,0.24123980477452278,2.0810229443668503e-06
priorregion4_spot_101,4.161305042771346e-08,2.998312762514388e-08,4.00943317799829e-06,9.589482124283678e-06,3.133689278911334e-06,5.771490549477676e-07,1.6411826777584793e-06,0.001251073559978977,2.4349290868030947e-07,2.1146208837308222e-06,0.7399665623903275,7.425900662383355e-07,2.4894762695737427e-08,4.119228449894763e-07,6.929881152473173e-07,0.5702188342809678,7.217308450435667e-07,4.350956828602648e-07
priorregion4_spot_102,1.1208772548343406e-06,8.127839628002677e-08,0.2090747468173504,9.341161785414442e-06,6.5139466414620985e-06,0.48041788935661317,1.0838292473636103e-05,0.07541323006153106,0.00014913486957084386,4.127664033148903e-06,3.275540105818209e-08,0.00013147515346645378,3.890385666949215e-08,0.03721732813864946,8.909615559105078e-07,0.015741244051605464,0.3672013372182846,3.268052594762594e-07
priorregion4_spot_103,0.0004860466026002541,8.892342906463569e-09,0.2145441547036171,0.03726908881217241,1.155738723355171e-05,0.0461933221668005,1.2932270192322904e-05,1.4853006632620236e-05,1.6362437418138145e-05,2.7933347610087365e-06,0.24293049573898315,0.00011292221279290973,9.2530499173904e-08,1.7781652672965722e-06,7.987378552343217e-07,0.2302969165146351,2.332017515982443e-07,1.4780551282456145e-06
priorregion4_spot_104,2.2931377117174633e-07,3.3643080143974655e-08,0.08215026892721652,0.04746086932718754,5.564208527175651e-06,0.15322536826133726,8.8137297098001e-06,7.586027709294285e-06,3.44402087648632e-06,1.4359463591517851e-06,0.043227837048470975,8.070247940850094e-06,7.26807556361564e-08,0.23581625521183014,4.860577206500238e-07,0.10152861960232258,0.13408264368772507,4.0081390579871367e-07
priorregion4_spot_105,4.625638069910565e-07,2.7683449221882492e-08,0.4432000502943993,0.05462189633399248,1.0103696649821358e-05,0.1679423712193966,1.2243289711477701e-05,8.768046245677397e-06,4.345508523329045e-06,1.8734303102974083e-05,4.7214265741502e-08,6.0884917911607775e-05,4.989474504668579e-08,0.15458272770047188,5.221680311251476e-07,0.2624628618359566,0.33996428847312926,2.2786055183132705e-06
priorregion4_spot_106,1.2482690081583314e-07,4.4998839321408475e-08,0.08349320963025093,0.0003243556653615087,5.275244507174648e-06,0.36063817590475084,4.2211562231386775e-06,5.7208552561860415e-06,3.1389568221129593e-06,5.2884414117215785e-06,0.09799042530357838,1.7607599420443876e-05,6.597658348539426e-08,5.7148945052176715e-05,1.2079834391443002e-06,0.23004723116755488,9.01088895943758e-08,1.0827573589722307e-06
priorregion4_spot_107,1.264171260118019e-07,2.31006342943374e-08,0.26326985359191896,7.800788534950699e-06,3.30910754200886e-05,0.19342177882790565,3.857613342006517e-06,1.085210292330885e-05,4.2273406506865296e-06,2.926056095020613e-06,0.3088175356388092,5.8120615449297475e-06,3.0447116028398115e-08,7.4072429924854076e-06,9.526633107270755e-07,0.08951416872441768,0.08387573026120664,6.616624091293489e-07
priorregion4_spot_108,8.039600309928118e-08,8.57030859613417e-09,0.29057928323745724,1.425389236828778e-05,2.182103128234303e-06,1.2425491877365858e-05,1.5824914328277373e-06,4.193860513623804e-06,1.2679571796070376e-06,1.075355470447903e-06,2.2513291320080954e-08,6.350071112137812e-06,9.350417906617281e-09,3.820428366907436e-06,0.0001355572108877823,0.2054103620350361,0.2565031945705414,4.914305151260124e-07
priorregion4_spot_109,2.055222310559657e-07,4.515946727678966e-09,0.201047819852829,1.4868832806769206e-06,6.169949324430491e-06,0.03003059066832066,2.8372668907650227e-06,6.775340875719849e-06,1.1224799663978046e-06,2.0891409349133028e-06,2.4043865476386374e-08,6.468324136221782e-06,1.1947711087145763e-08,3.926470844817232e-06,2.4145864330193945e-07,0.22729597315192224,0.5836121529340744,1.855698357644542e-07
priorregion4_spot_110,9.171229038429374e-08,1.1278225997557456e-08,0.06454719677567482,2.2568227791452957e-06,3.7620405123561796e-06,0.26170453429222107,4.0914193050412e-06,1.0568580773906434e-05,2.200078279201989e-06,1.986297782252677e-07,0.18129527121782305,4.106143933313433e-06,2.805613803502638e-08,8.882864250381318e-07,1.8994881330058887e-07,4.555326356125988e-07,8.391640236027343e-08,1.023518354514863e-07
priorregion4_spot_111,5.574494537086139e-07,0.00026728173252195126,0.27342398166656495,0.0002580749642220326,1.0881334901569062e-05,0.00013811305398121477,1.131204317061929e-05,1.829616712711868e-05,3.139009459118825e-06,0.00033305722463410347,1.0434634134526279e-08,5.06285436131293e-05,1.8165186244090143e-08,0.12796583622694016,5.098437441120041e-07,0.20838385596871375,0.2755298763513565,4.798942541128782e-07
priorregion4_spot_112,2.628584823582969e-07,1.0583728027313555e-08,0.25160353928804396,1.3523340658139205e-05,2.2074907155911207e-05,0.4948439598083496,2.459728784742765e-05,1.8750545132206755e-05,5.564621255871316e-06,5.551747705112576e-07,0.32546825259923934,8.067373028097792e-06,2.825811364459697e-07,1.3542460919779843e-06,1.5832221265554835e-06,1.6851978159593275e-06,1.3249301531459425e-07,3.8980188605819426e-07
priorregion4_spot_113,3.341244738663818e-08,1.7130575447055208e-08,0.36163827627897266,4.9655475959298204e-05,3.4800335015461317e-06,0.25682182908058165,2.454120283346128e-06,8.440195188086364e-07,3.422817684395341e-07,1.4607725233872771e-07,0.7522870779037475,1.2839503085615433e-06,3.717283068027655e-08,2.7149809852744516e-06,7.793919643006576e-08,2.0765497339425564e-07,9.922494648151317e-08,8.545306364737826e-08
priorregion4_spot_114,3.2902226934083964e-07,7.0340672619906284e-09,5.252143109828467e-05,2.5050685326277745e-05,6.133165743449354e-06,0.4620671451091766,7.119757356122136e-06,9.521379342913861e-06,0.0008416908385697753,6.977529337746092e-05,3.5016286759059774e-08,4.15845432144124e-05,4.4268961829629916e-08,4.840817496187811e-06,3.5925637462241873e-06,0.24349969998002052,0.20109731033444406,1.2334569191807533e-06
priorregion4_spot_115,9.347623574740283e-07,1.5251471285893105e-08,1.1451508589743753e-05,1.1138148693135012e-06,3.057643925785669e-06,0.22305243462324142,1.3669851296072012e-05,1.9223804793000456e-05,0.0006780821597203613,2.6871892600865976e-06,0.12921172007918358,1.0733119643191459e-05,2.948821178350159e-08,0.41144587099552155,3.875540210174222e-06,0.2451057367026806,9.625299597360027e-08,5.477484705807002e-07
priorregion4_spot_116,7.135487969378574e-08,1.2112983860390616e-08,0.3593065679073334,1.901514679047978e-05,2.875273435165582e-06,1.5556147081952078e-05,9.90588125659997e-07,2.798757043365186e-06,8.885711110906413e-07,3.180218618581421e-06,0.08644275479018687,4.972318924956198e-06,7.824036494241683e-08,0.18647838830947877,7.261386286927519e-07,0.2201438531279564,6.55088751244648e-08,1.348660873645713e-07
priorregion4_spot_117,2.7268685176551345e-08,2.6346396397869397e-09,2.3816077430183216e-07,3.0193008342394024e-07,4.769836635887259e-07,0.3260242536664009,1.1589182633997552e-06,5.743775204791746e-07,2.5442498952088505e-07,6.273915502674754e-08,0.26898193508386614,2.9465451945043247e-07,1.616588347630455e-08,1.500108666618871e-07,2.953212838718855e-08,1.3435192443012058e-07,3.324840029961252e-08,1.3893327910352583e-08
priorregion4_spot_118,4.634092022115511e-07,1.4740431097948203e-07,4.1789825991145336e-05,0.024509787280112504,6.06836631504848e-06,0.283040814101696,1.2440593309293035e-05,3.10708779579727e-05,5.383764028010774e-06,8.926609007176014e-06,0.14350968673825265,2.783279232971836e-05,7.9047013912259e-08,0.11772668622434139,4.55357915143395e-06,0.22998828291893006,0.256219245493412,9.954302959158669e-06
priorregion4_spot_119,1.0962219079146963e-07,5.082664689126659e-09,0.15013751164078715,4.579804863169557e-06,2.7479593768475753e-06,0.3051432937383652,3.1852604820414854e-06,1.1937730141653448e-05,1.212259098792856e-06,6.656283375150452e-07,9.059694328072966e-09,1.3688994431504398e-05,1.4425506211779294e-08,0.259231673181057,1.7506577734138773e-07,0.061029728129506106,2.4029523526536423e-08,8.613216806452328e-08
priorregion4_spot_120,9.964838696419066e-08,8.76550103612317e-08,0.4200737178325653,3.239365219087631e-06,7.6088008199803885e-06,2.059282905975124e-06,2.919956614277908e-06,4.458254770725034e-05,2.4419571559519682e-06,0.0383818231523037,0.5498047232627868,0.00012163959509052802,8.792216803499286e-08,0.12828058823943136,2.37282218904511e-06,0.42347666472196577,5.300230981220012e-07,2.8774260954378407e-06
priorregion4_spot_121,4.865622372562939e-07,2.668436067665425e-08,0.5859637051820755,1.6548248913750287e-05,9.821673165788524e-06,1.2858202808274656e-05,1.412541682839219e-05,7.788975563016721e-06,4.37811413576128e-06,1.6627224852072689e-06,0.22732439413666725,7.396215323751676e-06,4.3500591928591346e-08,1.1489106611861644e-06,4.5405685540345074e-07,0.17702079862356185,0.1066141128540039,1.9327429541249332e-07
priorregion4_spot_122,3.3043510825336855e-07,8.322602234045463e-08,0.2623949095606804,0.09076677486300469,4.194986377115129e-05,0.07555339075624944,1.0107158595928923e-05,1.3664994139617195e-05,0.3064119949936867,1.3970969575893833e-06,2.272538051073525e-08,1.8544852810009616e-05,3.596282667217565e-08,2.2088531750341645e-06,6.313300701776825e-07,0.13002912774682043,0.18485449030995368,1.605768389367768e-07
priorregion4_spot_123,2.3673707900684348e-07,7.069940477499871e-09,0.17212510854005814,2.2667758912575664e-05,7.2303701699638625e-06,0.09310472421348094,8.74100805958733e-05,1.20591287213756e-05,3.143244987313665e-06,8.884843373380135e-06,0.08988062702119351,0.00013995053959661166,9.226455439659275e-08,0.08666615821421146,6.347958816377286e-07,0.3785747364163399,5.4337693100592334e-08,1.1333535098856374e-06
priorregion4_spot_124,7.694036952443639e-07,1.915182910039448e-08,0.276653553545475,5.3319523885875245e-06,1.4021049673829112e-05,0.12381834238767624,1.3090853099129164e-05,7.897984432929661e-05,1.4495984214590863e-05,1.5868689274611826e-06,0.3750942051410675,1.2713923752016855e-05,6.079519550894476e-07,7.593673672090517e-06,1.5831216444439635e-06,0.19344759061932562,9.69636666070528e-08,3.253826980653685e-05
priorregion4_spot_125,2.1807305827792334e-07,2.508398369016618e-08,0.4132571563124657,4.632828427020286e-06,3.9841356738179465e-06,0.0967066563665867,1.9394334412936586e-05,6.2369831539399465e-06,4.285385580260481e-06,1.3037110363711691e-06,0.174134324491024,5.09615985720302e-05,9.488632684906406e-07,1.7517028766178554e-06,6.388965431369798e-07,0.2790069803595543,0.3554098069667816,4.130559744908169e-07
priorregion4_spot_126,3.6452801168707086e-07,2.6837970867887863e-08,0.0023798471433110536,3.140327626169892e-05,2.789483130527515e-06,0.1712523579597473,2.5671870298538123e-05,2.5356331116199725e-05,2.6077399706991858e-05,4.584919406624977e-06,0.3843670219182968,1.4868642529108912e-05,4.559875435461436e-07,7.288404702876507e-07,1.6890903225430522e-06,0.2498179629445076,0.6277439773082734,3.570849810330401e-06
priorregion4_spot_127,4.3570654639779605e-07,3.65880483244041e-08,4.631445517588873e-06,8.5846322690486e-06,0.04344548899680376,0.2542131319642067,2.832831467003416e-06,5.0505351282481575e-06,4.959848041607984e-07,6.229032919691235e-07,0.37630837559700014,6.13448550211615e-05,3.514412991734162e-08,1.0464948843491583e-06,3.678341329305113e-07,4.7641457285862997e-07,0.39999780505895616,2.9866658906030353e-07
priorregion4_spot_128,5.049971406378973e-07,1.3587466884956713e-08,0.17309722676873207,3.3781684578571e-05,9.80769373200019e-06,0.514392226934433,7.679820009798278e-06,1.1228221910641879e-05,3.1127015972742807e-06,4.028935927635758e-06,2.5879563647634996e-08,1.5774044277350187e-05,5.2467789046772854e-08,1.867276932898676e-05,3.306139419123611e-07,0.2579636454582214,0.5451089233160019,5.146524813426368e-07
priorregion4_spot_129,7.531811860417293e-07,8.041799670621685e-09,0.15459260791540144,0.00015744857519166546,6.806922538089566e-05,0.13172047734260559,4.611420013134193e-06,3.867229588649934e-05,0.1546135239303112,9.261222231771171e-07,1.1379465902905396e-08,2.273484033139539e-05,2.3349610778211628e-08,4.430593762663193e-05,2.2423043191110995e-07,0.30152285695075987,2.2894896503089516e-07,2.447165215357927e-07
priorregion5_spot_1,0.3288899928331375,1.6316465600851872e-08,2.866110904164998e-07,4.214214612829892e-07,2.476223869507521e-07,2.6999239707947707e-06,3.7909911441147417e-07,9.126281952376304e-07,2.4690614395694867e-06,9.476473969982636e-08,1.9961916564170682e-08,0.37701772749423984,3.3929717035974253e-09,3.6352747230239406e-07,2.0871849404358046e-08,2.0137172285217275e-07,8.230898949079803e-08,1.985608060195432e-08
priorregion5_spot_2,1.9409060180187225,9.194173511417604e-09,1.4793280399771903e-06,1.271537236391396e-07,1.4956010261357735e-07,8.985530621430371e-06,2.6678338826968684e-06,2.832131690411188e-06,2.060859219454869e-06,1.1553690235643901e-07,1.4922693614138895e-08,1.181392690341454e-06,0.0068290616851300005,5.033009131238942e-07,7.289511358976598e-08,7.620176972977788e-07,1.284592649426486e-05,2.0822193107505883e-07
priorregion5_spot_3,0.9970373511314392,1.4549296656340973e-08,5.652325353366905e-06,1.3676476953605745e-06,1.072441966698534e-06,2.0489051962613306e-06,4.503641321207397e-06,3.8075065504017403e-06,4.722214271168923e-07,8.484208464665244e-08,2.2060670978873988e-08,0.6543107569217682,1.6586437823207238e-08,5.294010691159202e-07,1.403710849778861e-08,1.2952118915166015e-07,2.6491499216518832e-08,3.7324825008511204e-08
priorregion5_spot_4,0.6169017255306244,2.7330883956011582e-08,9.093792823477997e-06,2.857110260379159e-07,1.8772895543861524e-06,5.555422444558644e-06,3.6379813309395103e-06,5.623461674986175e-06,1.812600885386928e-05,1.8487929196453478e-07,2.5805482728458175e-08,0.28167505860328673,8.96083864887487e-09,4.75435398072932e-07,8.128581505673082e-08,2.8325402610107633e-07,6.147984414894836e-08,3.1085369123218245e-08
priorregion5_spot_5,0.6581763148307801,9.633787012575113e-09,6.2541119405068455e-06,8.23729706667109e-07,4.604622608894716e-06,0.000852926608058624,1.8437662492942764e-05,1.3269756209410848e-06,2.4697374010429487e-05,3.94248281736509e-06,2.001571468568386e-08,1.018798965215683,1.2554676231957274e-08,3.1087370643945176e-06,4.495085690336964e-08,4.451791951964879e-07,6.828577028272777e-08,9.85407787368331e-08
priorregion5_spot_6,0.19673706591129303,6.106895944490987e-09,2.2469791247203832e-06,2.7010643464109315e-07,1.191395296018527e-06,0.00010830564315256198,0.0001542709047498647,1.026383159796751e-06,0.0019227582903113215,1.4076674119678502e-07,8.761273306845397e-09,0.537091988325119,4.7004540171258225e-08,6.203356349487876e-07,3.868973692533473e-08,2.6208024337393e-07,2.77340847176788e-08,3.4989154684694774e-08
priorregion5_spot_7,0.8743314892053604,6.9406830505158735e-09,2.975961876927613e-07,1.21312066170276e-07,3.413005913444067e-07,1.583501386903663e-06,6.43473376271686e-07,2.5060182409220036e-07,1.5164567912506757e-06,5.3594404469947676e-08,9.959942426363e-09,0.4620785489678383,1.5113824414214605e-08,1.9236332377658985e-06,2.5964281125112623e-08,2.5078208381046353e-07,1.8156475345421085e-08,4.8696919741075816e-08
priorregion5_spot_8,1.0759489834308624,1.121315369445597e-08,0.0002826114810886793,1.6316027782181666e-07,2.0014133284007587e-07,6.298088774201461e-05,7.973352865064954e-07,1.1487683764244139e-06,0.009012964507564902,1.7416019488791789e-07,1.056649137076704e-08,1.925279252645851e-06,6.468318190400169e-07,7.166685536503793e-05,1.7494501989290259e-07,4.322853328631027e-07,0.03350562714040279,1.4664225815863575e-07
priorregion5_spot_9,0.5519037395715714,2.0024131464069227e-09,2.0724904530311506e-07,1.8584672005772516e-07,4.991112490415616e-07,1.1567198043849203e-06,9.302346114736793e-07,2.2821474985335046e-07,2.4145924726326484e-06,1.219827460374745e-07,1.1439003255730996e-08,0.40035811960697176,9.41680675659029e-09,2.2090749780545593e-06,2.0515951248967214e-08,5.193014771975867e-07,1.8065345841478122e-08,1.0965633689963284e-08
priorregion5_spot_10,0.4078073188662529,1.5026810515905708e-07,8.110242106340592e-07,4.7263732341207285e-07,3.2123771006808966e-06,2.082260280076298e-05,1.2630843730221387e-05,1.3735068932874129e-06,8.52453390507435e-06,2.8035164660877855e-07,1.7948533592715422e-08,0.2520416960120201,5.594214425030941e-08,9.026349943042078e-07,8.174847785369368e-08,2.3739986687587589e-07,2.7041644745651187e-08,3.604920717492632e-08
priorregion5_spot_11,0.3653907269239426,5.581994977355009e-09,6.783225472872801e-07,8.861027566808844e-07,5.4849994285177676e-06,7.029003677416768e-06,1.7902269064506982e-06,6.071423115372456e-07,2.236036846170464e-06,2.148729918189929e-05,2.948415893655465e-08,1.2391052305698396,0.0006554348598001525,1.787196657687673e-06,1.0777913388437811e-07,9.79106340537328e-07,1.4440626401324154e-07,4.025908957316915e-08
priorregion5_spot_12,0.9584604054689407,1.2963234596874428e-09,3.915714998470321e-07,1.6559257574044752e-07,2.8524266610929776e-07,1.20894548558681e-06,4.213604526626114e-07,4.7333818997685745e-07,1.0713572635268067e-06,2.5469544251421894e-08,9.561280567282893e-09,0.6308647841215134,8.532136908101507e-09,3.383975226256553e-07,2.9462360462417793e-08,1.5829449893089986e-07,5.908629852058312e-08,2.1251382698039834e-08
priorregion5_spot_13,1.6706974804401398,5.254422741352016e-09,1.482684353959485e-06,4.886774405576944e-07,9.345903322355299e-07,4.5054866495775053e-05,2.714303209359059e-05,1.678004974792202e-06,3.402993188501569e-05,1.0144795474786862e-07,4.559310059448763e-06,0.28365953713655473,1.8800157732812295e-07,1.8423134861222935e-06,8.583994031141628e-08,2.425715564413622e-07,1.823390725519403e-07,1.083005450652763e-07
priorregion5_spot_14,0.7864662110805511,6.090541093684011e-09,3.105197424702055e-06,5.383322871921337e-07,8.006699363249937e-06,6.634752980971825e-06,1.997671406570589e-05,9.027828127727844e-05,1.5520876559094177e-06,1.2907652433113981e-06,1.1422824321982717e-07,0.7262006431818008,2.5862066177495534e-08,2.310679406036798e-06,2.8585981368678406e-07,6.806921675206468e-07,0.005693440325558186,1.1706641593889345e-07
priorregion5_spot_15,0.6879416197538376,1.990431330867182e-09,4.951021708166081e-07,2.440628534827738e-07,1.3187368281819546e-07,2.1515271214411768e-06,2.3496879748563517e-07,3.6851826621386865e-07,2.5351897363634636e-07,3.7222203786768663e-06,1.8182679983880237e-08,0.46020456999540327,1.4793257907541603e-08,0.0005302012752508744,7.744675976084637e-08,3.7530840728550175e-07,1.2614730371396378e-08,9.886961258587235e-08
priorregion5_spot_16,0.10266615711152553,4.054376034900998e-09,4.533673268269922e-06,2.833341636687692e-06,6.6424687020116845e-06,7.355978254963702e-06,2.3199773522719626e-06,1.2482188822104945e-06,8.214867023070838e-07,1.6692152939867812e-06,3.256361242875983e-08,0.5712913602590561,8.354981906322224e-09,1.020696089426565e-06,1.4040189967090554e-06,4.005827804576256e-07,3.103690584538299e-08,3.284492322563892e-05
priorregion5_spot_17,0.40618061274290085,1.8834539705636647e-09,2.033500834386359e-06,4.1405929636084697e-07,2.4121026171997073e-06,2.5541413833707337e-06,1.8217309161627781e-06,1.43157865863941e-06,9.027811898931759e-07,1.601691351993395e-07,1.0125248772752116e-08,1.1523088335990905,1.6486925289882494e-06,5.746599555322974e-07,4.113320244414354e-07,5.284117520432119e-07,2.5862494457129516e-08,2.7889108444867362e-08
priorregion5_spot_18,1.1876160860061644,2.6101904859743286e-09,6.762455456055251e-07,1.1367477874557607e-07,5.392876630594401e-07,4.75331100915355e-06,8.674111256823383e-07,3.1022749880094125e-07,1.400660808030807e-05,1.1073533734418106e-07,9.3976623816161e-09,0.7890548884868621,0.001567422680091113,9.375122687060867e-07,6.781467263294872e-08,2.0252870456261007e-07,7.496955447550136e-08,1.748486662123128e-08
priorregion5_spot_19,1.5930502057075502,1.3008760779698039e-08,2.2224154122341137e-06,3.5805053215653977e-07,1.9483990172375347e-06,6.3029037391970634e-06,1.9266932667960645e-06,1.0670050016869936e-06,1.5836901366128586e-05,2.1471025419828042e-07,3.9518298855512064e-08,0.573712256550789,5.088273439923797e-07,0.004111543647013605,9.567608891813961e-08,5.737612610801079e-07,6.061047699290612e-08,3.199650091545436e-08
priorregion5_spot_20,1.0688911914825439,5.010119741299946e-09,1.2901624586447724e-06,1.5671950848172855e-07,7.832062664192564e-07,2.8538308561110172e-05,0.02033652449026704,1.4114930024788919e-06,7.69194089116354e-06,6.911924344876752e-07,4.226112970684426e-08,0.23614059090614317,2.6491194926592245e-08,2.184531058446737e-06,8.901456780563422e-08,3.577606790372556e-07,4.0379178400939966e-08,2.3489796063813634e-08
priorregion5_spot_21,0.6395455002784729,1.3407935151033e-09,3.3471801430096096e-06,1.3129623653185262e-06,1.1046084068766505e-06,6.423700574487156e-06,3.39981453407745e-06,1.1449980001998484e-05,2.586982452612574e-06,1.2252944756596662e-07,1.4242886159365754e-08,0.5147891014814377,4.2630266250398574e-08,9.429471020894198e-07,4.9545026925557063e-08,3.4918083429147374e-07,1.879279816208168e-08,9.715936855059226e-08
priorregion5_spot_22,1.1379153430461884,2.910665164446158e-09,5.932840878131174e-07,4.0793201634414804e-07,2.9425113581282856e-07,1.4384234475528502e-06,3.312905974439673e-07,4.196355220642545e-07,7.084008586843993e-07,9.047549767160492e-08,3.925876015387075e-08,0.37073529064655303,0.00011589271525735967,2.3741247687780742e-07,2.722848355674046e-08,7.273184721157122e-08,1.7923166950595262e-07,3.188709918333643e-08
priorregion5_spot_23,0.23408887758851052,1.91296047891143e-09,2.074420910957997e-06,8.416800483246335e-07,1.0733791805250803e-05,0.00039101260190363977,9.183913171000312e-05,1.7167970042919479e-06,7.071782856655773e-05,1.7253133890449135e-07,8.28276247588633e-09,0.9921047061681747,2.1560949114984852e-08,7.19307229246624e-07,5.5657481112803e-08,3.88630041925353e-07,1.4069999476618024e-08,4.547208032334993e-08
priorregion5_spot_24,1.1092382729053498,2.506096474785835e-09,1.951388867382775e-06,6.112053455353816e-07,1.6698274350801513e-06,6.993493525442319e-06,1.450955855943903e-05,1.222425282776385e-06,3.87675336241955e-06,1.2163099540885015e-07,3.0749453650003034e-08,0.28136591464281085,1.7481388780993257e-07,6.376025567078615e-07,5.117290164946553e-08,4.16233250177811e-07,6.594910644253104e-08,5.013697741418356e-08
priorregion5_spot_25,1.4846934497356414,3.947421145511498e-09,5.381264713832934e-07,2.7464285921041667e-07,2.8824974975805165e-07,5.305362469698594e-06,7.442783214628434e-07,4.125163258095199e-07,8.078048807647066e-07,1.1438865321622417e-07,2.497649731481033e-08,0.5469978034496307,3.8252072265265725e-08,1.905556848669221e-06,1.857032287944094e-08,3.2421453823872074e-07,2.2574198865754626e-08,4.560434039291295e-08
priorregion5_spot_26,0.3963033303618431,7.524560619032177e-09,2.3483453759354234e-07,3.854591113849892e-06,1.1508100392632063e-07,7.565682068388924e-07,2.522069507904234e-07,1.1872041945082401e-07,1.0945788240235289e-07,2.1723173748711134e-08,1.8483244890177274e-08,0.8777477771043778,0.0008226672682212666,2.011637292298474e-07,2.7682382519600426e-08,6.510667986958653e-08,1.8225515585612585e-08,1.6655059198456006e-08
priorregion5_spot_27,1.2359711468219756,4.640713280323895e-09,7.904674134806556e-07,6.222085545459778e-07,2.879489628071497e-07,2.368061871038663e-06,1.0165179958221415e-06,3.989157903561136e-07,4.16893075794178e-07,4.892126490574356e-08,1.1642653463539433e-08,0.7869443833827973,2.3976718566132152e-08,4.553227412884553e-07,2.0123063126931134e-08,1.4135869790266043e-07,1.7185177991763113e-08,2.5139109194327602e-08
priorregion5_spot_28,1.3822334349155427,7.335990958381444e-05,1.1599432070852344e-06,1.653318172145646e-07,5.646333221420719e-07,3.860823176182749e-06,1.732821840505494e-06,3.6081611227700704e-07,7.961530400280027e-07,1.2047212081256477e-07,1.3631312523187947e-08,0.8469413638114929,9.149250246309748e-07,7.966787137547726e-07,1.0224461206576054e-07,1.3647606991185058e-07,1.031770651138686e-07,4.7279173820413694e-08
priorregion5_spot_29,1.8694653391838074,3.767974732227231e-09,2.8719823887968235e-07,2.5528381275563562e-08,9.79732106998199e-08,7.778819281156759e-07,2.833118230682885e-07,1.229754587939169e-07,0.017767148651182653,1.5505296602214005e-07,1.4439541162758474e-08,3.722541734418883e-07,2.0548357753114034e-07,9.57804294898779e-07,4.15261300901193e-08,3.0197132332432376e-07,1.9141320493076818e-07,2.4679476329225737e-08
priorregion5_spot_30,2.2237828850746153,2.7657844636763687e-08,2.498946298601368e-06,1.6469602712732014e-07,2.6248619775515183e-07,3.456721697148168e-06,0.02117738304659724,6.852989884009731e-07,2.138309878318978e-06,3.990968462375123e-08,2.744270553023398e-08,1.940899016972253e-06,8.529900696885306e-07,7.179922954492213e-06,2.1475371880796956e-07,3.0708520739608506e-07,3.168727141655836e-06,7.084277591218324e-08
priorregion5_spot_31,0.5942569673061371,1.2302285856691242e-08,2.222732723566878e-06,7.012234817693753e-07,9.451163208495929e-07,2.6820481934919374e-06,7.529016443186267e-06,1.061659855849939e-06,1.7382216174155474e-05,8.86453406678811e-07,4.0856555116874917e-08,0.884589871764183,4.914308560088899e-09,5.438856874206977e-07,1.4067721068045103e-07,6.238504482780627e-07,2.0648476084517143e-08,7.226135636528854e-07
priorregion5_spot_32,0.7942050784826278,1.6730003427056773e-08,5.967688167629604e-07,2.9771367735520473e-07,1.6617915548522432e-06,1.6041142771427985e-05,0.05367507040500641,2.6711259124567734e-07,1.8261870877722688e-06,6.811919206484164e-08,1.1164882218750449e-08,0.4262787327170372,6.850328349017332e-09,3.4555783372525185e-07,4.10851116683375e-08,1.671044635997987e-07,3.8565120163980285e-08,1.7262480156432503e-08
priorregion5_spot_33,0.8243510603904723,2.2098036733808617e-09,6.717424412272522e-07,3.507824078496924e-06,4.5599979756616456e-07,1.4153506356251455e-06,8.608913390162344e-07,7.17087414159323e-07,1.0696070773974497e-06,1.9641887760712964e-07,2.2165239332849753e-08,0.8808555006980896,1.8959390729378355e-06,4.0708426212177075e-07,2.2932740773029536e-08,6.192122128823031e-07,1.787028089950127e-08,9.944232353120696e-08
priorregion5_spot_34,2.031295096874237,8.845134047419378e-09,3.37564638641652e-07,8.01622636714683e-08,1.1638536756564123e-08,2.2328009450234278e-07,2.3905584711769734e-07,9.033140848657695e-08,2.1905068479100012e-07,8.647130700367713e-09,1.4421917393647733e-08,1.5181364929617305e-07,0.07483397088944913,3.188207742255145e-08,5.9737640834001125e-09,7.486425062097625e-08,2.1175401077044854e-08,8.595893108420682e-09
priorregion5_spot_35,6.600614206320188e-08,5.572471595272077e-09,2.9091259762026315e-06,6.69137421027699e-07,2.044947802914976e-06,8.04530332061404e-06,0.05189013779163361,8.18697247950695e-07,1.2988545961434283e-06,7.177140481928745e-08,2.274208181773929e-08,1.6377400875091552,3.3554940159774563e-09,3.6778975811557765e-07,2.104292642357564e-08,1.7805487502187133e-07,8.841876919518655e-09,1.0935895700114883e-08
priorregion5_spot_36,0.7030148446559906,1.2035667906751258e-09,4.680911757759532e-07,1.657017989487031e-07,1.9051965125527203e-07,1.3603884553958779e-06,3.7154910756953543e-07,2.1687158238137272e-07,8.768662638658497e-07,9.558486446792358e-08,2.710619924073399e-08,0.35115064680576324,3.071174532465193e-08,2.561048219718032e-07,2.547762401050591e-08,1.874792019407323e-07,1.3859453096287667e-08,2.7792818357852423e-08
priorregion5_spot_37,0.4315574407577515,3.712617557827258e-09,5.158000107030603e-07,8.838887254114527e-07,9.052189028579961e-07,1.9149698971432373e-06,1.168736565659856e-06,3.7818007427858905e-07,8.869906537256611e-07,5.431481699957886e-08,9.479544331725266e-08,0.8749849826097489,1.6165617422458924e-08,3.6334702002704944e-07,3.803814170311171e-08,1.4420542626680802e-07,1.2173542307536423e-08,5.190404959165562e-08
priorregion5_spot_38,0.6252307504415512,2.8166400340978725e-07,6.516291506386551e-07,5.977322501848902e-07,1.9703239146906525e-07,2.601528990453517e-06,0.03318884614855051,2.092287722632591e-07,5.950495364004382e-07,4.886598734543668e-08,1.207638238298614e-08,0.8650891363620759,1.7268860030839053e-08,1.0741078497744638e-07,9.316121829527902e-09,7.065538270012439e-08,1.7084987558035896e-08,2.3725787112738317e-08
priorregion5_spot_39,1.8766578614711762,1.4902350464751635e-08,4.027133115869219e-07,9.57533011103351e-08,2.5295183121443187e-07,3.122822795376124e-06,2.9955102007761527e-07,4.261954003936808e-07,2.9492003505993136e-07,1.388097064136673e-06,1.5457755075942717e-08,2.303216888321913e-06,0.04780622571706772,0.0033631355734542014,2.173302043217973e-07,4.833021648664726e-07,1.4061939239695677e-07,1.0220591342147146e-07
priorregion5_spot_40,0.7809589922428131,5.410275072392779e-09,1.2143199057845779e-06,3.873167585766169e-07,1.6976541360236298e-06,3.153790385113098e-06,8.30183668654172e-07,3.9152812678366904e-05,4.583374902722426e-06,1.5005915656729485e-07,1.0495179347813635e-08,0.5127926260232926,3.7627888893609914e-08,1.3072751244180835e-06,1.2639599944463955e-07,4.769815859617666e-07,6.253249210885769e-07,6.522196969172001e-08
priorregion5_spot_41,0.702670207619667,4.13466334503454e-09,1.233063233030407e-06,1.5914888393808723e-07,7.84650384844099e-07,1.114622132263321e-05,1.0509411140446901e-06,3.751744245050759e-07,1.5426262507389765e-06,2.086274051293913e-07,1.5120111562794136e-08,0.5142070591449738,6.569382868804042e-08,2.5202291681125647e-06,7.02495420057403e-08,1.5563496660320198e-07,2.4773443918491018e-08,4.398996580334824e-08
priorregion5_spot_42,0.24083462581038473,5.660254931427745e-09,9.333919024356875e-07,1.209485373010466e-06,1.8422811479013034e-06,6.275921441556421e-06,1.0070831763187017e-06,7.831023765447754e-07,9.96722883428447e-07,7.895395590651335e-08,1.5018487342643994e-08,1.4614788591861725,5.141683914189344e-08,0.0005131682963110506,3.425245580501724e-08,5.262791688664948e-07,1.9095990921869093e-08,3.0758255853413635e-08
priorregion5_spot_43,0.6113935291767121,1.5901191086076239e-09,8.402146278285727e-07,2.7662580635023917e-07,5.100762450638287e-07,4.51123005404952e-06,2.134016074251122e-06,1.692262242158904e-06,1.2709554255252443e-06,8.331019785146057e-08,1.5083837467955166e-08,0.8203435331583023,4.457306834737553e-09,6.396150496357223e-07,2.791041140426387e-08,1.9265509791921432e-07,3.126900320893355e-08,3.7875296143852216e-08
priorregion5_spot_44,0.9206239730119705,1.6307194039555385e-09,1.0122198943918192e-06,1.65973981438583e-06,1.145497219567915e-06,2.1086327615194025e-05,1.8236430435081274e-06,1.1011659807991237e-06,1.6460658059713752e-06,1.9337278516218252e-07,2.1450681053636345e-08,0.7406414836645127,4.7015281090523326e-08,2.5910426393238596e-05,4.6081492932614766e-08,1.0355874621836847e-06,5.640466895329155e-07,2.96492099316481e-08
priorregion5_spot_45,1.4903449416160583,8.095481707215414e-09,1.4914429243617634e-06,3.5877808386430847e-07,7.174402611553888e-07,2.0997406863898507e-06,9.728845668632858e-07,6.054236536101598e-07,1.6699244838491724e-06,9.527213080673393e-08,1.895528551898451e-08,0.3553270325064659,2.061773551886859e-08,1.477571697705571e-06,6.551169882129671e-08,3.393152582020775e-07,3.453312356072048e-08,6.118406510324803e-08
priorregion5_spot_46,0.2075516626238823,6.1636409087739704e-09,1.208430580845743e-06,9.827193423461722e-07,8.265153746833676e-06,1.065811088665214e-05,7.82031179369369e-06,5.833791618670149e-07,7.820258724677842e-06,1.937980925958982e-07,5.806438672095739e-08,0.9268493354320526,1.043366353314923e-08,6.99909080026373e-07,6.626056787695235e-08,4.043418698529422e-07,7.995268056504302e-08,7.41144095428581e-08
priorregion5_spot_47,0.10035249665379524,4.5622234212672195e-09,2.3410870895190785e-07,3.314827026201783e-08,1.7100070337505713e-07,1.0479405204932847e-06,1.8955106284579418e-07,1.6624563912159828e-07,1.4961145211600524e-06,4.8889362780357715e-08,1.818974357803427e-08,0.45044731944799427,2.892823943057011e-07,4.887887172344562e-07,1.3709431190278565e-08,1.4986819394380293e-07,2.9216133778930953e-08,3.829601311622354e-08
priorregion5_spot_48,0.5723805963993073,2.312102242996162e-09,1.0849721547856461e-06,1.5956027752395132e-07,1.219290192011613e-06,6.978225633247348e-06,9.281997847665481e-07,5.87838931664919e-07,1.179616509716652e-06,2.879088498275451e-07,2.3958685915204114e-06,0.30310862213373185,1.3076109350862453e-08,1.6374488666315302e-06,9.464601973263599e-08,9.042818419402466e-07,1.5802789388175144e-08,5.7494225735865724e-08
priorregion5_spot_49,0.6351459830999374,1.0409221662399659e-08,1.2186769765776265e-06,8.491237224461656e-07,2.5523555109430163e-06,1.969835911950213e-05,9.93117787402298e-06,9.760776890743728e-07,0.01760934544727206,3.6517182024908837e-07,2.8693859377426635e-08,0.39153364449739453,4.037494658604146e-08,8.760699529375417e-06,6.011612150302882e-08,3.0306582488037753e-07,2.4103779860951136e-08,3.517465980706902e-08
priorregion5_spot_50,1.2000159561634065,4.439739664796605e-09,2.9869913760194326e-07,7.263973778037781e-08,6.338186523180412e-07,1.2453266492684635e-06,6.556801565693603e-07,2.593410584950107e-07,1.1945150845349418e-06,7.261146848236422e-08,1.4538476067471608e-08,0.6470624625682831,1.5886228421635452e-08,2.9251002899854937e-07,2.957908700196299e-08,2.183750623885317e-07,1.391199875300231e-08,3.558815979687324e-08
priorregion5_spot_51,0.9059375137090683,1.5347589588099455e-09,1.9121144646305765e-06,7.656630828023481e-07,6.90283707172057e-07,3.147381892176782e-06,4.604130049301603e-06,1.04413143731108e-06,3.4967276860697893e-06,2.579900126420398e-07,1.5517197748948774e-08,0.5489604443311691,1.806369125390006e-08,0.005348368803970516,2.3502820400977954e-08,4.622094152750833e-07,2.1469869881940443e-08,7.522542269100541e-08
priorregion5_spot_52,0.838462495803833,3.026964712216085e-09,3.1749684058013376e-05,2.0067836521775463e-05,3.6548675552694476e-06,1.6754893385950707e-05,0.009143481031060219,7.305260151042603e-05,6.137593641142303e-06,3.375601465904765e-07,1.1296521718051622e-08,0.6657974570989609,9.861026262214525e-09,1.1596878096042928e-06,2.319149693619238e-07,0.0001699288215604611,1.4593017416686393e-08,1.1455492412437707e-07
priorregion5_spot_53,1.4001916646957397,7.271091142513341e-08,3.053277669096133e-06,4.523288694713301e-07,6.76431261581456e-07,6.265643605729565e-06,4.9996569259747055e-06,2.724553326061141e-06,2.2052104850445175e-05,3.981549198783796e-07,1.6364587107631225e-08,0.5622043281793594,2.2959369232466998e-07,0.00753568010404706,1.0137502002294242e-07,4.008476457784127e-06,7.231090393133854e-08,6.078119270114257e-08
priorregion5_spot_54,0.45230545997619626,7.74396164970881e-09,2.1816103185301473e-06,5.906377054998302e-07,1.1588824327191106e-05,9.72525936049351e-06,2.0806045654353516e-06,9.64651485446666e-06,3.825964415682392e-06,3.208690600331466e-07,1.7005645425172135e-08,0.23667270690202713,2.6814618436787895e-08,0.006086716614663601,7.520178364472942e-08,9.641959792361377e-07,6.713634306265704e-08,1.536662832535285e-08
priorregion5_spot_55,0.8024584591388703,6.248991524238079e-09,1.2694074541741428e-06,1.3725204610182118e-06,3.7389912336038836e-06,7.908523826927194e-07,5.293324591093552e-07,1.0795161301757617e-06,4.2387552809941555e-07,5.213479052912363e-08,2.4539913212606738e-08,0.7421988785266875,5.828939309004966e-09,4.825745918424218e-07,3.1233725295010116e-08,2.507044513322398e-07,6.1490215585990905e-09,3.2412564365813526e-08
priorregion5_spot_56,1.458354890346527,3.783663715672958e-09,4.839636631004396e-07,1.907922424493336e-07,3.5507510176557844e-07,1.7567094005244145e-06,7.644638742476674e-07,1.418474802505898e-07,8.077792955418772e-07,1.2838753278288094e-07,5.4073724831127385e-09,0.5199628829956054,1.2153790976299205e-06,8.275033906102181e-07,3.278902500625237e-08,3.2959606386384623e-07,3.0056882991402747e-07,5.7223304139597535e-08
priorregion5_spot_57,0.29707959294319153,2.9040416182901656e-09,8.482582217084202e-07,1.50789232122861e-07,2.543277020095047e-07,4.8221815177385e-06,3.5095191321943273e-07,4.399315486125488e-07,9.667272706792573e-07,5.528211541871997e-08,2.4668442311082122e-08,0.23497442081570627,2.085846162458438e-08,2.0911920273647412e-06,3.7505287053818395e-08,5.952096131522921e-07,2.1550869769271232e-05,2.9093941478208766e-08
priorregion5_spot_58,0.9301707208156585,2.4679827737017488e-09,3.1757789315634006e-06,1.9999224605271593e-06,1.6088862821561634e-06,3.997063504357356e-06,1.9863888155668975e-06,1.2467716828723495e-06,2.0826182378641536e-07,1.0232618059546894e-07,1.222737044948019e-08,0.45538029819726944,6.590835233133419e-09,4.722770682974442e-07,1.7792463591348452e-08,2.1346144549738712e-07,9.465255246254856e-09,5.425420983584673e-08
priorregion5_spot_59,1.0681426481085056e-07,2.590017267323219e-09,7.948157133341739e-07,1.871336891667852e-07,1.1734011479802576e-06,1.8673229931209791e-06,8.614694979769411e-06,9.310774601090088e-07,1.802647257136414e-05,2.998879181177472e-05,1.831218563452808e-08,1.181851500272751,3.4299268314441636e-09,1.9835835018966463e-06,5.444641448804077e-08,1.315683130087564e-06,2.9047454397357344e-08,9.904291120577114e-09
priorregion5_spot_60,0.6661074846982956,3.831274164589616e-09,1.1787567189003312e-06,3.1670847562281783e-07,1.1768707452119998e-06,2.4637682781758488e-05,5.3515122090175286e-06,4.5450498333821086e-07,0.03921001311391592,1.0692535354905886e-07,2.0298012959329983e-08,0.20402091667056083,2.335843028333784e-07,1.8525210691677787e-06,7.94438310691703e-08,2.4630483466125955e-07,3.192611721658523e-08,2.8166090260128842e-08
priorregion5_spot_61,1.4342852056026458,2.749485084052594e-09,1.993150624457485e-06,1.3946147146270964e-05,9.162869844203669e-07,3.7636530805684744e-06,5.087439058115705e-06,3.54311659123141e-07,5.831823841617735e-07,9.617829270780476e-08,4.573649690087222e-08,0.6573634535074233,1.2651514182948634e-07,6.290456354918207e-07,6.353432553396488e-08,1.5083372915114526e-07,2.662150862420276e-07,5.710070940523337e-08
priorregion5_spot_62,0.817855978012085,6.251825768188724e-09,8.948663690944159e-07,4.263348145627788e-07,1.704644932942756e-06,2.6914412160294896e-06,1.0736867693594833e-06,4.165277672996126e-07,8.94409203056057e-07,3.933092056485066e-08,5.2979170384048755e-09,0.5290394723415375,1.8525849387884823e-08,1.7468116254804046e-06,2.9093430153892542e-08,1.0878807756853349e-07,1.556571200822532e-08,1.7038750854680984e-08
priorregion5_spot_63,0.2599917158484459,2.446317448612234e-09,7.384610199778764e-07,3.3031420088036617e-07,8.282023884476076e-07,2.466424950853252e-06,2.7320677531861294e-06,1.25860129855937e-06,1.6934219047470835e-06,1.2265807640687855e-07,9.921324650719043e-09,1.1616565763950348,6.141112613988753e-08,3.3415128228853066e-07,1.2122106340939354e-07,1.5551603382846227e-07,4.2597357787599324e-05,2.1425741891789587e-07
priorregion5_spot_64,0.20027595981955526,1.943084502187276e-08,1.3403195453065566e-06,7.724765453076544e-07,9.030611238358688e-07,8.710265956324292e-06,0.00015308328656828964,1.109706767010721e-06,2.640676518694818e-06,7.14839138993284e-08,1.450051119178397e-08,0.5862069457769394,2.5553265547983984e-08,4.5051614847579915e-07,8.119517893590001e-08,2.5183801000139283e-07,3.634176124478473e-08,5.214808318498854e-08
priorregion5_spot_65,1.1708691775798796,2.3209421495806735e-09,4.329117984980258e-07,1.6039906540754601e-07,2.9150710361136585e-07,3.688492074616079e-06,4.85326618218096e-06,4.848340296348397e-07,3.2005830348680326e-06,9.101914884013242e-08,2.3976516594359513e-08,0.33451759815216064,1.1005452460466359e-08,6.218107643007898e-07,2.446324742777506e-08,2.686577161625792e-07,2.1421873981353203e-07,3.821113416790922e-08
priorregion5_spot_66,0.10229664668440819,4.024889754816741e-09,9.915950954564324e-07,6.978011043656808e-07,3.2703806141398674e-06,7.601247739330575e-06,1.862063327280339e-05,9.240533245247207e-07,3.6709532082568333e-06,4.686889084837276e-07,1.2279414063343097e-08,1.0236374855041503,1.5781778284207348e-08,9.025091117109697e-07,4.1717050969225515e-08,1.0241585215453597e-07,6.797546276970934e-08,1.662293112048019e-08
priorregion5_spot_67,0.5442774057388305,1.531478490690574e-08,1.709392790871789e-06,6.975624586402774e-07,4.5158400183709093e-07,3.5574000094129586e-06,9.941337850705168e-07,5.843423735996112e-07,1.256979146546655e-06,1.0392326146302366e-07,1.3159579337340695e-08,1.322422057390213,6.587554568504572e-09,1.3684677696801374e-06,6.069164122379789e-08,5.670497500886997e-07,1.2242159345987603e-05,1.5350502664546186e-07
priorregion5_spot_68,0.5692846477031708,1.23389641171201e-08,1.974106203306292e-06,1.1913403774599374e-07,7.356749904374738e-07,3.33672721808398e-06,2.6865273866860663e-06,2.913720308583834e-07,1.0256323719204374e-06,2.51489168157093e-08,1.7262807094908796e-08,0.901778256893158,6.508135186322761e-08,2.1599541852879158e-07,2.0988446003400443e-08,8.777685067684615e-08,2.6391228118427535e-07,1.69674236438766e-08
priorregion5_spot_69,1.0416977524757385,6.79266192182837e-09,6.879550397798085e-07,3.149951766090453e-07,9.490723471117237e-07,4.3712793012673504e-05,0.011223844159394501,1.3180944449686649e-06,1.0433099942019909e-05,1.0557075178496691e-07,2.4474849436018075e-08,0.20177534371614456,8.889683886081912e-06,5.884225572572177e-07,1.0102104539555513e-07,3.0885627069210384e-07,3.6829833334195428e-06,6.380539048223e-08
priorregion5_spot_70,0.787597706913948,2.6865052293878476e-09,4.16537680791862e-07,5.917110939890336e-07,7.325772685362608e-07,2.67076451336834e-06,7.213793907112632e-07,4.4973846087259516e-07,1.957062079327443e-06,1.7296808536571008e-07,1.516764482900612e-08,0.6411493480205536,9.44111917533519e-09,6.881313623807728e-07,1.8431858084255737e-08,2.5635878984076046e-07,5.748408362649116e-08,1.2827611284293993e-08
priorregion5_spot_71,0.69101123213768,7.605189211723485e-09,3.744629577795422e-06,5.641001138201318e-07,1.972336542621633e-06,1.7888140519062293e-05,5.681006018676272e-06,7.321210034660908e-07,8.718205608602147e-05,2.5193338899498484e-07,1.3055622494206887e-08,0.5678541034460067,1.4814084581260544e-08,9.509510221050731e-07,2.8426050491248135e-08,3.285742579350881e-07,2.6566021471552405e-08,4.280564720460234e-08
priorregion5_spot_72,0.4479658871889114,2.6442086298317236e-08,3.656826521591938e-07,1.7822021760593998e-07,4.1332957891881964e-07,9.928026145189506e-07,9.22679723203146e-07,6.798593346957205e-07,1.5577518865939055e-06,1.506653106275735e-07,1.8659038136803475e-08,0.576951551437378,5.403428371408836e-09,2.6225944935731606e-07,9.06000220624037e-08,1.2271234695049316e-07,3.6026384897525075e-08,2.6881222581209844e-08
priorregion5_spot_73,0.4313874512910843,3.173496998520875e-09,1.0154274605156388e-05,6.896809281897732e-06,7.852746148273583e-06,3.44918810242234e-06,1.0246013232517726e-06,9.199470059684244e-06,4.329227891730625e-07,3.0939558541831503e-07,2.1789405302286015e-08,0.17611382827162744,2.106335355023248e-08,2.6840568693842218e-06,1.260658990531738e-07,1.2520802386006837e-06,5.147707997821272e-06,4.253242362750598e-08
priorregion5_spot_74,0.7740296363830567,2.4142867038889906e-09,1.4969604990255903e-06,6.979830175168899e-07,4.346174364400213e-07,5.793083005301014e-06,1.5364010550911189e-06,1.2141750517002946e-06,8.383045866366958e-07,1.5315478094635182e-07,1.0499817770792676e-08,0.37305129617452626,2.158787646422411e-08,1.936556890314023e-06,3.604750418162439e-08,3.193523070876836e-07,4.540181226531104e-08,2.335560536081971e-08
priorregion5_spot_75,1.1971409440040588,6.082674741669792e-09,5.297207081866873e-07,6.662815152935763e-08,5.915453471061483e-07,5.292937089507177e-06,1.0844808741694579e-06,1.9995606379552555e-07,0.011409151274710894,2.7123330426093167e-07,2.855537086787763e-08,0.5414491593837738,1.1557325585442869e-08,9.181054747386951e-06,2.7876319830255623e-08,1.9887328335244094e-07,2.2904542262836003e-08,1.0945511919047136e-08
priorregion5_spot_76,1.1095549404621126,1.5836252220680082e-08,2.2914134433449363e-06,1.3527496278697981e-07,6.749801599426066e-07,2.1346249286580133e-05,1.197642809529498e-05,1.2020425344871911e-06,2.519729496270884e-05,5.482951053181752e-07,6.536134655732441e-08,0.005848917458206415,0.0117805780377239,0.007036448991857469,2.097136430734281e-07,6.46757914068985e-07,2.019575708800403e-06,1.3223999033584733e-07
priorregion5_spot_77,0.22356884106993674,4.268820008590524e-09,3.9215584024532296e-07,5.02287994663675e-07,6.460461321466938e-07,3.313054435238883e-06,5.515498492059124e-06,1.1512575497363287e-06,1.2676004814693442e-06,6.758919113281081e-08,2.3770130486155952e-08,1.173371684551239,1.209309443694906e-08,2.63674135680958e-07,2.279717028486062e-08,2.271308481738288e-07,2.4199896664356404e-08,1.4171128448481341e-08
priorregion5_spot_78,1.7729400753974915,3.694593520009448e-09,2.8191055662318832e-06,5.522661297163723e-07,1.853768395676525e-06,0.00014376768522197383,5.467714004225855e-06,8.333557701689642e-07,9.155594707408455e-05,1.909294962842978e-06,1.6488004295212022e-08,0.3284997254610062,1.235352453932137e-06,0.009993851045146584,2.325163450223045e-05,2.8971935762456272e-06,5.2539639128212916e-08,1.2235219082867843e-05
priorregion5_spot_79,3.120362393360665e-07,1.466656823767565e-09,2.733953166966785e-07,9.065956234621808e-08,1.3849598161641553e-07,4.068706317639226e-07,3.415620341229442e-07,7.965599415626912e-08,2.538774893423579e-07,1.4103587497871217e-08,6.707680766382396e-09,1.922807216644287,1.6167404082167993e-09,1.9540711662102698e-07,1.372172642177816e-08,8.425529429700873e-08,1.4201899822818831e-09,3.752320754113471e-09
priorregion5_spot_80,0.32034957110881807,2.385907305058055e-09,4.79988113966101e-07,6.239891206405446e-07,2.3193124931708553e-07,2.1081325940031095e-06,4.653982998092943e-07,4.682613251816293e-07,7.293642966033076e-07,5.6165547768216584e-08,5.195974184246667e-09,0.8680739790201186,4.5230883358726717e-07,6.236884871668735e-07,1.0565828523212417e-08,1.0718960723465898e-07,2.0922302645942638e-08,1.1135357214087096e-08
priorregion5_spot_81,0.39258393049240115,2.341836236041672e-09,2.3003267756394053e-06,1.0794622085086303e-06,3.3627146308390373e-06,3.8232629094636645e-06,1.4892979152136832e-06,1.6852588373694746e-06,2.834800397977233e-06,1.1493921121541462e-07,1.5805889130859897e-08,0.9189252227544785,3.1487212126535265e-08,2.867801441652773e-07,3.034240982913161e-08,1.9241556898919042e-07,6.988762422110995e-08,9.162989300648406e-09
priorregion5_spot_82,0.49651628732681274,1.522127632824777e-08,9.066408892977053e-07,5.656692337652204e-07,1.7303573486060485e-06,8.335333259310574e-05,0.04335122816264629,4.781526826036498e-07,0.0001250941350008361,2.040906089462169e-07,2.183495571017602e-08,0.5683544933795929,6.577800952811686e-08,2.496843350741074e-07,1.4180200693658663e-07,1.812548070745379e-07,4.4964363496546865e-06,3.9118553374350996e-08
priorregion5_spot_83,1.676937508583069,1.3798655607022426e-09,1.943470817877824e-06,1.0179248135955278e-06,7.93225760276073e-07,4.140716418987722e-06,9.65302956501546e-07,1.5796165882875358e-06,7.617349751853909e-07,6.068682161242122e-08,2.171746977808198e-08,0.845161023736,2.565823242761667e-08,4.3312580686460935e-07,2.378541914538346e-08,2.3535339437330548e-07,1.2730906906455177e-08,2.3584100894424864e-08
priorregion5_spot_84,1.0497519552707673,2.877024840586274e-09,1.2614736490945686e-07,1.4415032794090622e-07,2.4424281122037426e-07,1.1486570315355495e-06,1.3916602696895098e-07,1.6949473646832305e-07,1.957403782171241e-07,5.375490879089284e-08,1.862763019389036e-08,0.9982086926698686,8.77636656682057e-09,1.8552422460516026e-07,1.4515890356392448e-08,1.8642784525013666e-07,1.7733538371089707e-08,5.681813308733298e-09
priorregion5_spot_85,1.0462867617607117,7.074452068600579e-09,8.650926389464079e-07,4.3998582839321897e-07,7.128688906732351e-07,2.0260229575796987e-06,3.3516963071633654e-06,4.925935201072208e-07,2.266544731810427e-06,5.553818436254687e-08,3.153503378428013e-08,0.33744398802518843,2.9076701668628856e-08,8.744037785390903e-07,9.253732287106688e-08,2.040281984250214e-07,1.972960346208197e-08,8.556178983099017e-08
priorregion5_spot_86,1.1079723119735718,8.715260069180886e-09,7.765221056388328e-07,2.828714048064285e-06,6.927067914830332e-07,4.023116048301745e-06,1.8812495090969607e-05,1.5906037560853294e-06,8.754437249081094e-06,1.4207266048060775e-07,2.1986462517276093e-08,0.6848546117544174,3.784541968343547e-05,2.927539966890436e-07,4.34014426176077e-08,2.7009480163542326e-07,1.0996037218546917e-07,6.135406813712053e-08
priorregion5_spot_87,0.6306362450122833,7.482078817622196e-10,2.1030567864954722e-07,6.508129608562287e-08,1.7319920146974256e-07,5.354448234129449e-07,1.334571180677813e-07,3.19541625515285e-07,6.535369465154873e-07,3.511286639223954e-08,1.537885010449713e-08,1.059332799911499,1.1317061066051794e-08,2.5501782658921006e-07,8.36439948415091e-09,7.348110919735974e-08,1.9438089093881678e-08,1.8554742986509608e-08
priorregion5_spot_88,0.2762766793370247,2.315760871951511e-09,1.2006510075934783e-06,8.162646366827176e-07,9.69352765878284e-07,1.4803581734668115e-06,1.970759444702708e-06,6.818674677333548e-07,3.2124030298064103e-07,6.560214131923204e-08,2.236073175510001e-08,0.9935473144054413,1.923050945151772e-08,4.99828021816029e-07,5.860219047804095e-08,1.9750398081441747e-07,6.480511522966026e-08,4.1477063028594335e-08
priorregion5_spot_89,0.592441639304161,5.043138440186113e-09,3.375646758740913e-06,8.651191393482805e-07,6.418027169274865e-07,1.6876019617484417e-05,2.225762784746621e-06,2.726918467033102e-06,6.275704379277159e-07,6.651434233617692e-07,1.4983133445056755e-08,0.5622705250978469,2.9136025680998044e-08,4.44924327894114e-05,2.9136475774294015e-07,1.8771206953260846e-06,1.9242290871801515e-08,2.1644154912792146e-07
priorregion5_spot_90,0.32173227071762084,1.1343112271688938e-08,3.2166433470592894e-06,6.299749827576306e-07,2.5228453182535306e-06,9.235379911842757e-06,8.551752017638137e-07,2.1128503476575133e-06,2.34194358199602e-06,3.205083018542609e-07,1.129976001656985e-08,0.6887838304042816,4.267691401764751e-05,1.1656699416562333e-05,1.0600068343080694e-07,2.6683633905122408e-06,1.379547547308846e-08,5.5954241418021414e-08
priorregion5_spot_91,0.7946106344461441,8.976905174762352e-09,1.3163022117623772e-06,5.1310283595285e-07,3.932531240025128e-06,3.2846529506969094e-06,1.3096210864205205e-06,1.9992579495919925e-06,1.0460478108598183e-06,4.090353826313731e-07,1.2799829995913118e-08,0.49549099057912827,1.8401519952249147e-08,0.0348655316978693,4.038303593745241e-08,1.4138290964638145e-06,2.8941428720230535e-08,1.0058919173161485e-07
priorregion5_spot_92,0.7224772602319717,6.935813146036196e-09,1.3246598484784045e-06,1.1356927302585973e-06,5.852030909636599e-07,2.950318059902202e-06,5.554920818440225e-07,3.9689290218802855e-07,5.937907303632528e-07,1.1020724923582747e-05,1.061112495648331e-08,1.046887868642807,6.255236661978358e-09,2.487484721314104e-07,6.108956149830647e-08,3.2370131606285215e-07,8.345484614480371e-09,3.612598487023888e-08
priorregion5_spot_93,0.6429893136024475,3.683909322038659e-09,2.3696460061728434e-06,2.313106961082667e-06,4.67705506252969e-06,7.753306408631032e-06,8.189913796741169e-06,1.6559671621507733e-06,4.042737282361486e-06,1.163863316833158e-07,1.9762140013313002e-08,0.87638019323349,7.321477180077806e-09,3.688858313921628e-07,4.7172472328327327e-08,2.695441111200125e-07,2.1962547780418618e-08,2.0683154033918075e-08
priorregion5_spot_94,0.28231131434440615,1.3312223212658124e-09,5.1449272632453354e-06,7.071032825933798e-07,1.206237118367426e-06,5.127833719598129e-06,4.507671587816732e-06,1.238096251654497e-06,1.7061022731468257e-06,1.02327706485994e-07,6.490997339625437e-09,0.8380385011434555,1.312946533715831e-08,1.4875660099278322e-07,1.9317294341902882e-08,1.8685363727399818e-07,3.790454456975567e-08,9.837902315013026e-09
priorregion5_spot_95,0.8370162039995194,2.4483158358634683e-05,6.094679434909268e-07,4.335577102665411e-07,1.804152356044142e-06,5.612371523966431e-06,1.3250681035970047e-06,4.872765558161519e-07,3.855709860545176e-06,1.545548556691756e-07,1.08068534121486e-08,0.8103329092264175,8.954354813184295e-09,0.002732664649374783,4.171752596704437e-08,9.51374721580578e-07,1.3081553884575215e-08,3.029196751214158e-08
priorregion5_spot_96,2.321600127220154,1.0251634741109684e-08,1.5555867420857795e-07,5.920001786563489e-08,9.197714021524916e-08,8.479618458068217e-07,2.0693710283126164e-07,1.1292818058450393e-07,0.011837157141417264,1.0628490301201055e-07,3.3327341597555464e-08,5.1685160906345116e-05,3.750525134904592e-08,0.0019336099503561854,5.521932173735423e-08,2.646176298526371e-07,2.5997489672136e-07,4.5820885574698875e-08
priorregion5_spot_97,2.7141805529594425,6.808884145392824e-09,4.742737687024601e-07,1.6433893534895105e-07,1.392737864591709e-07,7.593675072712359e-05,7.1811667339716225e-06,3.620816229954471e-07,1.0712781829624874e-06,1.7631761934921996e-07,2.896276347641447e-08,7.374380430746898e-07,0.11235330924391747,4.646646061701176e-06,2.8326934664590916e-08,1.2387186600903988e-07,0.0012201159726828335,9.903348052731076e-09
priorregion5_spot_98,0.8493787109851837,1.9682016683120198e-09,1.3455288126351663e-06,3.7358320582825405e-06,5.116606899946419e-07,2.7379521384318654e-06,1.4954884409235093e-05,4.7208744007321003e-07,8.863885369692072e-07,8.55392976006897e-08,2.6166340827415982e-08,0.4126584336161614,2.277421238261468e-08,2.023071658641129e-07,3.6261507396773144e-08,1.2180240211989714e-07,8.564698710245012e-08,2.0663373589968616e-08
priorregion5_spot_99,0.93012775182724,1.4124815095328814e-09,5.18235196977912e-07,5.184774749977806e-07,1.9077805788469961e-07,1.856588988857766e-06,5.614490703464982e-07,1.9875611769748503e-07,3.1506979212281296e-07,3.380917430462205e-08,1.0261398575295288e-08,0.5701913833618164,1.5861613977818936e-08,1.9081214830407594e-07,1.1704342606222441e-08,1.22095248755727e-07,1.6446082895527073e-08,1.7729154500045754e-08
priorregion5_spot_100,1.555506670475006,5.672763525588211e-09,3.5530667759076094e-07,8.783467215778274e-08,1.745160886912345e-07,0.002070765686221421,2.8870416372228647e-06,3.868749047342135e-07,0.0001525369727460202,1.0845322329089413e-07,1.3078996774495977e-08,3.0080994633863155e-06,0.06654261387884618,0.022009587846696377,7.293513455408629e-08,4.831674488059434e-07,4.042075161123649e-05,2.4064627179853915e-08
