,q05_spot_factorsAstro,q05_spot_factorsEndo,q05_spot_factorsL2.3.IT,q05_spot_factorsL4,q05_spot_factorsL5.IT,q05_spot_factorsL5.PT,q05_spot_factorsL6.CT,q05_spot_factorsL6.IT,q05_spot_factorsL6b,q05_spot_factorsLamp5,q05_spot_factorsMacrophage,q05_spot_factorsNP,q05_spot_factorsOligo,q05_spot_factorsPvalb,q05_spot_factorsSncg,q05_spot_factorsSst,q05_spot_factorsVLMC,q05_spot_factorsVip
priorregion1_spot_1,3.641838191015267e-08,1.8399861900775253e-08,2.293966172146611e-05,2.4634978308313295e-05,0.26021518260240556,1.386630624438112e-05,1.3284990563988685e-05,0.001357747201109305,5.590882165051881e-06,1.5709353306192498e-06,1.1969947588674757e-09,5.026735448154796e-06,8.425992703564589e-09,3.7889854411332638e-06,0.22149934470653534,0.08205306977033615,4.021972821455222e-09,2.5144310529867653e-05
priorregion1_spot_2,1.0950805017273525e-05,4.982306789358404e-09,3.3647065947661766e-06,2.1807382745464564e-05,0.42473281472921376,1.9390015313547338e-05,1.0370697691541863e-05,5.237706000116305e-06,1.0037085576186657e-05,1.5922849797789241e-06,2.9229769604732783e-09,8.77477582434949e-06,6.409423427555794e-08,0.00019831739264191127,0.2258362092077732,0.15547179356217386,4.84157809399477e-09,1.4036879974810291e-06
priorregion1_spot_3,5.027420151293427e-08,1.496872070738675e-08,6.554172955475224e-06,5.2585244884539864e-05,0.25684674680233005,1.0737866750787363e-05,0.00010162634825974238,9.81268503892352e-06,9.73452820289822e-06,5.219219692662591e-05,1.7618328240764925e-09,0.00935581624507904,1.2176449537548706e-08,0.00013333553361007943,0.20779273137450216,1.784953337846673e-05,1.5548285881017425e-09,1.0981913328578232e-05
priorregion1_spot_4,8.614031488107798e-09,4.702345668405883e-09,0.002583028224762529,0.00020183704182272778,0.3293714374303818,7.419466533065134e-06,5.050369964010315e-06,2.0727027549583e-05,4.384774865684449e-06,1.0844696475942329e-06,1.5624119331647536e-09,3.0834232120469094e-06,8.983386656780113e-09,6.250342289604305e-06,0.23674965500831605,5.637684665771304e-07,1.746025124482742e-09,2.3247248577717984e-06
priorregion1_spot_5,2.5388413575910824e-07,1.3363479789418875e-08,8.581335578128346e-06,0.05562929548323154,0.23492600917816162,0.0005085042532300577,2.6609791075316024e-05,2.1509187990886855e-05,2.3161292938311816e-05,2.109102942995378e-05,3.754851884973931e-09,0.00015128761224332264,6.374662735453286e-08,0.05303797461092472,0.2671355471014976,5.25276182088419e-06,7.289275423261188e-08,8.279133089672543e-06
priorregion1_spot_6,7.2942953465826575e-06,1.0374248518019158e-07,2.6332565903430807e-05,0.00011265741122770124,0.15382139980792997,3.817639899352798e-05,0.0001344676595181227,0.07958625480532647,3.191171963408124e-05,0.00016409334275522267,5.31939701176043e-09,4.444754395080963e-05,1.070258125679402e-07,7.995088571988164e-06,0.5077636331319809,0.21404282525181773,4.6262331521163e-09,3.533633173447015e-06
priorregion1_spot_7,3.7160837074168285e-08,7.92415932870938e-09,5.866813467036992e-06,4.303506775613641e-05,0.32402255982160566,2.0207080706313717e-05,5.868549505976262e-05,1.1465650823083707e-05,1.0675690145944828e-05,1.5630524728749152e-06,2.2036122038215925e-09,1.291512894567859e-05,1.1968079904889351e-08,6.300950985860255e-06,0.5449869722127915,0.056241771765053274,1.916813840985299e-09,6.611934935563114e-07
priorregion1_spot_8,7.714709475692419e-08,8.475758495052332e-09,0.0003333016618853435,0.00013681384079973214,0.3669232040643692,0.00016664286304148848,7.743064816168044e-06,0.000168056070106104,1.1016434109478724e-05,1.807993776310468e-05,5.655898416279115e-09,0.07387534081935881,1.1911746504722488e-07,0.02117294734343886,0.1333896890282631,0.07415606081485748,4.961898070199311e-09,0.01613920321688056
priorregion1_spot_9,1.4027355721424328e-08,2.062565784832771e-09,8.841948874760419e-06,2.208246551163029e-05,0.5090734392404557,9.903531918098453e-06,5.109287940285867e-06,3.099771456618328e-05,0.008181109232828021,1.8296944759299552e-07,1.8410331836804515e-08,8.610629856775633e-06,4.875154124839298e-09,1.0006364448145177e-06,2.2554847234346198e-07,0.22927606254816055,2.166581059004358e-09,6.34863923210105e-08
priorregion1_spot_10,4.862241222980402e-08,3.560972605676227e-09,1.3145386537871674e-05,0.000334590433340054,0.12414014413952827,1.7148793540400226e-05,9.704402600618778e-06,4.845457951887511e-05,5.67870208669774e-06,2.9425748834910335e-06,1.4767103984070217e-09,4.544412931863917e-05,1.3305853441281102e-08,9.585932893969585e-05,0.15373613610863687,0.03812194485217333,1.294197887746762e-09,2.1302661593836097e-06
priorregion1_spot_11,1.2639745650133704e-08,6.1092369385562504e-09,5.609859522337502e-06,2.0879077055724338e-05,0.509995836019516,1.798486837287783e-05,4.419445326675487e-06,5.3091320523890316e-06,1.401054432790261e-05,1.8951010872569901e-06,2.2162798818392564e-09,7.977079394549947e-06,3.3248567232746495e-09,2.1930522279944855e-06,0.06270428150892257,0.14892044961452483,2.967547663157433e-09,1.3285574254950917e-06
priorregion1_spot_12,0.0001813869042962324,1.4150210159158406e-08,4.408363201946486e-05,0.07807912193238736,0.5406895756721497,3.2020507023844406e-05,3.140137378068175e-05,0.00027420288388384505,8.408525172853842e-06,3.8651795648547704e-06,2.2650581632532866e-09,2.2664065727440175e-05,6.666225509377456e-08,9.251626797777134e-05,0.3293473094701767,0.1586980231106281,1.175557842181263e-08,1.377591183882032e-06
priorregion1_spot_13,1.281181958745492e-07,3.682249190006815e-08,1.5335649732151068e-05,5.865647417522269e-05,0.6040909290313721,1.6361283087462656e-05,0.0004884097346803173,9.356892660434823e-05,0.0394779097288847,4.322722588767648e-06,4.0992022887209605e-09,5.388412992033409e-05,3.548102078809734e-08,3.1303889272749074e-06,0.17960937321186066,0.16487416625022888,3.011695759447264e-09,7.3011504355235955e-06
priorregion1_spot_14,6.179054623522973e-09,1.354946839171589e-07,7.69496156749483e-07,1.8320840979413331e-06,0.42413267791271214,0.0664442252367735,1.49045123976066e-06,5.343273244307056e-07,0.050148504413664335,3.373833710185181e-08,2.8631731846529014e-10,3.7519307198863323e-07,3.6251994517400026e-09,1.2793585653980698e-06,3.040655069952436e-08,2.3221097933401325e-07,4.699848010769614e-10,1.3955421973577132e-08
priorregion1_spot_15,1.1815735101450287e-08,1.5130432129417671e-09,4.2195796510213765e-07,1.7444386742226925e-06,3.498237474559573e-05,9.428407975065056e-06,6.924668497276798e-07,4.6947823193477236e-07,1.6249713098659416e-05,2.6340726435591936e-07,4.96842450514734e-10,9.904831222229404e-06,1.0236582292932895e-08,1.8387894783700177e-06,0.3623953238129616,0.14144956320524216,1.8413028768371478e-09,1.1006210002051377e-06
priorregion1_spot_16,5.9117260065022494e-08,5.7156118282719605e-09,1.574059851918719e-05,0.0158430309034884,0.4056255385279655,1.6350532132491934e-05,3.302633031125879e-05,3.1614461477147415e-05,2.2056517991586587e-06,4.041307624902401e-06,3.1965095348418516e-09,4.579835876938887e-05,1.6195228980109278e-08,2.1076881921544557e-06,0.1952192448079586,0.00021385580985224805,1.4899594336093003e-09,0.020660129934549333
priorregion1_spot_17,7.253538569784723e-08,1.2373232127771418e-08,0.00335054585011676,0.022181461565196514,0.36216206699609754,4.821917791559826e-05,3.776843168452615e-05,0.0009891986555885524,6.276139765759581e-06,0.0011805570276919753,2.0571839787209005e-09,4.956680841132765e-05,2.3837216645006265e-08,4.15924084791186e-06,0.20837123468518257,0.11183139868080616,3.936150982930542e-09,1.69335989994579e-05
priorregion1_spot_18,2.298712942661041e-07,4.309350942754975e-09,8.665870018376155e-06,7.6949490539846e-05,0.356763431429863,0.004193778103217483,1.077371402971039e-05,9.247156776837074e-06,3.070031198149081e-05,6.006984176565311e-06,2.3788684910819313e-09,2.0686344760179055e-05,1.9543222240514522e-08,7.87416220191517e-06,0.21556160598993301,0.18591248840093613,5.6534528170004705e-09,9.328699292154853e-07
priorregion1_spot_19,3.192872242152589e-08,5.728166829754855e-09,1.767074527379009e-05,0.00024407430464634672,0.25938222408294676,0.0008087294700089842,7.107984197318729e-06,4.945311829942512e-05,0.016025817301124335,1.018871566884627e-05,2.523692488320961e-09,1.6125040565384557e-05,2.4044120827682038e-08,5.1867960792151285e-06,0.19052979424595834,0.09740963578224182,3.0787547622423978e-09,0.0013036996824666858
priorregion1_spot_20,1.0747454197712615e-07,8.590289457544031e-09,1.4562476280843839e-05,8.019616107048932e-05,0.22513006255030632,2.200038161390694e-05,6.933116201253142e-05,0.04686226285994052,0.002311596495565027,1.614560433154111e-05,1.8476211560702894e-09,0.014926680596545339,3.409434548018453e-08,8.085194986051646e-06,0.29726183265447614,0.12255154848098755,4.5362704925722145e-09,7.817523874109611e-05
priorregion1_spot_21,1.411469852996561e-07,1.1423507340069251e-08,3.2333374838344754e-05,0.010931640770286322,0.30313972979784015,0.0139743993524462,7.869721048336942e-06,2.2016901766619416e-05,8.00301604613196e-06,0.01569032706320286,3.5418556754152065e-09,0.00013253424694994467,2.277495445568434e-08,5.031534988120257e-06,0.1883751355111599,0.05716398824006319,8.816828795943366e-07,2.545059294334351e-06
priorregion1_spot_22,8.479492272783774e-08,7.08563228091208e-09,1.5973191148077602e-05,0.0008884441602276639,0.32216874361038206,3.1460539867111946e-05,0.043350454047322275,0.011531683569774031,9.551390030537732e-06,2.578562884991698e-06,6.207708835859195e-09,0.0001315559413342271,1.8018373726391705e-08,6.339813558042807e-06,0.2031019702553749,0.3233116567134857,3.313736840482307e-09,2.4167986111933717e-06
priorregion1_spot_23,4.135979754238406e-08,1.4164089812140903e-08,2.1403570553957255e-05,0.07621336169540882,0.24218699410557748,2.012015538639389e-05,6.998143471719232e-05,0.08305955603718758,1.2461724554668763e-05,1.856219881801735e-06,5.082004150835928e-09,0.02844793116673827,1.9487463998046904e-08,9.439325367566198e-06,0.15122860968112944,0.23516081646084785,5.768505739744968e-09,1.8077313825415331e-06
priorregion1_spot_24,9.447193995981706e-08,1.4015074079054558e-08,1.4375711361935829e-05,0.00010264467309752946,0.235174610465765,1.0698029700506596e-05,1.2750119412885397e-05,0.062444963678717616,1.9584902838687414e-05,0.00015843046421650797,4.174075107776787e-09,1.577247167006135e-05,1.8367307941247195e-08,5.341082396626008e-06,0.3235206618905067,0.07801040969789028,2.5767796674180945e-09,0.01290930463001132
priorregion1_spot_25,2.2272022270897197e-08,3.037729701116376e-09,1.0030205476141419e-05,4.0257599539472726e-05,0.3924929663538933,2.087828097501188e-05,2.971634194182116e-06,4.703126228378096e-06,0.0185886831022799,3.2112166934439303e-07,2.47220635074541e-09,7.903469941084042e-06,1.009209520397292e-08,1.0920811121195583e-06,0.31321690529584884,5.764869342783642e-07,1.96660839835161e-09,3.2582956777105215e-07
priorregion1_spot_26,3.50283338335089e-08,5.335063901767967e-09,9.040253826242405e-06,0.36139659732580187,0.4875419095158577,1.430592187716684e-05,0.054107260145246985,0.04142326712608337,2.786361153539474e-06,1.2137258948996534e-07,2.3326347409202695e-09,1.7800364730646834e-05,6.520505522189523e-08,1.67203937735394e-06,2.0120071653195737e-07,4.540398336416729e-07,1.4379271273678998e-09,7.581696692682272e-08
priorregion1_spot_27,9.371239997335579e-08,1.9041053800350485e-08,2.0206176395731747e-05,0.003956761513836682,0.3809341967105866,1.3052913163846827e-05,0.00014246491773519664,0.007344653084874153,7.622243265359429e-06,3.7552648109340227e-06,3.124356584560673e-09,5.048195325798588e-05,2.3603036058972294e-08,3.34894537445507e-05,0.35966987460851674,0.10704859122633933,2.410293920007689e-09,0.005558349401690066
priorregion1_spot_28,1.121386933533586e-07,2.5645519041717084e-09,1.6352916918549455e-05,0.019516798481345177,0.3599665865302086,2.244980714749545e-05,1.8329602335143138e-05,2.264009053760674e-05,6.008647665112222e-06,5.736783659813227e-05,4.6567357747662186e-09,6.388868932845071e-05,2.1738945132909756e-08,2.551661418692675e-06,0.36185508072376255,1.2561646485664825e-06,3.044172813826407e-09,0.012618992431089283
priorregion1_spot_29,7.833684918523432e-08,2.7816905578958997e-08,2.734644704105449e-05,0.017479163222014905,0.4472822442650795,7.745286275167018e-05,2.2980950507189846e-05,1.5971543871273755e-05,1.259113760170294e-05,5.7577810366638015e-06,6.70967146287893e-09,5.729618314944674e-05,4.258309704852081e-08,6.916958977853938e-06,0.12882407158613204,0.13894320279359818,5.397477434598841e-05,0.00018273323366884144
priorregion1_spot_30,1.818949124654523e-08,2.32814925116287e-09,7.948926031531302e-06,2.2474855904874856e-05,0.12851595506072044,4.939691348226916e-06,9.513555005469244e-06,4.036649188492448e-05,2.596238596197509e-06,3.182629131970316e-06,2.525206199699426e-09,0.00019411456596571955,2.104162124538789e-08,5.818524556389093e-07,0.41629924476146696,6.290678811637918e-07,3.6811656722868235e-09,0.03015638440847397
priorregion1_spot_31,4.9305910465591296e-08,3.679187821070684e-09,8.7781077127147e-06,0.09531682506203652,0.356118531525135,1.264070751858526e-05,9.207197035721037e-06,8.916007891457411e-06,2.4933531108217724e-06,2.018498355482734e-06,7.56470592833125e-09,5.232496641838225e-06,2.7133722380057182e-08,2.074686472042231e-06,0.24203822165727615,8.403281640312344e-07,7.243300426118537e-09,0.023921239562332632
priorregion1_spot_32,1.4898647364702814e-07,1.1378153175201079e-08,6.40139463939704e-05,0.000908916155458428,0.2276717610657215,0.0003445953771006316,1.3939228210801957e-05,1.5559349230898084e-05,3.3353361141053034e-05,2.3156018141889944e-05,3.5757793059865166e-09,8.593833763370638e-06,1.9215285540497006e-08,8.266311197075994e-05,0.3722155809402466,0.06728907898068429,7.621864672735513e-09,1.2840030080951692e-06
priorregion1_spot_33,2.063746285330126e-06,8.353592972909497e-09,7.561118172816351e-06,1.3218971207606956e-05,0.3606641858816147,3.139619784633396e-05,1.609380378795322e-05,1.6260225129371976e-05,0.0033049912308342755,6.428298115679354e-06,3.534475645494695e-09,4.2757280243677084e-05,2.355543982091035e-08,0.018914502952247857,0.3377948716282844,2.1299106265360024e-06,3.1955990076326657e-09,9.867371744576305e-07
priorregion1_spot_34,3.1359142838027765e-08,1.1759165431612927e-06,2.7726579901354855e-06,2.17299487303535e-05,0.3229838818311691,2.305910384166055e-05,1.1812297725555255e-05,6.930605718480365e-06,1.961995258170646e-05,3.5808213965538018e-06,1.8564594195247253e-09,3.862620087602409e-06,1.1495452811871589e-08,4.298978342376359e-06,0.4697557076811791,1.516443506943688e-06,3.2937246707831498e-09,1.4334926345327404e-05
priorregion1_spot_35,1.6302189553840662e-08,2.1457930765578227e-09,1.5242031452089578e-06,2.9198775519034828e-05,6.606943566112023e-06,3.0289071446532034e-06,9.218655208087512e-07,1.0301172949311877e-06,1.5975298239823135e-07,6.09572807661607e-06,1.5700351574388094e-09,6.028425855220121e-06,4.161870958974134e-09,2.1842400315108534e-06,0.4333898350596428,0.1709827736020088,3.1010854439905704e-09,0.09404531419277191
priorregion1_spot_36,6.656386872805343e-08,1.4397765957241404e-08,0.0008523892553057522,0.06902028582990169,0.3013235032558441,0.054441808722913265,1.5385190317829255e-05,3.466010766715045e-05,1.942827029779437e-05,1.2350863335086614e-05,1.569578520488335e-08,1.6991891061479695e-05,1.8414456022242122e-07,0.00015966751379892233,0.2747957676649094,0.36354161351919173,8.412088092768499e-09,1.7533695699967212e-05
priorregion1_spot_37,2.1443173370272463e-08,5.44941423097356e-09,2.2388321121979973e-05,2.0396850959514265e-05,0.7139544427394866,2.5818998710747107e-05,8.377929270864115e-06,3.09176636619668e-05,1.5873588654358173e-05,6.753755798172278e-07,3.9379981409126684e-08,0.00010689103764889296,1.0129557903582054e-08,1.1653434648906114e-05,0.2699791491031647,0.15054148063063622,2.767280216087187e-09,7.335912442840708e-07
priorregion1_spot_38,2.8113598631307464e-07,1.0550935947151177e-08,2.7847234287037287e-05,5.111277860123664e-05,0.28998194932937627,0.0004481732015847229,0.00010773233261716087,0.05016052275896073,1.9946482461818958e-05,0.015171075938269496,5.259019375536411e-09,0.00011405314980947879,2.779343111214417e-08,1.7439713883504736e-05,0.30836658328771593,0.08628284893929959,2.5282457682962447e-09,1.5486989104829264e-05
priorregion1_spot_39,2.2917421418355847e-07,1.2846646235686877e-08,2.666580658114981e-05,0.00038606855378020555,0.18390576019883156,4.612413122231374e-05,0.0003439312364207581,0.0036517525790259243,8.22734573375783e-06,1.0161100681216341e-05,4.747169790597639e-09,0.011684174044057728,1.7692462783713835e-08,3.4169119771831903e-06,0.30186809599399567,0.21360672861337662,5.808208869417797e-09,0.02882228186354041
priorregion1_spot_40,1.1429534509943551e-07,1.1891288176357762e-08,3.84992445106036e-05,0.02079632328823209,0.4720947459340096,7.75885466282489e-05,3.079293101109215e-05,0.026637082919478416,2.760322031463147e-05,1.0698656205931912e-05,4.478604043178791e-09,0.0795193087309599,2.8920453765124424e-08,9.181316854665056e-05,0.1391183786094189,3.378117776264844e-06,1.4011992055529276e-08,2.281036881868204e-06
priorregion1_spot_41,5.053217755346396e-08,7.71604962146455e-09,3.0048892585909926e-05,0.00021405906227300878,0.6471947282552719,8.276550261143711e-06,2.5595989791327155e-05,0.0001845184713602066,7.407078965115943e-06,1.160945857918705e-05,3.4860335396125207e-09,3.495942619338167e-05,2.5566794465703425e-05,1.0786380926219863e-05,0.2647247776389122,0.16029405519366266,1.3029225565119876e-08,6.201076485012891e-06
priorregion1_spot_42,3.909047325834081e-08,1.3167888956999719e-08,1.2445514084902244e-05,4.606620241247584e-05,0.12848610579967498,0.019475624617189168,9.223547067449546e-06,2.458153048792156e-05,1.2074979440512833e-05,3.4844662195610003e-07,1.8758230746485086e-09,7.951735187816667e-06,6.141440622720041e-09,3.1065199550539546e-06,2.808069737625374e-07,0.18347788155078887,9.392272015684711e-10,2.7225296719279866e-07
priorregion1_spot_43,3.498205582985747e-08,1.548574126708502e-08,1.4468329118244582e-05,0.00018035543980658987,0.1166806735098362,2.1871238732273924e-05,1.3060271339782047e-05,0.016096169222146274,4.050594588989042e-06,2.0842389631070547e-06,2.776698859729976e-09,3.2858257691259495e-05,1.3512667473847274e-08,6.240593256734428e-06,0.41442723870277404,0.017178352177143096,1.897612983414732e-09,0.048844588734209535
priorregion1_spot_44,5.228412283031503e-05,1.1007126898832102e-08,1.1705351198543214e-05,6.706286308144627e-06,0.29784627705812455,5.055052424722817e-05,3.6135213122179264e-06,2.3487380803999262e-05,0.06796111054718496,1.4557392887581956e-06,2.933179632513827e-09,4.74957541882759e-06,0.0004939659644151107,0.023932406213134527,1.3929792999078927e-06,0.2338268645107746,3.099755954139028e-08,1.4733539472899794e-07
priorregion1_spot_45,1.322017628702099e-08,2.4880466575893934e-08,3.0377171015061325e-06,4.1695034815347755e-05,0.3361330032348633,0.07479548789560796,2.205593818871421e-06,1.787430983313243e-06,5.613855091723963e-06,1.3024057750499196e-06,2.098745355283427e-09,1.215518500430335e-06,4.8428315047033264e-08,0.0068025458836928005,0.44459355622529984,1.4937297748929267e-06,1.5512979456566712e-09,6.541472487242573e-07
priorregion1_spot_46,4.9890875430946835e-08,2.459493020356973e-09,2.7469100700727722e-06,8.71106262820831e-06,1.4815773829468526e-05,0.007884988142177462,7.544818708993262e-06,6.377822955982993e-06,2.186471544973756e-06,9.233348537236453e-05,1.0998957051810976e-07,1.75120557628361e-06,6.8896939264817555e-09,0.0006320492131635547,0.6697015017271042,6.7429014961817315e-06,1.0684575113550922e-09,0.03493024967610836
priorregion1_spot_47,1.0474767933033036e-07,5.376785461308487e-09,1.2181464126115317e-05,0.00014176457625580952,0.18056850880384445,8.72476498443575e-06,5.995755623189326e-06,0.036068497225642204,6.174514146550793e-06,2.9121930310793688e-06,3.1939346389897593e-09,1.1696448609654908e-05,1.39316671088352e-08,2.5393811370122424e-06,0.18803996816277505,0.12575195506215095,5.7379275997249136e-09,1.4765816899853235e-06
priorregion1_spot_48,3.5666949393942105e-08,2.3532076509624743e-09,5.3923710765957373e-05,4.57679827377433e-05,0.4365685284137726,9.096922367461957e-05,3.351950417709304e-05,0.02901417752727866,2.1394573013822083e-05,3.6354214103084817e-06,3.467696252368313e-09,6.190930594129896e-06,9.279534074480014e-09,0.008173910621553659,0.6747858881950378,1.7706844005260795e-06,2.801220511106096e-09,0.00011759460576286074
priorregion1_spot_49,4.074053094882402e-08,4.336866776810667e-08,1.071254173439229e-05,0.00020356267996248789,0.4622313320636749,0.05220763050019741,1.544703563922667e-05,1.1487850724734018e-05,0.0023030474665574727,4.268142447472201e-06,4.814173104605857e-09,0.0036499563953839246,1.3354617811600634e-08,1.977090332729858e-05,0.23525790348649023,1.631641025596764e-05,5.865168950514033e-09,7.001423819019693e-06
priorregion1_spot_50,7.857012711554036e-08,3.953079108498514e-09,3.0125703051453457e-05,0.03560192473232746,0.1519655257463455,2.8520949308585843e-05,4.667883767979219e-05,0.03605993576347828,1.3339750239538263e-05,1.2351628981832619e-06,3.3316646330661114e-09,7.217971979116556e-05,1.6126936852600696e-08,0.00015765487769385801,0.485459640622139,0.26498738378286363,4.5371772783298075e-09,2.4898143328755397e-05
priorregion1_spot_51,5.587639826387658e-08,7.770448617883119e-09,6.373501964844764e-05,0.05268419589847326,0.15527992174029348,1.0228331302641892e-05,7.846459493521251e-06,0.02690456258133054,1.5161694363996503e-06,3.9343777416434024e-06,9.939023559724093e-09,1.6160997256520206e-05,2.1661101801129234e-08,0.014740390190854668,0.2224210813641548,0.10153803564608098,4.3525863357984916e-09,6.97320811013924e-06
priorregion1_spot_52,1.226060824421893e-07,1.1563397084302097e-08,7.974917889441712e-06,0.0002838809436070733,0.3080238103866577,3.72673381207278e-05,0.016695609036833047,3.598742132453481e-05,1.0674126679077745e-05,2.156714062948595e-05,1.0942137307345945e-09,3.8721713281120174e-05,2.0591965466110196e-07,0.0031111444579437373,0.1697233825922012,0.19163861200213433,1.081666938240744e-08,0.05249991063028574
priorregion1_spot_53,2.2591301203078728e-07,6.296019283702492e-09,1.0605987154121977e-05,3.639276947069448e-05,0.43827214539051057,2.0023300021421167e-05,0.00030622665944974876,0.04896256364881992,0.0001478688805946149,2.2325990812532836e-06,3.938403625447507e-09,4.429118962434586e-05,2.492650112984052e-08,7.96443855506368e-06,0.26368124037981033,9.538616609461315e-07,4.080194244693303e-08,1.5538620345978416e-06
priorregion1_spot_54,1.5713015883989103e-07,1.8621343667035718e-08,1.2014229514534237e-05,0.097359199821949,0.29218966960906984,0.00021910013165324927,0.0002631205221405253,1.5356881112893463e-05,0.0002394104390987195,3.4813968113667214e-06,7.553857694908573e-09,4.8590912228974055e-05,6.876971134772702e-08,0.0004566469971905463,0.18057648688554764,0.2045209340751171,5.258785740203109e-09,0.07510153129696846
priorregion1_spot_55,1.168122675920813e-07,3.146770293227519e-08,6.275153755268548e-05,3.214497919543646e-05,0.29784070551395414,8.383327303818079e-06,1.0531765110499692e-05,0.00012828293329221198,3.7319831562854237e-06,3.404930936312667e-07,4.382402685187969e-09,4.601681598614959e-06,1.1085522899634271e-08,1.8073670787543962e-06,0.24646177813410758,7.010164210896619e-07,3.1423430857380198e-09,0.034084995090961454
priorregion1_spot_56,6.833753687374157e-08,2.9232260967404502e-08,2.6210241139779102e-05,0.00020209547801641747,0.37054096907377243,4.65800856545684e-05,1.3219623679106008e-05,0.0001190259699797025,1.4159313514028326e-05,1.2649883558424335e-06,3.813575566447014e-09,1.1128605274279833e-05,2.387034250261877e-08,5.177227158128517e-05,0.24474905654788018,0.0754316084086895,1.9131294992646987e-09,0.009495356027036906
priorregion1_spot_57,7.123523388941067e-08,2.480695260320687e-09,3.866368001581577e-06,2.3445974693458994e-05,0.22172795757651328,1.614859011169756e-05,6.585710434592329e-06,4.574604918161641e-06,3.220373509975616e-05,1.3596102576229897e-06,1.6563966476201844e-09,1.9486301334836752e-05,1.7262018126018576e-08,4.968369466951117e-06,0.2869500696659088,8.887004554480882e-07,1.0085671908743877e-09,1.7354285864712436e-05
priorregion1_spot_58,4.080341241774477e-07,8.754952958156538e-08,7.290291864592291e-06,0.06161090675741434,0.49285331517457964,0.00034469679958419873,1.4032073067937745e-05,3.471932468528393e-05,4.2595420745783484e-05,1.0861821294838593e-06,3.0319781352261543e-09,6.148450415821572e-06,1.1605895045008199e-08,1.0240119263471571e-05,0.35262228846549987,4.59731147657294e-06,8.04285620326084e-09,1.910678844296854e-06
priorregion1_spot_59,1.0424449996548902e-07,8.657417760460362e-09,8.289221705126693e-06,5.317323521012441e-05,0.2731548175215721,3.984296290582279e-05,6.914535406394861e-05,0.044243532605469225,0.032669248431921004,2.3819124066903898e-06,4.629460326199819e-09,4.383378272905248e-05,3.44840941579605e-07,1.0103257591254079e-05,0.2506141006946564,0.14290099069476125,5.689498316918674e-09,7.479781697838917e-06
priorregion1_spot_60,4.8512576711345915e-08,9.072452566982747e-09,0.0001397550840920303,0.0004902659420622513,0.3032892718911171,2.914629667429836e-05,5.771392607130111e-05,0.00016807575448183343,1.84917916158156e-05,1.073891917258152e-05,4.7119135038187215e-09,5.4029192324378524e-05,1.3792014463831491e-08,6.935458532097983e-06,0.2456708550453186,0.06727191396057605,4.434490108451428e-07,0.014849792094901204
priorregion1_spot_61,2.21650989118416e-08,2.0327259986352432e-09,1.3061954587101355e-05,4.353246822574875e-05,0.23179811835289002,9.97750125861785e-06,3.8164466059242844e-05,4.0430910303257406e-05,6.342388178381953e-06,0.0010373040742706506,2.6539923703161607e-09,7.232554912661726e-06,6.929164819702295e-09,1.7463549284002511e-06,0.22775531336665153,0.03741061873733997,2.6923784646193384e-09,4.465502797756926e-06
priorregion1_spot_62,6.698191796772335e-08,3.2998163312925043e-09,7.514846129197395e-06,2.265163984702667e-05,0.36881994605064394,0.01807728223502636,5.726246217818699e-06,7.045735105748463e-06,2.619699591832614e-06,1.4238790470244568e-06,7.442091676246322e-09,1.491861377189707e-06,8.606803447719357e-09,4.699733585766807e-06,0.35373702794313433,5.976308216304461e-07,1.1088066242948006e-08,1.709859197944752e-05
priorregion1_spot_63,2.771486481378815e-06,7.358838405302493e-09,5.025822542847891e-06,0.0005168995645362884,0.43269041925668716,2.947136172224418e-05,3.574442016542889e-05,5.410331641542143e-06,2.7737568871089026e-06,1.4614196686579818e-06,2.2602719074171774e-08,0.0008663298038300126,6.188617014402098e-08,3.403325331419183e-06,0.15804523900151254,7.070894696425968e-07,5.853393258981044e-09,0.06403593868017196
priorregion1_spot_64,8.384745342482347e-08,4.944795017891579e-09,1.4738373374711957e-05,0.005986087373457849,0.6092332810163498,3.4682467594393534e-05,7.02563724189531e-05,0.032146602869033813,1.9123859965475278e-05,3.079180419263139e-06,2.3696737461165182e-09,0.0005366669385693967,4.215577362742806e-08,3.3507435887258912e-06,0.20403570979833605,0.10336689315736294,4.103037620772909e-09,4.342859301686985e-06
priorregion1_spot_65,4.9596144968688805e-08,5.987252005290601e-09,1.2941278009748203e-05,4.7606727639504244e-05,0.286530376970768,1.1630182871158468e-05,4.90700101636321e-06,2.6153464295930467e-05,2.833914868460852e-06,8.533342224836817e-06,4.761526817276263e-09,0.00037413813406601544,4.166255180848567e-08,1.2286858782317722e-05,0.22820031344890593,0.06583743169903755,1.6265820357297402e-09,0.008622332103550436
priorregion1_spot_66,5.7739752357122147e-08,1.3010867361273883e-08,4.742148507830279e-06,2.1043892320449232e-05,0.25532325208187107,1.0650290505509474e-05,7.884748220021721e-06,1.2750282576234894e-05,1.2758006550939172e-05,0.014143542433157564,4.198295688873089e-09,8.052813518588664e-06,1.2778102975730122e-08,0.05646339096128941,0.2513067677617073,0.18843839466571807,2.274898913690038e-09,1.4395720768334286e-06
priorregion1_spot_67,3.0736369183159705e-08,1.857099340973889e-09,1.284330105590925e-05,0.003217359236441553,0.33551575243473053,2.291338187205838e-05,5.229706562204229e-06,1.1785199694713812e-05,1.9489021269691878e-06,2.469231765189761e-06,3.117263924767855e-09,3.2461800060445968e-06,6.060946255992406e-09,1.72063192621863e-05,0.5118929266929626,7.476775550685488e-07,3.875129084285334e-09,0.09067987389862538
priorregion1_spot_68,2.2235963381689318e-08,4.475203718712351e-09,2.739420642683399e-06,5.340296274880529e-06,0.6856237083673478,0.04050444643944502,1.1900615709237172e-05,2.385335130838939e-06,0.0031448132242076097,1.1135205788548321e-07,2.736104809386575e-09,4.506109553403803e-06,3.1487897511617294e-09,5.414458883024054e-07,6.407777526362679e-08,9.603340274111362e-08,8.718143318375838e-10,2.25626290095704e-08
priorregion1_spot_69,2.829683722893606e-08,3.261453107583634e-09,1.5964254907885332e-05,5.0838208153436426e-05,0.5112107276916504,6.289678708526481e-06,1.6002114352886566e-05,1.661824126131251e-05,5.323483287611453e-06,5.186959356251464e-06,3.101579948427969e-09,0.00034407224447932097,2.091233275436366e-08,1.8799497297550262e-06,0.228373172134161,1.0679642457489537e-06,3.4755129107999495e-09,0.0034490200341679156
priorregion1_spot_70,1.6631710550996103e-07,1.4979756590705052e-08,1.5921446447464405e-05,0.14223793223500253,0.21266616657376292,1.4854649589324253e-05,0.0001024346722260816,0.1442054957151413,4.674903311752133e-06,6.709375725222344e-07,7.1697015879834685e-09,2.7684292854246453e-05,3.045943000046236e-08,0.000123344474559417,0.4742081806063652,3.5988388049190688e-06,5.675804626292803e-09,0.0002853888159734197
priorregion1_spot_71,1.700469958620943e-07,7.921648359499045e-09,9.920614684233441e-06,0.05834482330828905,0.7028454184532165,0.005356770590879023,1.67747007253638e-05,1.3498155703928206e-05,2.7334184051142073e-05,3.741546297533205e-05,6.70716198136745e-09,0.0001044459731929237,2.3885823097202777e-08,0.010258214687928556,0.066153010353446,1.8205732601472846e-06,4.631689187739597e-09,8.06400198598567e-06
priorregion1_spot_72,4.283426733309171e-08,6.440888045133875e-09,6.469089712481945e-05,0.00019520027417456736,0.27021430879831315,2.658609273566981e-05,0.0002133458314347081,0.031500250846147534,2.7946768113906728e-05,0.014393426384776831,6.4198807603332856e-09,0.017788671609014272,2.381032428999675e-08,5.333135527507693e-06,0.21495788171887398,0.11645104251801967,1.9215534607930354e-09,2.6079405688506086e-05
priorregion1_spot_73,4.024198556606962e-08,3.6506981659911727e-09,1.6034049167501507e-05,3.49810628904379e-05,0.19116056337952614,0.003008287027478218,3.593648182231846e-06,1.558240473968908e-05,1.077286469808314e-05,1.6482142825680058e-06,1.2178261121764677e-09,1.793533065210795e-05,9.143682699885858e-09,0.00015255359321599826,0.4539021536707878,0.10942881889641286,5.818273485225235e-09,0.0003283016892964952
priorregion1_spot_74,8.226831766933174e-08,9.95083566657229e-09,7.186695111158769e-05,0.04618688989430666,0.011232172325253486,0.00016454943470307627,1.8479024674888933e-05,9.230665018549189e-05,0.0003820032245130278,0.008588461857289075,6.075962444285211e-09,8.483451128995512e-05,3.1972908853816776e-08,0.010133621748536825,0.4208148941397667,0.12500350773334504,4.6568260358981214e-09,9.996292646974325e-06
priorregion1_spot_75,1.475460940980611e-07,3.9912243821049743e-08,2.3642043925065084e-05,0.0003995415099780075,0.1149089727550745,8.967378380475566e-05,7.960534685480526e-06,1.64048554324836e-05,1.7651075813773788e-05,5.010913668002104e-07,9.740706818917035e-09,8.469614249406733e-06,2.0487636209765017e-08,7.727317597527873e-06,0.27247972041368484,0.20855743512511254,4.117069329900857e-09,2.922537771610223e-06
priorregion1_spot_76,1.4966513051106747e-08,8.41582523669615e-09,4.689555817094515e-06,0.00010996376768162009,0.2347997449338436,0.00015982736949808897,3.4174229767813815e-06,3.6035678590451423e-06,1.3615774696518203e-05,1.1246008966736553e-06,2.7859066387136976e-09,8.466403050988448e-06,3.0871787259911803e-08,3.721501695963525e-06,0.20317279770970345,1.9217750718780736e-06,4.977278522666496e-09,2.5329404564899963e-07
priorregion1_spot_77,4.289042951910461e-08,3.835795669981935e-09,8.333444657182554e-06,0.032984512858092785,0.44532898217439654,3.4165444048994686e-05,2.8600214591278927e-05,6.356558537845558e-06,7.543290007561155e-06,3.6898494840897916e-06,5.150097570627565e-09,8.704740212124306e-05,2.7447911765676736e-08,1.245560247298272e-06,0.20046527907252312,6.455095416413315e-07,7.301905124990072e-09,0.05505819786339999
priorregion1_spot_78,3.451929213582617e-08,4.37616199278068e-08,7.10561562300427e-05,9.892307170957793e-05,0.5587237596511841,0.0001222051290824311,8.810379622445908e-05,5.0130576892115644e-05,0.03324739672243595,1.5684829486417586e-05,3.6212128740054086e-09,6.230868730199291e-05,3.0016086860484846e-08,5.139038421475561e-06,0.16135545894503595,0.04435927364975214,3.0628160008205896e-09,0.04210142958909273
priorregion1_spot_79,4.8640905347951954e-08,9.563467617823563e-09,1.1848156691485202e-05,0.00016062290815170856,0.10501911155879498,0.033629925921559334,2.1655428918165855e-05,6.533547389153682e-06,3.080614794725989e-06,3.873466921504587e-05,5.806568315058772e-09,1.193969851556176e-05,1.3841311830020687e-08,0.025713321845978496,0.40025746673345564,0.21505485624074935,8.656869754375408e-09,2.536846386647085e-06
priorregion1_spot_80,1.364899056000013e-08,4.165719524884537e-09,1.002967019303469e-05,1.415703259226575e-05,0.020148470252752307,1.3273817967274227e-05,8.364772293134595e-06,5.5921040075190835e-05,0.007676031463779509,1.2692341670117458e-06,4.837901323995198e-09,1.6567801594646879e-06,9.63198969472501e-09,3.945915841541137e-06,0.3237438783049584,0.06004915572702885,1.4763383904270456e-09,0.13045672178268433
priorregion1_spot_81,2.376322347785731e-08,6.556261289425436e-09,3.1618468369742916e-06,8.08399886409461e-06,0.8418430775403976,0.0001349851052509621,3.0657540150969002e-06,2.1479620841091674e-06,0.03934082258492708,9.73770884371561e-08,2.8132396301394634e-09,4.087218917447899e-06,3.8661129186934324e-09,4.594898314280727e-07,9.423064391000936e-08,1.2829661528712679e-07,3.434567663607169e-09,2.416622351120168e-08
priorregion1_spot_82,2.196288502176458e-08,4.3332968324705234e-09,6.741783108736854e-05,0.0004895500387647189,0.6854661881923676,2.0221144677634583e-05,8.312714198837056e-05,0.00018530557717895136,5.081831682218763e-06,5.6788111280070555e-08,7.87470344487673e-10,5.545526278183388e-06,2.8140794228193046e-08,7.683499688937446e-07,1.813674010975319e-07,1.8625012998541024e-07,9.898002584218802e-10,8.118779568633271e-08
priorregion1_spot_83,6.062570019338411e-08,2.0608622985918145e-08,0.0033844265271909535,6.610851596633438e-05,0.5146009981632232,9.273153627873399e-05,0.00011197679014003371,0.009412330295890569,0.00011270781033090316,3.5625915074888327e-06,3.580604635011753e-09,1.4624533423557294e-05,2.782451984373325e-08,3.45235383747422e-06,0.2359471671283245,0.18231015503406525,1.1300982372119963e-08,6.951926820875088e-06
priorregion1_spot_84,5.7082442772582453e-08,2.8047363653804793e-09,3.956678074246156e-06,2.7137561392009957e-05,0.03517808932811022,0.019987287931144238,5.084170916234143e-05,7.993209783307975e-06,9.004746934806463e-05,1.0262983505526791e-05,2.7043214223532177e-09,1.53046840296156e-05,1.1613411698974119e-08,0.02265018252655864,0.8503839075565338,0.12559146285057068,4.429108146908334e-09,4.727848317997995e-06
priorregion1_spot_85,3.898891911546798e-08,7.075013441770751e-09,1.1846761799461092e-05,0.04810205716639757,0.04847167562693357,0.06265860795974731,4.942362784277066e-06,8.839536076266085e-06,7.845721156627406e-05,7.358538908874835e-07,3.857163677345455e-09,8.35350965644466e-06,2.8451036993004666e-08,0.04835222326219082,0.3891493871808052,0.08073748350143432,6.943426411609722e-09,3.055782726733014e-05
priorregion1_spot_86,2.784962287449844e-08,9.770055786617604e-09,5.199731367611094e-06,0.023258997779339555,0.20253251194953917,0.035766405239701274,2.913674143201206e-06,5.343421571524232e-06,4.243157445671386e-06,1.0837086165338406e-06,6.047806944131651e-09,2.6536091127127294e-06,1.7769215343577118e-08,1.3193548556955648e-05,0.47528642416000366,7.383108794556392e-07,5.10730180369734e-09,1.818449135271294e-06
priorregion1_spot_87,1.630854509215851e-08,1.428962177669746e-05,4.641256327886368e-06,8.922606457417713e-06,0.4329787611961365,4.625023757398594e-05,2.1264948486532376e-06,8.939528015616816e-06,9.718257615531913e-06,6.775691787197502e-07,1.102594854307526e-09,1.3668537940247918e-05,5.15255487165689e-09,1.2000303627246468e-06,0.41987559348344805,3.70143277450552e-07,1.8161537773675468e-09,2.0097051915968224e-07
priorregion1_spot_88,1.608857571611111e-08,1.0420078300210634e-09,2.2429934460888035e-06,7.203849672805519e-05,1.1282361149787903,0.03934504389762879,1.4432739862968447e-05,4.116557647648734e-06,0.000884783227229491,1.254254669902366e-07,4.552822985282034e-09,1.2208192492835225e-05,3.997008923839474e-09,1.5141473497237712e-07,6.767774571869722e-08,2.4043827835384944e-07,9.025499098092027e-10,4.963438637872741e-08
priorregion1_spot_89,1.2911215492295016e-06,3.7666729468810445e-07,8.258065645350144e-06,0.061007929407060145,0.35366659313440324,4.802816456503933e-05,2.04359616873262e-05,1.4242969746192105e-05,1.0494712751096812e-05,2.4354525976377774e-06,1.2965572393497384e-08,2.401610981905833e-05,3.8687167602802225e-08,0.00016868869060999715,0.34115408807992936,2.752653256266058e-06,6.453380727577952e-08,1.4524325138154381e-06
priorregion1_spot_90,9.478749944946685e-08,9.23728711299532e-09,4.3528057176445145e-06,1.549258527120401e-05,0.22191658318042756,1.1730301685020096e-05,2.3662843773308855e-06,7.562306964246091e-05,0.018036537524312734,1.1738821285689483e-06,1.8889188324600075e-09,1.7961293679036316e-06,4.62797664635417e-09,1.39090607262915e-06,0.3933896288275719,0.18806020617485047,2.1815369288802345e-09,6.151517510488703e-07
priorregion1_spot_91,1.1549823462075892e-07,4.181101109779207e-09,4.27448909249506e-05,2.0188513917673846e-05,0.17040369808673858,2.6850059020944174e-05,6.385918459272944e-06,0.03276517447084189,5.776183661510003e-06,3.2556516543991166e-06,1.800453802713875e-09,0.011717699095606804,3.01550914016957e-08,7.620993784485109e-07,0.5261719197034836,1.4733933596744465e-06,4.8183951406599595e-08,8.88254293386126e-05
priorregion1_spot_92,4.8407213881773715e-08,9.601174433271355e-09,3.4543230299277638e-06,5.523237214219989e-05,0.24337003827095033,2.4631223027427043e-06,5.196583992983506e-06,0.09314326718449592,1.743763493777806e-06,1.546186996392862e-06,2.1123080506946228e-09,1.6517845870112074e-05,9.702484859985817e-09,1.949389707078808e-06,0.0832673393189907,0.16880523115396498,2.1531269323027403e-09,2.090675270665088e-05
priorregion1_spot_93,3.5705159895371704e-08,1.0370756831079575e-08,1.721084900054848e-05,0.017222855519503356,0.27568368911743163,4.690442965511465e-05,5.100105931887811e-06,9.350474147140631e-06,7.340286356338765e-05,6.835840576968622e-06,1.2622239253801127e-09,0.02134721940383315,5.246042071860302e-08,7.594679982503294e-06,0.27927921116352084,1.967246305412118e-06,6.866416768502859e-09,3.269763365096878e-05
priorregion1_spot_94,6.610653393579468e-08,2.4922716557185256e-09,2.7715384703697054e-06,1.885737174234237e-05,0.39990519136190417,0.034652613662183286,1.0026834570453502e-05,7.792471888024012e-06,3.390020424376417e-06,8.848322039511913e-07,3.335705844875748e-08,5.732886916121061e-06,1.0171304509754011e-08,0.03158101923763752,0.4504284754395485,1.0255359654820495e-06,3.838170292702614e-09,2.33286156117174e-06
priorregion1_spot_95,3.912993129517873e-08,8.533055284587478e-09,0.04519534353166819,0.005511074070818722,0.4367699638009071,1.8249838285555596e-05,1.1110069590358761e-05,4.085848231625278e-05,3.864501957195899e-06,4.022270331915934e-06,3.6099905731390434e-09,1.93522800145729e-05,1.860162583966485e-08,1.7733920458340436e-06,0.16958983168005945,1.6900575587897038e-06,2.3720524544579297e-09,0.006552332825958729
priorregion1_spot_96,2.3990876929502748e-08,1.2831462026241525e-08,1.9795874209194155e-06,3.431650857237401e-05,0.21709708720445633,5.852518302162934e-06,5.277955347082753e-06,1.921974552487882e-06,1.7337290103114356e-06,5.622609478450613e-07,8.241834215105825e-10,9.019285153044621e-06,1.4537024028982161e-08,2.3588179260514155e-06,0.3826498493552208,5.294767959185265e-07,3.5268348019812392e-09,0.054547459445893766
priorregion1_spot_97,2.490184893844116e-08,4.69102148237255e-09,1.0704071519285207e-05,0.00019493562213028783,0.05915056597441435,6.291428053373238e-05,2.1101966126479964e-06,2.7227884856984024e-06,2.700882509998337e-06,6.66242831357522e-06,3.771644752070813e-09,3.1239353575074347e-06,1.9655380345540154e-08,0.03837465010583401,0.48847563713788983,0.033179531805217266,2.0524012711575778e-09,5.427281507763838e-06
priorregion1_spot_98,2.505012117737238e-08,1.494947743374553e-09,1.1875877532929735e-06,6.37506570910773e-06,0.19354823008179664,6.746807980562153e-06,9.29158013605047e-06,4.610639803104277e-06,9.129216141445796e-06,5.690571128980082e-07,1.2733494147987303e-09,2.6556593002169394e-05,1.0483915291459313e-08,5.641705513426131e-07,0.39397225230932237,7.297219127622157e-07,1.217698308852988e-09,4.776012769980297e-06
priorregion1_spot_99,2.1794832161248227e-08,9.406739343020832e-09,0.0070539729204028845,0.08780338764190675,0.7133256644010544,1.9894704291800735e-05,1.1685338813549606e-05,0.03672587480396032,4.692616630563862e-06,6.645431405161162e-08,1.4259105118874517e-09,2.5358845050504897e-05,7.108524679999562e-09,4.555538296813211e-07,1.5641561148527217e-07,3.2416624122788563e-07,1.2930981951875255e-09,4.669971094273251e-08
priorregion1_spot_100,1.2123364747651522e-07,4.687987398277471e-09,7.29417981347069e-05,0.06939392015337945,0.6078669100999833,4.065064786118455e-05,7.798750957590529e-05,5.657791152771097e-05,5.439362166725914e-06,2.367892852817022e-06,2.2490128204211148e-09,5.4007868857297585e-05,2.3941784021985773e-08,2.5889821245073114e-06,0.4225024402141571,1.074073139761822e-06,1.916947200975017e-09,2.3312272787734404e-05
priorregion1_spot_101,3.5187959923632665e-08,5.599840990910821e-09,2.2482063741335878e-05,8.8022187264869e-05,0.30350839942693714,7.429217221215368e-05,6.592368372366763e-05,0.0002223854469775688,1.5864857323322214e-05,2.5207038675034713e-06,3.688116401168174e-09,1.2444674030120953e-05,1.0719431770667143e-06,4.1177560888172595e-06,0.13084370866417885,0.08373306170105935,2.2462832038883105e-09,4.2056777601828795e-06
priorregion1_spot_102,6.37374995449136e-08,6.708495376983592e-08,0.020597229059785605,0.057792858220636845,0.192560525983572,7.110835686034989e-05,1.3454877216645401e-05,8.442863145319279e-05,1.686930045252666e-05,5.017691491957521e-05,8.294629649796548e-09,2.114966264343821e-05,9.800414382254988e-08,0.00010245572339044884,0.056677385605871676,0.10138288922607899,1.3398463982738919e-08,0.02304608514532447
priorregion1_spot_103,3.2828348253133297e-07,3.4689578098934248e-09,3.997865915152943e-05,0.0007293436501640826,0.46977764666080474,1.6783507180662128e-05,1.592838111719175e-05,0.07526302523910999,1.433762013220985e-05,2.134414989996003e-06,3.298995709943853e-09,0.015882722567766905,2.784500052754879e-08,8.740131579543232e-06,0.08619570173323154,0.04646132234483957,4.5732569731171684e-09,2.6263423478667393e-06
priorregion1_spot_104,1.2701262708247897e-08,2.742010141165707e-09,3.4652434123927376e-06,1.2726426484732658e-05,0.9059951812028885,4.4738700125890325e-05,5.585404278463102e-06,9.330914235761157e-06,0.031571924686431885,4.400827613437741e-08,3.53192088908827e-09,1.6014290486054962e-05,3.1818320977983205e-09,4.987839488990177e-07,4.1723002652815925e-08,1.268367228135503e-07,1.6150675574699847e-09,2.4526434128091525e-08
priorregion1_spot_105,4.0361997832860653e-08,1.6040757078172876e-08,4.2214849827360014e-06,3.0041407353564863e-05,0.1545081228017807,1.5313095718738624e-05,4.067227928317152e-05,6.469824847954442e-06,1.8741306121228263e-05,1.8172018030782057e-06,1.011964672059662e-08,1.4292438982010937e-05,1.205905939549723e-08,2.2490893002213855e-06,0.6052303552627563,0.0693860098719597,3.1542813583307353e-09,1.1389581686671593e-06
priorregion1_spot_106,1.519324314358528e-07,3.096514356037972e-09,8.632499429950258e-06,0.00022852819020044993,0.47088428139686583,1.1618339976848802e-05,4.1125792222374e-06,8.045761387620588e-06,3.1924011182127287e-06,7.824348216445287e-07,5.575041250871494e-09,0.014752097055315971,1.898959025581348e-08,7.811230852894369e-06,0.12205101065337658,0.0821871217340231,2.310511526548709e-09,1.5423446711793078e-06
priorregion1_spot_107,6.86006046635157e-08,1.4853245700052754e-08,1.6547290215385146e-05,0.09654619619250299,0.4277563780546188,0.00014848224600427787,0.00019838913649437018,2.9085768710501723e-05,1.4517660338242423e-05,7.42873437502567e-06,3.587177865860269e-09,8.49078020110028e-05,3.0481589519126826e-08,5.032466287957504e-06,0.711932623386383,3.6873631870548712e-06,4.942196674129207e-09,0.008575995871797205
priorregion1_spot_108,2.3806930542491504e-07,1.2283858374928517e-08,3.3089732096414084e-05,8.910757060220931e-05,0.2930701062083244,1.949009883901454e-05,0.0005845481879077852,0.09318853989243508,1.854797837950173e-05,0.02245165705680847,9.713676396572168e-09,0.027027509361505508,1.451127467078095e-08,9.15987884582137e-06,0.06716261841356755,0.2785565540194511,3.996644504233871e-09,2.5949160431082417e-06
priorregion1_spot_109,3.875731433566898e-08,3.6384509960463164e-09,2.3812840845494067e-05,0.004132409696467221,0.4083842933177948,4.9810642303782514e-05,0.0017352814727928491,8.85278142959578e-05,2.620035888867278e-06,3.181544570907136e-06,1.3498739903639034e-09,4.6005333388166036e-05,1.8445231830810372e-08,7.009723412920721e-06,0.3257167935371399,3.7644535041181374e-06,5.249060230916314e-09,0.012808984098955988
priorregion1_spot_110,2.69527795637714e-08,1.0482566059621947e-08,1.0317933083570097e-05,2.081030661429395e-05,0.3153095796704292,3.2307336368830875e-05,4.927141389998724e-06,2.5990416452259532e-05,0.0160373454913497,8.392014308356011e-07,5.422587889825081e-09,4.419869924277009e-06,9.788899291152122e-09,6.980932403166662e-06,0.35196815282106403,0.05655593685805797,1.9175525278747333e-09,1.0494181708509133e-06
priorregion1_spot_111,2.9643037535720395e-08,5.709530048747524e-09,1.2773108892361051e-05,4.301163917261875e-05,0.518566706776619,9.936207170540002e-05,7.984339754329996e-06,2.4665521777933467e-05,0.050458958558738234,2.922864332504105e-05,2.7359153942363436e-09,0.00019839930973830633,1.1419809364809906e-08,7.785728521412239e-05,0.4679831311106682,1.7013102308283124e-06,1.341330785331607e-09,2.859206304606232e-07
priorregion1_spot_112,3.5710853474313355e-08,1.5153214150132043e-08,5.975293584015163e-06,3.264536462666001e-05,0.23075413703918457,2.8094040135329124e-05,2.1227043362159748e-05,8.067918861343061e-06,4.532789262157166e-06,1.4985049858751154e-06,2.721274272587948e-09,2.7865656306858e-06,1.113869236846199e-08,0.0012504057143814863,0.3527273431420326,0.11147335954010487,3.1313180270942105e-09,0.0037139018531888723
priorregion1_spot_113,5.064915953312266e-08,1.6906731925558914e-08,1.89261951163644e-05,0.0057424715720117096,0.28220134526491164,0.015418930537998678,8.52475391184271e-06,5.378254195420595e-06,3.3671164260340444e-06,9.000274786785667e-07,1.9755604596660706e-09,6.705563532705129e-06,8.788962935213365e-09,6.1003105656709525e-06,0.10802787356078625,7.085304844167694e-07,2.922395225812835e-09,0.0281322262249887
priorregion1_spot_114,8.593135341072867e-08,1.5037364997638748e-08,0.011515855975449086,0.00021668288900400512,0.5601912438869476,4.4948787217435895e-05,0.00011137685542053077,0.014851610455662013,1.1550597173481947e-05,3.539934423315572e-05,1.74631231253386e-08,8.706900771358051e-05,4.3270535599049254e-08,2.1429954722407276e-05,0.1880317524075508,0.04814895559102297,9.407193823918194e-09,0.01826404817402363
priorregion1_spot_115,8.334989090030832e-08,2.6872944047795502e-08,0.00010144289371964988,0.000745442952029407,0.36605360358953476,0.04628350120037794,0.013576861657202243,0.00024177498271455992,0.00018381682020844893,8.922095767047722e-05,8.90265745567831e-09,3.0195429280865942e-05,8.380394156404236e-08,2.3717885051155465e-05,0.2906489834189415,0.19187221825122833,1.2208038757677289e-08,0.030753442738205194
priorregion1_spot_116,1.6736052099730614e-08,6.652663042672204e-09,1.40203257160465e-05,5.614072033495177e-05,0.5331831604242325,0.00034814440296031534,2.3695000436418923e-05,1.0585755399006305e-05,0.011691495450213552,9.93273920357751e-07,2.5968950878585417e-09,0.00010666455309547017,5.371891376171334e-09,2.2650600112683608e-05,0.1402224689722061,1.6044820768001957e-06,2.3135013904607153e-09,2.675423331766069e-06
priorregion1_spot_117,1.429173742906187e-07,1.5816315368510917e-08,2.2419450033339672e-05,0.028925379365682603,0.20094141885638236,3.167022587149404e-05,0.00011798724772233983,0.027835015673190355,1.709350817691302e-05,0.00898304432630539,3.5267121445414777e-09,0.00014954005018807948,3.282048943731297e-08,0.00017246572024305352,0.22037887498736383,0.08894767202436925,1.3959492450865698e-08,1.1314850144117373e-05
priorregion1_spot_118,8.793368131421176e-08,1.700516949476594e-09,1.023115059979318e-05,8.207464125007392e-05,0.12310148738324642,5.557441568271315e-06,1.3254779696580954e-05,0.09487806595861911,1.2626879481558718e-06,1.0715520772919263e-06,1.3360868522660498e-09,1.8233498667541426e-05,9.076139351194002e-09,8.735329117826041e-07,0.7497688561677933,6.35161467243961e-07,2.7485907772017986e-09,1.0837268746399785e-06
priorregion1_spot_119,4.203743877440047e-08,5.271403358264593e-09,5.926268909206556e-06,2.278971869600355e-05,0.2038055121898651,8.789807543507779e-06,1.9834657268802403e-05,1.3488369677361334e-05,7.902101424406283e-06,1.1847647670037986e-06,3.394466974171451e-09,2.2130531306174817e-05,7.437038229696214e-09,5.165516927263525e-06,0.22294288873672485,0.19912433102726934,1.2529633830471453e-09,1.1135855913835259e-06
priorregion1_spot_120,2.0839660663796173e-08,3.832908113121647e-09,1.6235894861438283e-06,1.1553534523045527e-05,0.03511847872287035,1.087786599782703e-05,1.2144892934884411e-06,1.996555727146188e-06,5.49044088984374e-06,4.3894220880247303e-07,2.064310866689567e-09,3.7765946103718306e-06,9.852265714371811e-09,2.308096406977711e-06,0.1743886649608612,7.980856963740735e-07,8.499438153286576e-10,1.1462304541964842e-06
priorregion1_spot_121,4.3147830730561056e-08,3.5501750317301635e-09,4.033659424749203e-05,0.006794803030788899,0.14444703310728074,2.146012220691773e-05,3.822687290266913e-06,6.0919359157196595e-06,1.9099086841833927e-06,2.2369618136508506e-06,1.554048562057986e-09,1.4219493687051003e-05,8.77398380616512e-09,1.1557513744264726e-06,0.4751316070556641,5.992609658278525e-07,1.4049259144943705e-09,0.05582831148058176
priorregion1_spot_122,1.3815882526913016e-08,2.306057478307366e-09,3.8004472799002543e-06,1.7477023811807156e-05,0.6342290371656418,0.0045198495499789715,1.027732005240978e-05,8.14665386315028e-06,0.01667467849329114,1.2102272606284714e-07,2.2727162929392364e-09,1.963841930319177e-06,7.464297335779691e-09,1.6630055995392467e-06,9.621190883990494e-08,1.786450027907449e-07,2.0867023553527992e-09,4.5248111746332146e-08
priorregion1_spot_123,2.8668705809309358e-08,2.7256100154637868e-09,3.1239774557434435e-06,2.215120557593764e-05,0.5208555430173873,8.573375926062e-05,1.2390055644573296e-05,7.0033929432611335e-06,0.00010200304532190785,9.472321039538656e-07,2.08583003091789e-09,4.525180111158989e-06,5.214058051983274e-09,1.7851132838586636e-06,0.3436960354447365,9.856677422703797e-07,1.5405403341883783e-09,5.170270299004187e-07
priorregion1_spot_124,3.0785340676686704e-08,3.268214510132595e-09,6.017013547534589e-05,0.00017517464293632657,0.2535068511962891,4.8709061957197264e-05,5.908090133743826e-06,4.249932480888674e-05,0.0004333947290433571,2.47967248014902e-06,1.3260041287210811e-09,1.1959997436861158e-05,5.552083792714768e-09,2.372904600633774e-06,0.5450353980064392,3.624248915912176e-06,1.7138070296240926e-09,1.8415478677979992e-06
priorregion1_spot_125,3.024725359068725e-08,5.237666500512718e-09,6.686815395369194e-05,0.006226700684055685,0.33247753232717514,2.439309710098314e-05,7.7359082069961e-06,3.918996626453008e-05,1.3967299628347975e-05,2.6234723827656128e-05,4.319328339441597e-09,2.274757143823081e-05,1.3536393339563801e-08,2.2862397713652175e-06,0.5422835528850556,2.2688088847644394e-06,3.4443064400591086e-09,0.02896280577406287
priorregion1_spot_126,8.358675920305814e-08,5.2492646895885295e-09,8.788012792138034e-06,6.098106241552159e-05,0.11675099320709706,1.0504890678930678e-05,0.012896636081859468,2.0455642697925217e-05,2.030164239386068e-06,5.5916234032338246e-06,1.3729964165598577e-09,6.208655372574868e-06,9.504498210688441e-09,1.5881327499300824e-06,0.23842131495475768,2.3027439397083074e-06,1.7542449104457346e-09,0.0014624711708165707
priorregion1_spot_127,7.204931229409794e-08,1.0287437657297005e-08,1.771536608430324e-05,0.03587154988199473,0.13019428327679636,0.015622449247166515,0.004365307022817433,4.9357846728526054e-05,1.257820681530575e-05,2.4746280814724742e-06,1.520558492451585e-08,2.3050478921504693e-05,1.3012919666266499e-07,0.0008628794748801738,0.1344303399324417,0.16811157613992692,2.99010548765466e-08,2.3185556528915185e-05
priorregion1_spot_128,2.822925910805907e-08,1.88274790424714e-08,2.1783643387607298e-05,0.012050783773884178,0.332177509367466,7.046775936032645e-05,0.00016167990906978957,0.00020017910428578035,3.674923318612855e-05,2.803368704462628e-06,2.5467134845413853e-09,0.00020264700215193445,1.4456585573086046e-08,4.5938813855173066e-05,0.24733451902866363,0.17880457267165184,9.355314478654008e-09,5.743358838117274e-06
priorregion1_spot_129,1.309468096621913e-07,1.2716237973720013e-08,3.9622403892281e-05,0.013235658267512917,0.29994049221277236,2.9886218908359296e-05,3.2761962938820946e-05,0.015329037234187127,1.014832719192782e-05,0.033884957805275916,1.4729118991141376e-08,5.3752161329612135e-05,1.6738110542036112e-08,7.91901579759724e-06,0.47027285397052765,0.09170255661010743,3.460681552436285e-09,0.032369385659694674
priorregion1_spot_130,3.521431324315927e-08,4.316863488895706e-09,9.946366435542587e-06,6.716434108966496e-05,0.2891657903790474,8.912963812690579e-06,5.1621780585264794e-05,9.234872813976836e-05,0.003902494627982378,0.013787778373807668,3.7210137415755188e-09,2.0342943389550787e-05,1.4253110203199527e-08,8.175516512665127e-07,0.30867320448160174,6.972028558038801e-07,1.8870425444461606e-09,0.02345587955787778
priorregion1_spot_131,1.6335735963934896e-08,4.489142857444506e-09,2.335903172934195e-05,0.00013891865964978933,0.5659239262342454,0.05669023934751749,7.634750863871888e-06,8.737311100048828e-06,0.026780997589230537,1.2189839537768423e-06,3.6088100507924995e-09,1.3441244573186853e-05,5.64532034452725e-09,0.021785498782992366,3.4213685751183226e-07,0.1744691900908947,2.1569648844810274e-09,3.1435798888423963e-07
priorregion1_spot_132,1.629571149130982e-08,4.0564168912737845e-09,5.229567505011801e-05,0.3109629675745964,0.4927641928195953,1.5974030884535753e-05,1.1312712558719799e-05,0.08489950709044933,5.2783011960855225e-05,1.5018732355542854e-07,9.991639249307128e-09,0.004772288142703474,6.352826389388611e-08,4.733754252583822e-07,2.9043040683518484e-07,2.8511320522284227e-07,2.0340793938089525e-09,1.1309181715546402e-07
priorregion1_spot_133,3.709900369130992e-08,1.7651498929183165e-09,6.026731557540189e-06,1.7857351667771582e-05,0.32442087680101395,1.583124440003303e-05,9.092030359170166e-06,8.126418470055798e-06,9.446804187973613e-06,7.376083813142032e-05,5.627148214060185e-09,0.0005040080344770103,1.2663788950817435e-08,1.5334364377395103e-06,0.4125454291701317,4.858859114165172e-07,2.9291243652807e-09,6.668806776133352e-07
priorregion1_spot_134,5.0375037652372614e-08,7.174203419708648e-05,0.00012345674331299962,3.608068636822282e-05,0.3886777192354202,3.079608904954512e-05,2.5860065852612026e-05,0.037983347289264204,7.816907855158207e-05,4.970522525127308e-07,2.454929672879303e-08,1.9637480022538513e-06,2.3046256725223206e-08,1.5986641130893986e-06,0.3875390872359276,1.2184555828298472e-06,8.161161568764897e-09,2.627808419219946e-06
priorregion1_spot_135,5.86715607653332e-08,8.352960056967619e-09,1.4048119874132681e-05,8.389904578507413e-05,0.1263008765876293,2.125268401869107e-05,8.865774725563825e-06,7.751524117338704e-06,2.4591440069343663e-05,2.7730921942747953e-06,6.070349845010981e-09,4.446846401151561e-06,1.3213598082373323e-08,3.2946513897513798e-06,0.3898315250873566,0.13202957212924957,5.431817107215409e-09,0.12404797226190567
priorregion1_spot_136,4.599703249397181e-08,1.196068049047483e-08,2.147839331883006e-05,0.06390451341867447,0.47789992541074755,4.856303239648696e-05,1.1488367090350948e-05,8.627388779132162e-05,1.526260502942023e-05,6.125101481302409e-06,4.59969800026272e-09,2.0177765054540942e-05,1.9062589551310794e-08,1.1401654228393454e-05,0.1582847073674202,0.0689754106104374,7.46819666108678e-09,5.661412797053344e-06
priorregion1_spot_137,4.765580783328006e-08,2.9546544877412376e-09,9.095932455238655e-06,3.62094380761846e-05,0.11706460081040859,7.481582042601076e-06,2.6695566430134934e-05,1.843431546149077e-05,2.7785356337517444e-06,1.6950533620274656e-06,6.255407164479365e-10,8.381027282666764e-06,9.198063422033442e-09,1.8006099890044424e-05,0.37638288885355,0.05787454154342413,3.4014373651025666e-09,3.0136135791281055e-07
priorregion1_spot_138,3.45076669461264e-08,6.0076232433203815e-09,3.769544662191038e-06,7.246416535053868e-05,0.2867185533046722,7.435612933477387e-05,6.355796858770191e-06,3.0154083333400194e-06,3.377376997377723e-05,1.0449493674968836e-05,3.8366939403289285e-09,1.8848573745344765e-05,1.3980309754302312e-08,1.1947131952183554e-05,0.254525825381279,8.41016927211058e-07,1.5584621926301168e-09,3.5688387015397897e-06
priorregion1_spot_139,5.189294842722348e-08,9.324983363256935e-09,3.02868304970616e-05,0.027722739800810817,0.41774794459342957,2.994395663336036e-05,2.2025499856681566e-05,3.8174266956048085e-05,6.106535402068402e-05,4.460279778868426e-05,1.7091734916263591e-09,3.7905234057689094e-05,2.3771530610616766e-08,3.2884064580684937e-06,0.33500885367393496,3.1196464874483357e-06,4.361109540163e-09,0.04184492789208889
priorregion1_spot_140,2.1884670342586788e-08,4.788459140314672e-09,4.340939972280466e-06,4.9284134183835705e-05,0.4885478913784027,2.550676590544754e-05,6.984913898122613e-06,3.265272675889719e-06,8.24972025839088e-06,3.1770595967373086e-07,1.267918209313379e-09,4.788278215528408e-06,9.787342714062675e-09,8.687320769240615e-06,0.39857471734285355,9.200953769550324e-07,2.899760254138073e-09,1.7292665461354773e-06
priorregion1_spot_141,5.303368695308564e-08,2.91912244598791e-08,0.017523433826863766,0.0008028999785892665,0.47448980212211606,9.901438761517057e-06,0.013461257331073284,0.03342584595084191,3.259757045270817e-06,1.647314326191918e-06,2.6209659442777422e-09,3.5478517929732334e-05,2.6973154021447955e-08,4.133530364924809e-06,0.08934568502008916,1.5622256853475848e-06,4.7934644697988925e-09,1.1588607776502614e-06
priorregion1_spot_142,1.492609797537625e-07,2.437691390966279e-08,3.733047888090369e-05,0.04210343938320875,0.17428218126297,0.0001544055630802177,3.53944544258411e-05,8.795811590971425e-05,1.4247024682845226e-05,6.652762294834247e-06,4.701185343236603e-08,1.8091442598233698e-05,0.00025352207012474537,0.02357250181958079,0.4916808560490608,2.785974606922537e-06,8.129887252295021e-09,1.7362808830512225e-05
priorregion1_spot_143,3.722721082510817e-08,7.465617546387195e-09,1.954571816895623e-05,0.1241893045604229,0.39072043597698214,1.2399004572216654e-05,1.1072753341068165e-05,1.677170475886669e-05,3.6424833865567056e-06,8.858378487275332e-06,2.954391065124185e-09,4.480287998376298e-06,1.2027834683792095e-08,1.5619221267115792e-05,0.3480228453874588,3.8725399775785263e-07,3.1936046251956895e-09,0.028881707973778245
priorregion1_spot_144,7.482466948260936e-08,4.21292039032295e-09,1.0117663578057545e-05,0.0004527888318989426,0.28017764389514926,0.014755488187074662,8.432043432549108e-06,1.2701666810244205e-05,1.3847483114659554e-05,2.826929733146244e-06,2.414207389556111e-09,3.865096959998482e-06,9.123984057168855e-07,1.6163218970177698e-05,0.48332386910915376,0.032343878597021106,3.055236152960106e-09,3.2089887213260227e-06
priorregion1_spot_145,5.8504800826142404e-08,6.356178183786199e-09,1.8284382804267807e-05,0.0015489345649257302,0.06540989354252814,0.015280698845162987,8.42383042254369e-06,2.1121764166309732e-05,1.2113992397644326e-05,2.3180723587756804e-06,1.1124582410815265e-08,1.276648727071006e-05,0.00017537513922434299,0.1571570612490177,0.3155864730477333,0.11118338443338871,9.857354932307771e-09,7.793386321282015e-05
priorregion1_spot_146,1.1477071453214195e-07,3.6205072051487265e-09,5.765316427641666e-06,1.6387313371524216e-05,0.23375920206308365,5.7231556866099705e-06,3.108387736574514e-05,0.05096174720674754,2.7234627941652432e-05,5.880691986703823e-07,1.8154800274228224e-09,4.932681213176693e-06,8.606178258929732e-09,1.5854504340495625e-06,0.0699654296040535,0.21957758963108062,1.7996509393825024e-09,7.759998510437072e-07
priorregion1_spot_147,7.373479178340858e-08,3.7661781249198625e-09,4.934859362037969e-06,1.5924016315693736e-05,0.3466470047831536,7.519378164033697e-06,1.1876623784701225e-05,9.022681388159982e-06,3.3602694384171623e-05,1.6340098909495282e-06,2.974456536630754e-09,4.946812418893387e-06,1.4018029670381794e-08,2.4981482511066136e-06,0.3004746988415718,0.04231861848384142,5.432685146189442e-09,1.6586137826379856e-05
priorregion1_spot_148,4.995418507292017e-07,3.3996237824851506e-09,4.3186557559238284e-05,8.419967452937272e-05,0.29467979520559306,1.742368449413334e-05,1.1245138284721181e-05,1.959961300599389e-05,3.5756240777118364e-06,6.879755310364998e-05,1.94507717710124e-09,1.0377127910032869e-05,1.2716179131899708e-08,1.7497265218935354e-06,0.13485314920544625,0.10281048268079758,1.074112643273395e-08,9.070659729104592e-07
priorregion1_spot_149,2.7129835711292575e-08,1.8694014087827783e-07,7.97166612755973e-06,2.6426378008181926e-05,0.5375756949186326,9.45234050959698e-06,9.724713981995592e-06,2.2864171660330614e-05,1.2406413725329913e-05,1.1263332544331209e-05,6.251616502250813e-10,0.008165993262082338,5.492853016875189e-09,5.583290862887225e-06,0.4725333109498024,6.943267521819507e-07,2.6672838049357498e-09,1.352713582036813e-06
priorregion1_spot_150,7.140488058610118e-08,1.2826620654493583e-08,0.011106083588674664,0.06272230818867683,0.4861704394221306,0.00012458901255740784,2.802632443490438e-05,7.087471240083686e-05,6.373443247866816e-05,1.5416182213812137e-05,4.345166582098159e-09,0.00022504456428578125,2.623578634342039e-08,3.299803465779405e-05,0.1713022544980049,0.1675990842282772,5.9788166417718e-09,0.03175180479884148
priorregion1_spot_151,2.924247395341695e-08,3.921723146227408e-09,5.76915001602174e-06,3.6380560231918935e-05,0.4861897826194763,1.83393562110723e-05,1.009823258755205e-05,8.79541753420199e-06,9.88163674264797e-06,7.568886275066689e-07,1.1512709341410245e-09,8.366378096980044e-06,1.2804642324226733e-08,0.0001428258328814991,0.3140828475356102,6.199235417625459e-06,1.4074896803606407e-09,2.1357263477739252e-07
priorregion1_spot_152,1.5609655390491643e-08,3.7169100908229785e-09,2.6109291525244774e-06,2.98075404316478e-05,0.3441021457314491,1.0298849065293326e-05,5.672173892889987e-06,4.880719393440814e-06,2.7591196953835606e-06,8.619626157724271e-07,4.446919255052251e-09,2.2028845364729933e-06,1.5450643875425385e-08,1.1916531411770847e-05,0.2180695801973343,1.5271873451183637e-06,1.4167900908024225e-09,2.489346769607437e-07
priorregion1_spot_153,4.344094151065293e-08,6.928678164541679e-09,1.8599870236357675e-05,0.04168488886207342,0.30296858251094816,2.478963733665296e-05,7.963965890667168e-06,0.003475540678482503,1.1508592115205829e-05,8.653855047668913e-07,2.8830763776355182e-09,7.652918702660827e-06,8.500403003708358e-09,1.5836281477277225e-06,0.1778187647461891,9.735640844610316e-07,1.1374106545503085e-09,7.697359563962892e-07
priorregion1_spot_154,1.07024214823781e-08,2.2881629146986887e-09,2.228753487543145e-06,4.548070569398988e-06,0.6585054218769073,0.0001103098697058158,1.458372594242974e-06,2.3683402923779794e-05,0.14373444691300394,1.5838863660633253e-07,1.332236077011828e-09,1.7141154512501088e-05,2.496443691768491e-08,9.949956483978894e-06,1.5387394256549669e-07,1.2596966087130566e-06,6.243209349499069e-09,7.63057293795555e-08
priorregion2_spot_1,5.184661144852499e-08,1.4145233073747933e-08,0.168539147824049,0.7052759915590286,0.0002721283846767619,7.563481303805019e-05,1.542864411021583e-05,0.08108183108270169,1.620078210180509e-05,9.15279066759922e-08,2.20252166727164e-08,0.03025830062106252,3.860428887492162e-06,4.785708574672753e-06,4.693052432003242e-07,1.34813259933253e-06,1.5093799916598984e-07,2.0795625133018805e-07
priorregion2_spot_2,7.955710756846203e-08,3.121162599484251e-08,0.3605046898126602,0.28218617737293245,0.0067264865385368465,0.05724362004548311,0.0003972297738073394,8.628514769952746e-05,0.00022964498566580005,1.8035961062423668e-07,3.058627073837528e-09,0.13615726456046104,1.7024708487412002e-08,3.829501338259433e-06,5.482843903337198e-07,1.0763330976715223e-06,3.3681304634214374e-09,3.5628900576512027e-07
priorregion2_spot_3,1.0010449402741984e-08,8.742193902122609e-09,0.26972854137420654,0.16268051341176032,0.012144969496876002,0.038315496779978274,1.3789677041131654e-05,2.759202216111589e-05,0.01740543534979224,3.1145275585231503e-07,3.261226233508552e-09,8.26401160338719e-06,7.668448764874826e-09,2.002388634991803e-06,4.276446844642123e-07,1.724427102089976e-06,2.5941399695028624e-09,1.3608567144274276e-07
priorregion2_spot_4,5.692217146133771e-05,4.183493640397273e-09,0.47391805350780486,0.21193192303180694,0.00034064827777910975,0.00046034552942728627,3.177078360749874e-05,2.17639248148771e-05,5.848641762895568e-06,6.718787460613385e-07,2.196269655030392e-09,0.09462555907666682,2.8382282479810786e-08,5.077895502836327e-06,2.316246607847461e-07,1.85999282962257e-06,2.7647634293082037e-09,2.470694880685187e-07
priorregion2_spot_5,4.9129700974148714e-09,1.3585089442269549e-09,0.2594972372055054,0.46348808258771895,9.796557469599065e-06,1.6781419788003406e-06,2.2337870177580046e-06,2.546264988723124e-06,1.5643618667127157e-07,1.988328284241447e-08,1.5983855794488025e-09,1.3029189858571046e-06,3.2814232664435393e-09,1.5372818964465296e-07,2.7950454750680367e-08,5.105741891497928e-08,3.793713759803197e-10,2.6488243776157105e-08
priorregion2_spot_6,1.224798715782072e-08,1.586129022568273e-09,0.32200773358345036,0.2612985044717789,4.4545285709318706e-05,3.409986584301806e-05,3.11751731487675e-06,9.102271860683686e-06,2.552125511101622e-06,1.519849313069699e-07,1.241738073476384e-09,3.3833016686912746e-06,2.192586079363679e-09,1.3646774641529193e-05,2.3356018843401217e-07,7.890016490819108e-07,1.0008760487068005e-09,8.088658667304573e-08
priorregion2_spot_7,2.543007520117158e-08,8.973130860567836e-09,0.292692206799984,0.7930220872163773,0.0003850729262921959,0.00020207104607834482,9.068594044947532e-06,0.00016918839246500285,7.489043127861805e-06,1.9604384817739632e-07,8.754761759988129e-09,1.5752555373182987e-05,1.5704269440419694e-08,2.6769540681925727e-06,1.8084240309690362e-07,0.00013859447280992754,2.4300206735716763e-09,1.9899856766869562e-07
priorregion2_spot_8,1.580016215640967e-08,3.091971612079192e-09,0.2105975270271301,0.0908030241727829,5.210907856962877e-05,8.557833534723614e-05,6.408864715012897e-06,0.01684423005208373,1.6657424851018733e-06,2.899559746083469e-07,1.91668947380208e-09,5.711764799798402e-07,5.217112186706175e-09,4.319600066082785e-07,1.361475113981214e-07,1.8100106586871336e-07,3.2348265621706676e-09,1.0179431697565634e-07
priorregion2_spot_9,0.0031107272836379705,7.135106572242479e-09,0.23377959802746773,0.3987999692559242,0.000509267853340134,3.325172456243308e-05,8.911373606679265e-06,0.07116379439830779,2.70466758593102e-05,6.305459663735747e-07,1.2643275593138272e-09,0.0008666128880577162,1.1283278276152942e-07,5.255080827737402e-06,8.644020255133001e-07,8.5024385896304e-07,5.65190361179191e-09,5.964088273913149e-07
priorregion2_spot_10,2.9676042458959276e-07,8.737570000860728e-09,0.4144173204898834,0.02746778689324856,1.7571129774296423e-05,1.0275972135787015e-05,3.471129252829997e-06,0.0002536832442274317,4.615226927739969e-07,3.911033399361941e-08,6.270106609918003e-07,8.294339323811072e-07,1.056367220364507e-08,6.608420960674267e-07,1.0628709681270721e-07,1.207188816465532e-07,1.2550002592703893e-09,6.071745310975984e-08
priorregion2_spot_11,8.596735456833925e-09,2.881035676693955e-09,0.2274131953716278,0.1448393277823925,0.0576082056388259,0.00017505433570477182,2.769139209704008e-05,1.0390102079327334e-05,0.00038465765974251556,1.4640457806081035e-07,9.734608508171762e-10,0.1831006482243538,1.5196646501181023e-07,9.187294040202687e-07,3.2575244404142726e-07,4.507196166514405e-07,1.9884704549610893e-09,9.290905147452123e-08
priorregion2_spot_12,1.8204497465035274e-08,2.1624321111524124e-09,0.2542477145791054,0.22023711130023002,6.070707349863369e-05,2.8186645613459406e-05,6.893578597555462e-06,6.356578592203732e-06,3.656436967958143e-06,1.1537805839623161e-07,1.2031975693549413e-09,0.2407981835305691,6.122796225582761e-09,2.6627637566889465e-06,1.3489619306028543e-07,3.0812545190883613e-07,1.2416276451432395e-09,5.68839180203895e-08
priorregion2_spot_13,1.2561952544842828e-07,8.23009163042343e-08,0.36975806653499604,0.4577523678541184,0.06089824419468641,0.030964345205575228,1.4406761283680683e-05,5.781179334007902e-05,7.1843949854155655e-06,4.4461505979143115e-07,5.423466875598139e-09,0.0003610146406572312,9.967508685093664e-09,1.4743427664143383e-05,2.6857025773097124e-06,7.413469035100207e-07,2.444499791476318e-09,1.4731780524357417e-07
priorregion2_spot_14,0.00011611656882450915,1.635525022081197e-08,0.31838261485099795,0.1522650256752968,0.00036575984704541044,4.461951702978695e-05,2.3171746761363465e-05,0.029160252772271633,9.073677847482032e-06,1.7676078627459902e-07,2.55048232533639e-09,0.12032157890498638,2.3922483016747263e-08,7.95575596157505e-07,5.44329563467727e-07,1.8861068895148492e-06,2.161757430840794e-08,9.009553565419992e-08
priorregion2_spot_15,8.473534371944425e-08,8.82391670842253e-09,0.1375973202288151,0.3705464109778404,0.0006111533351941034,2.127219795511337e-05,8.509030476488989e-06,0.0001308463230088819,1.9675045950862114e-05,1.0663463676507947e-07,3.3125347687068544e-09,0.09807934649288655,4.557261901183552e-09,7.579361891885129e-07,3.1820610786326146e-07,6.536352032071592e-07,2.9121260292086502e-09,4.920651974771318e-07
priorregion2_spot_16,2.481444409951905e-08,1.4161230077469613e-09,0.41884146034717556,0.07619200274348259,1.62657983310055e-05,5.1359338613110594e-06,2.0656924448303473e-06,0.07534485124051571,1.4645824194303713e-06,2.603692506042421e-08,1.2206947341830702e-09,9.943649843080494e-07,7.619943565018161e-09,3.541135299656162e-07,6.845184863379927e-08,1.720512678105024e-07,8.101469078924951e-10,6.361393154463712e-08
priorregion2_spot_17,5.866975101298522e-08,1.4796893754720487e-08,0.31891124695539474,0.34537710398435595,0.0004302418397855945,0.10212986320257186,4.514772608672501e-05,9.460746878175996e-06,3.032151125808014e-05,2.98347045202263e-07,3.2028898089286887e-09,0.06499682813882827,1.4324627350958962e-08,3.4182041758867856e-06,1.7925966773191253e-07,9.432442055867796e-07,2.012163402564937e-09,1.7305333841477477e-07
priorregion2_spot_18,2.7947702463393403e-08,9.320781968469306e-09,0.6514216899871825,0.26218070238828656,0.0649135198444128,0.00014715845318278298,0.0003124459311948158,9.972805273719133e-05,1.3658619218404056e-05,1.431454485611994e-07,4.707339485321427e-06,0.0017780916765332221,1.1342339600872721e-08,4.207821643831267e-06,3.375318740950207e-07,5.52919308915989e-07,3.3186949854879803e-09,1.7275367767410898e-07
priorregion2_spot_19,2.449686826722086e-08,3.5510375751002247e-09,0.383956989645958,0.35151666700839995,0.08231997489929199,8.734541988815182e-05,4.409554258018034e-05,4.441906276042574e-05,1.0018454258897692e-05,1.0084410071442563e-07,4.931656838458309e-09,0.17897709533572198,1.56478810353633e-08,3.684159730710235e-06,2.9991556118602606e-07,3.089901085218116e-07,2.194546644407325e-09,1.0320937775532002e-07
priorregion2_spot_20,2.7356923908428145e-07,3.323742166685406e-05,0.3028074458241463,0.35356168746948247,5.592790034825157e-06,1.980070510398946e-06,9.52639433648983e-07,1.939384753768536e-06,3.425387660627166e-07,5.794091109123656e-08,8.082779057172473e-10,1.7512161377908343e-06,3.2462933230448244e-09,2.3145436784943742e-07,5.370909619273334e-08,1.628926440844225e-07,1.6013401382686253e-09,2.861705636902912e-08
priorregion2_spot_21,4.102122623805827e-08,1.2016008987814074e-08,0.5008426934480668,0.06759271174669267,0.16240434125065803,2.4859657605702524e-05,5.0202850843561466e-06,0.12436471730470658,0.0394617224112153,3.0893930897946124e-07,8.463947986925291e-09,0.00033359291555825623,1.2072796318207681e-08,9.707576737127966e-07,3.584777260812189e-07,5.500887709786184e-07,2.4208483662135906e-09,1.2559935740341644e-07
priorregion2_spot_22,0.00011144346208311617,6.127130691702121e-09,0.3289485350251198,0.1667718581855297,0.0002004577407205943,1.0180551998928423e-05,4.03721835482429e-06,0.08671619407832622,1.0254510198137722e-05,1.7931302522811166e-06,3.436099993425757e-09,3.447411127126543e-05,1.7086508918850996e-08,8.703652810027053e-07,7.727546829983114e-07,1.1849627242099816e-06,1.7542696462147234e-09,3.9616005551579294e-07
priorregion2_spot_23,5.3807636923863816e-08,6.651505324306584e-09,0.20895625352859495,0.26060632020235064,0.05795903168618679,1.7055425996659326e-05,1.0039459675681428e-05,6.317982843029313e-05,0.013122223364189268,2.258446397718217e-06,4.947237730590359e-09,0.10686995871365071,2.993999885347876e-07,1.3382655936311494e-06,1.6002088557343087e-06,9.621284789318451e-07,2.114497987815156e-09,1.0849036641502608e-06
priorregion2_spot_24,3.279451377125043e-08,2.7463434082442007e-09,0.012846129853278397,0.9699675530195236,0.0015766389376949518,0.04226182624697686,9.34078634600155e-06,8.494397434333223e-06,7.755378737783758e-06,4.352598082846271e-07,2.680237465302327e-09,6.5387097492930474e-06,7.070870555736519e-09,2.1561073481279896e-06,3.212751451542317e-07,2.665269605017784e-07,1.6469305919031285e-09,7.992099959608367e-08
priorregion2_spot_25,8.254603720558863e-08,3.110222135394025e-09,0.09222136177122592,0.7470098644495011,3.590339510992635e-05,4.1517238969390746e-05,4.847461968893185e-06,0.02826923681423068,1.6123592843086954e-06,1.623067575451387e-07,1.0368208236410938e-09,4.513786757343042e-06,6.349341630240702e-09,1.916614701258368e-05,2.864551390757698e-07,1.1042316714338085e-06,2.438977986241042e-09,4.103526634935406e-07
priorregion2_spot_26,7.586580359486561e-08,7.3465422412155595e-09,0.1706353411078453,0.17516353353857994,0.039714344963431354,0.004556781868450344,3.372570954525145e-05,3.225634118280141e-05,2.6804589833773206e-05,2.9197083648568885e-07,2.9714955829263093e-08,8.760639866522981e-06,1.5892783089554996e-08,2.0319429313531146e-05,4.2523185754816956e-07,5.915292661029526e-07,3.808721471543209e-09,2.2573388847035858e-07
priorregion2_spot_27,1.5379751117095e-08,1.456801896893012e-08,0.44317881017923355,0.14346586018800736,0.00014408121351152658,0.00039096323744161057,3.116775242233416e-05,2.8205939361214402e-05,6.203442490004818e-06,2.1174574911242418e-07,3.523420954998358e-09,0.2605093702673912,2.544902699241902e-07,8.911247704190828e-07,3.671943645144893e-07,6.013043133634711e-07,3.612668342611869e-06,1.6619136999906914e-07
priorregion2_spot_28,7.24745120805892e-08,1.5989302060148705e-08,0.23832264617085458,0.24697097167372703,0.013421901734545827,0.03201744314283132,3.460773605183931e-05,0.00013329633584362454,1.735026025926345e-05,4.626715917765978e-06,5.094017629936332e-09,0.2654519766569137,3.221302264933002e-08,6.0292236048553606e-05,9.852923994912998e-07,2.9347449867600515e-06,2.77950917837444e-09,8.734232039842027e-07
priorregion2_spot_29,1.6975566197174884e-08,1.4644032431121445e-08,6.686907795483421e-07,0.6507059961557389,2.2585869032809573e-06,8.398462483683034e-07,2.0688860615791783e-07,3.3056597601444084e-07,1.306224937991374e-07,4.7313601392318104e-08,6.86611131839321e-10,1.6461972336401234e-06,3.824293481891061e-09,3.066980539756514e-07,1.3778802543384929e-08,6.670429471000716e-08,1.808620569976327e-09,3.5303307654999114e-08
priorregion2_spot_30,3.811937965281232e-08,4.340457682161514e-09,0.2749133870005607,0.2625578060746193,0.00015771064499858767,0.031826631538569926,1.676994043009472e-05,6.004994738759706e-05,6.75163894356956e-06,1.617112310725588e-07,1.811847105681608e-09,5.7465417376079146e-05,7.566944493220264e-09,2.967784200791357e-06,1.2503589204015954e-07,3.5978839179051653e-07,2.5835554029463027e-09,9.759352614935325e-08
priorregion2_spot_31,1.2069911861090077e-07,7.076215702284117e-08,0.7273118495941162,0.0017621831793803724,0.015960170328617095,0.11032499223947524,3.375085507286713e-05,6.003284615871962e-05,0.022935298550873996,3.172797391925997e-07,2.978067470404967e-09,0.25829652845859524,1.0519752979831765e-08,1.0841460436950005e-06,2.0968755904959836e-07,4.651190479876277e-07,1.0496875191279286e-08,1.6119387353796812e-07
priorregion2_spot_32,3.226793534594208e-08,5.678157433131048e-09,0.7356550484895706,0.11900100000202656,0.00010928386909654365,0.03546152990311384,4.116165946470573e-05,6.229688042367343e-05,5.7279354223283004e-06,7.080884728338789e-07,1.3390101083476937e-09,4.419550509737747e-06,5.688055537689253e-09,2.0962807639079985e-06,9.522582331555897e-05,2.2067745888421087e-07,1.5815649068162685e-09,3.166247296348957e-07
priorregion2_spot_33,1.2287950346134837e-08,4.730244551609531e-09,0.2201945647597313,0.22024062275886536,0.0891537457704544,0.031005732528865338,8.220351310228581e-06,1.589865132700652e-05,0.03719158601015806,3.0386307514618243e-07,1.9073025714355652e-09,3.6896988262924426e-06,2.1216480750041455e-08,1.8047796970677154e-06,1.884590680845122e-07,5.326731695731725e-07,2.0945476186806652e-09,9.030233592000058e-08
priorregion2_spot_34,2.548790627443509e-08,6.231996851902011e-09,0.4870532527565956,0.2282616689801216,0.0003500329577946104,4.2940817002090634e-05,4.6053466212470086e-05,0.0566465387120843,9.579975539963925e-06,5.966998259054891e-07,3.458483732732277e-09,0.023525741323828696,1.0735096989122895e-08,3.989963624917437e-06,5.37258813437802e-07,6.76684351219592e-07,3.545369264834619e-09,2.9453874077489673e-07
priorregion2_spot_35,8.827516388976164e-08,5.437388672646649e-09,0.178393092751503,0.2798956274986267,6.203914635989349e-05,8.055656553551672e-06,2.615865741972812e-05,0.005403953255154193,2.2127701754470764e-06,1.2706420022823296e-07,4.245783746803511e-09,0.09974995106458663,2.569947694652797e-08,5.370854353259347e-07,1.5278666722906565e-07,3.873782247865165e-07,6.697708876401975e-09,9.633964843658305e-08
priorregion2_spot_36,2.100669407312239e-08,4.2099339347956285e-09,0.5370229214429855,0.3809759199619293,0.00025759023556020115,0.00017562991051818243,1.5542557594017126e-05,0.0011031802103389056,2.44399539042206e-05,2.1808840173775936e-07,1.0755863588673975e-09,0.00010010736368712971,1.2771764756891459e-08,6.487248060693674e-06,1.835119860515988e-07,0.00023603646477567965,2.540888066615566e-09,1.4163889261453733e-07
priorregion2_spot_37,7.808542470399971e-08,2.4719373992176944e-09,0.32173172086477275,0.38586851507425307,0.04533773958683014,2.9721090413659113e-05,2.1902466323808766e-05,3.871558728860692e-05,8.818496644380502e-05,4.4994909274009855e-07,4.6526700714366604e-09,0.12394902594387532,8.679144549716967e-08,1.8462630123394776e-06,4.589461696014041e-06,9.449942041328542e-07,3.7113204842675886e-09,1.1914367746612699e-06
priorregion2_spot_38,1.2088351475370019e-08,5.056594964969464e-09,0.15277919545769691,0.31870320439338684,9.496068450971508e-05,8.144879757310266e-06,2.063974261545809e-05,0.018094551749527454,2.6916096317108894e-06,2.948610585917777e-07,2.5828251315473955e-09,0.003388376091606915,3.900120226774106e-09,2.1664195855919387e-06,3.188851081858957e-07,6.612702293296025e-07,2.255110087556744e-09,1.1694903925274503e-07
priorregion2_spot_39,1.8907002097279245e-08,3.688562912884663e-08,0.4580058082938194,0.09554250501096248,0.033933473750948906,0.0003453718134551309,3.4152295484091155e-05,3.3937947227968836e-05,0.02603799235075712,8.538636606658656e-08,3.9412283436846e-09,6.264388161980605e-06,9.286900892746533e-09,3.881519546666823e-07,1.0492221065305786e-07,3.087855631633829e-07,1.439500701971852e-09,6.470546125569853e-08
priorregion2_spot_40,9.764840527282104e-08,2.6542267939078103e-09,0.36237913817167283,0.26198237091302873,7.148100266931578e-05,0.0006576611631317064,1.37400354105921e-05,1.4799322889302857e-05,4.487339265324408e-05,2.812502515325832e-07,1.4335806153287223e-09,0.17573455050587652,1.4468176123827448e-08,4.8580237717033015e-06,1.9915409055215608e-07,7.310581224828638e-07,2.151538858186086e-09,4.172459952656027e-07
priorregion2_spot_41,1.5408425184659792e-07,8.190652023287725e-09,0.10255552418529988,0.04885200560092926,6.318095402093605e-05,0.020764256734400986,2.898453954003344e-06,7.70524484323687e-06,0.007794362329877913,2.5799926248737395e-07,6.423967047197721e-09,0.06318820863962174,1.0120796689605527e-08,1.6420646090864467e-06,1.3369299054488692e-07,5.079553233144907e-07,3.2580791509140285e-09,8.16526657843042e-08
priorregion2_spot_42,1.4739307552247283e-08,1.895265988594019e-09,0.5408892929553986,0.41278824806213377,1.5352166110460532e-05,3.390246856724843e-05,2.7191196750209203e-06,2.578787450602249e-06,4.624820007848029e-07,1.1981248135839458e-07,1.1252201559397435e-09,3.5288551202938836e-06,5.588110352228171e-09,4.2393289305664445e-07,1.855656471150269e-07,1.346132158630553e-07,4.746217707740641e-09,4.248293539177439e-08
priorregion2_spot_43,3.860871942151789e-08,3.1633047958834487e-09,0.22895970195531845,0.3534630388021469,0.1350832037627697,1.63264956427156e-05,4.4449418510339456e-06,1.7604231652512683e-05,8.110618864520802e-06,2.4880247337932817e-07,2.2625811002541246e-09,1.696884091870743e-05,5.651835977005249e-09,2.191864462020022e-06,4.053650002333598e-07,1.1502790528084007e-06,6.3014517825976665e-09,1.159579504417252e-07
priorregion2_spot_44,1.484160052633854e-08,2.1917419990025165e-09,0.5259869515895843,0.21221076995134355,0.0003053625216125511,0.00026159592525800687,3.6781076801162272e-06,1.9677851287269733e-05,4.46720032414305e-05,1.6214777147638416e-07,9.215979784871209e-10,2.0619947918021356e-05,1.2162788420866379e-08,1.448408397664025e-06,1.1000443009834272e-07,8.082941178599868e-07,1.4550426197246225e-09,9.165063694638321e-08
priorregion2_spot_45,1.566972578075365e-05,4.299225442316868e-09,0.15658220052719116,0.07647717632353307,0.01796604674309492,2.2589110994886144e-05,9.005921856442001e-06,5.426517891464755e-05,1.2598411967701394e-05,1.41896196481639e-07,5.202892827682604e-09,0.05687274690717459,1.4072479670446113e-08,8.243641588023821e-07,5.202179607977087e-07,4.4606453144524497e-07,1.721270398435948e-09,1.0238463623579722e-07
priorregion2_spot_46,3.130622463487498e-08,1.848903430357041e-08,0.23030380979180337,0.420741368830204,0.17516592144966125,5.453179492178606e-05,6.940353091522411e-06,1.4408326342163492e-05,0.00011170103134645616,5.108346329052438e-07,5.010021797424713e-09,0.00016992478485917674,1.6603308239382385e-08,0.0023078638478182256,4.478822233977553e-07,8.146733421199317e-07,1.647625913481221e-09,1.7810139354423882e-07
priorregion2_spot_47,5.715988837806662e-09,9.897928476831908e-10,0.4252037271857262,0.2795994639396667,4.907429229206173e-06,2.0245220866854654e-06,1.0219863895599703e-06,1.3882085738714525e-06,1.8315385972300646e-07,3.840686186862286e-08,3.798228689899652e-10,6.711681692195271e-07,1.0140040203054923e-07,7.85417800130972e-08,3.9529703244056694e-08,4.615924069639733e-08,6.376710909306027e-10,3.047925396515439e-08
priorregion2_spot_48,0.0021991026238538324,2.505151364129432e-09,0.7462291091680526,3.441256285441341e-05,5.325904057826847e-05,5.595458042080282e-05,1.3869587110093563e-05,2.558539108576952e-05,0.005232810671441258,1.0892251687266708e-07,1.891536499654123e-09,3.1306555683841004e-05,2.5141444703891124e-09,1.254484595847316e-06,1.9426340713835089e-07,6.966240505335009e-07,4.475370563028492e-09,1.0891073998209322e-07
priorregion2_spot_49,1.2718854192073081e-08,3.646181023775342e-09,0.3305637493729591,0.1294331058859825,0.00010946795155177824,1.0114825272466987e-05,4.59921820947784e-06,0.048637076281011105,4.798888335244556e-06,2.2567478481505533e-07,2.5799229419476433e-09,0.15039099007844925,6.551612696803488e-09,5.63754858262655e-07,4.933075359758732e-07,7.906880370001091e-07,1.352398848464276e-09,7.7671213460917e-08
priorregion2_spot_50,9.62685411387554e-09,4.059660008159938e-09,0.18510445579886436,0.5106674134731293,4.668770816351753e-05,1.9512453036441002e-05,3.892386916959367e-06,1.0408427078800741e-05,1.369674822626621e-06,5.4830499962577055e-08,3.067647835752752e-09,3.713183627951367e-06,3.993666073398572e-08,7.396208843601927e-07,7.032160418418699e-08,2.1784003223501713e-07,7.239534666192429e-10,9.802168321471072e-08
priorregion2_spot_51,8.19352861114453e-09,2.3362492607148512e-09,0.37880171388387684,2.110652731062146e-05,8.401487320952583e-05,4.194954499325831e-06,4.554116299004818e-06,1.9452831020316806e-05,8.531582261639415e-06,1.1874065641848121e-07,6.663338658619012e-10,0.1216247145086527,5.6781247970150166e-08,1.5291386290527956e-07,1.4939894441567957e-07,9.6103552493787e-08,6.765841840206122e-06,3.787082167860945e-08
priorregion2_spot_52,6.653126782829591e-09,1.5994454427570307e-09,0.6383695363998413,7.5711762519858896e-06,8.373939454031643e-06,1.1217749170100433e-05,1.6210990906984082e-06,0.020658948458731174,4.802430817107961e-06,1.6979679813289296e-07,7.395208057037195e-10,1.1633364329100004e-05,4.211140325338647e-09,3.444314486955591e-07,6.418575289046658e-08,6.791189292698619e-07,9.862103522717547e-10,5.032132985860472e-08
priorregion2_spot_53,2.0329132155438856e-08,7.702038828938385e-09,0.19215271174907683,0.27898389548063274,0.032848249189555645,0.04302088264375925,1.8691274999582674e-05,1.5122617514862214e-05,1.188998553516285e-05,4.843495005957267e-07,3.3974861035623865e-09,0.0001646842334594112,8.793421857333784e-09,3.3011488881129484e-06,5.322994667267267e-07,6.121304977568798e-07,5.324036300713431e-09,3.710569401960129e-07
priorregion2_spot_54,1.7625837571699777e-07,2.5174199613786644e-09,0.017296595498919487,0.4237342312932015,0.1334831140935421,0.025688369944691657,1.24955814499117e-05,1.547354231661302e-05,1.3829880163029885e-05,1.769395538531171e-07,6.645643230163147e-10,0.00011921573532163166,1.3038961865774469e-08,4.958804902344129e-06,1.332657710406693e-07,1.264348554741446e-06,1.7201173596603783e-09,6.871495159543883e-08
priorregion2_spot_55,1.9844370502397626e-08,4.731693192816523e-09,0.2679510205984116,0.24965079426765444,0.015695691294968128,0.0012855167500674725,5.876540967619804e-06,1.3204172091718648e-05,4.48289323685458e-05,1.653547414548484e-07,4.1070162160039565e-09,7.383657589343784e-06,1.576224564203699e-08,0.004581856238655746,3.4524303345051526e-07,4.9803613001131454e-05,4.050270452360394e-09,5.546954440660557e-07
priorregion2_spot_56,3.113790008058004e-08,9.55710102168439e-09,0.36765025854110717,0.25370398014783857,0.05912102032452821,0.00020928028170601464,3.714512513397494e-05,6.516946195915807e-05,0.0009796931233722716,3.82535898779679e-07,1.675516614341177e-09,2.9314830044313567e-05,1.2094493317960089e-08,1.3850921186531196e-05,3.679067873463282e-07,0.0029507297324016693,4.017198040884296e-09,4.961605924336255e-07
priorregion2_spot_57,6.423226288632122e-08,1.1315471537542977e-08,0.25864937603473664,0.2917574107646942,0.02793037686496973,2.7523197059053927e-05,7.226533962239046e-05,0.0011667770973872395,3.723717793491233e-06,4.236510790178727e-07,2.8225885961852273e-09,0.13444324284791948,1.375850993134975e-08,5.1735934448515775e-06,2.4543278868804917e-06,1.4278010780799379e-06,6.057187418306853e-09,5.8442983208806255e-05
priorregion2_spot_58,0.0018597878457512708,1.7947914532356894e-08,0.5580149710178375,0.5553155779838562,3.287127601652173e-05,0.05460070259869099,1.2938129793838016e-05,7.788838865963044e-06,4.429979207998258e-06,4.0549140152279505e-07,3.479959986840698e-09,1.090461519197561e-05,1.0871862077266316e-08,2.5641101728979263e-06,2.2997146729153428e-07,1.0830340613665612e-06,1.9387441696494535e-08,3.2872565043362555e-07
priorregion2_spot_59,1.3740785576032977e-07,1.4025434869058276e-09,0.3492649644613266,0.11211254335939884,9.543800770188682e-05,0.028474573511630297,1.7441492855141408e-05,1.1008890760422219e-05,2.239774903500802e-06,6.56628554196459e-08,2.656403863543488e-09,0.05093827433884144,6.070770619537314e-09,5.456827580019308e-07,9.772880282810092e-08,1.5488723761336587e-07,1.6114814538337186e-09,1.131749801430715e-07
priorregion2_spot_60,2.144496868083934e-07,3.2845853814578163e-09,0.27477954924106596,0.40531581938266753,0.00022256292359088548,0.05026570558547974,4.749501858896111e-05,1.0155980999115856e-05,2.7688769478118047e-05,2.572560092062304e-07,7.429423343197072e-09,1.5188188399406501e-05,1.0284184304154566e-08,1.8860816999222153e-05,4.3903569206804606e-07,7.966644886892027e-07,1.5107185336038497e-09,2.3241504436555261e-07
priorregion2_spot_61,8.008259051450752e-08,4.978712175862654e-09,0.40735104978084563,0.1167386893182993,6.410516070900486e-05,0.08090776763856411,7.535603663200163e-06,1.866921911641839e-05,3.5638525218928412e-06,7.798230114985928e-08,2.576208879556674e-09,1.8288091212070868e-06,5.9538201924169695e-09,1.6502351797953452e-06,1.4968439714380112e-07,2.7788086214286524e-07,1.5656163254718084e-09,8.21253753002793e-08
priorregion2_spot_62,1.4991748020776185e-08,1.1619101625282013e-09,0.3012950286269188,0.22381859794259074,1.3174575497032493e-05,2.350625472899992e-05,4.729966622107895e-05,5.502304111359991e-06,2.404234464847832e-06,5.1448428806111226e-08,2.7725004514422835e-09,0.12802862823009492,2.924713760066311e-08,2.1290556588837718e-07,7.088509690333923e-08,3.253041100492737e-07,1.3475413951358208e-09,4.8002882202524696e-08
priorregion2_spot_63,3.3974647983825434e-08,3.1056606619728202e-09,5.1885916218452624e-05,0.20413316413760185,0.08074803054332733,1.644156418478815e-05,1.8367751181358475e-05,0.06644121184945107,7.853544752833843e-06,3.0130158137353644e-07,2.8599521972871856e-09,0.3088773101568222,1.5417312404508722e-08,5.186973885429325e-06,2.949722656353515e-07,6.895589564237527e-07,1.6957457327215765e-09,6.989568888116083e-08
priorregion2_spot_64,3.358398732444812e-08,4.5713398293401043e-07,0.5393322020769119,0.14002256244421005,0.0034364626044407487,0.004091076133772731,8.574342746214825e-06,0.0003275305411079899,4.982948066754034e-05,4.152611339236501e-07,2.7942393066027197e-09,5.0752208335325125e-05,2.4014521482484952e-08,2.0407461647664606e-06,5.128781594976318e-07,4.018950434669933e-07,1.696804663442464e-09,1.4941463035711423e-07
priorregion2_spot_65,1.3079568006446607e-08,2.7531112611889345e-09,0.33562981635332106,0.3928017124533653,0.001113599119707942,0.02043894659727812,3.4169219361501746e-05,2.296536704307073e-05,1.1367982096999185e-05,2.3221264555672863e-07,6.697576770964278e-10,0.001524895551847294,5.9316247469354275e-09,7.583902561236756e-06,1.5408680340556202e-07,4.2168666283259884e-07,8.585801736238352e-10,9.618996621441056e-08
priorregion2_spot_66,4.642869271265226e-08,2.422061564644196e-08,0.5446247190237046,0.30279313772916794,0.04314101934432983,4.495368939387845e-05,5.225194695412938e-06,0.001429249788634479,0.009576951200142502,3.570479933046045e-07,2.667269638489955e-09,4.629479008144699e-05,1.928261346151317e-08,1.8365216703841724e-06,4.6030224893911513e-07,1.8745397653674445e-06,3.908707313371451e-09,4.734344372536725e-07
priorregion2_spot_67,2.0236155435782168e-07,3.513153645773315e-09,0.17499008700251578,0.25666916966438297,0.0001334375105216168,0.016990345250815154,1.2468139311749838e-05,1.4257390421335006e-05,9.139124585999525e-06,3.2135474583583343e-07,1.9813572227356247e-09,0.10114887841045857,1.4614446008920368e-08,5.851515311405819e-06,2.655247953953222e-07,5.448549109132727e-06,2.1523382631727372e-08,3.406913762660225e-07
priorregion2_spot_68,2.8603553925421468e-08,1.314362063631336e-09,0.22255378291010858,0.3065229803323746,1.698238620519987e-05,0.032647518627345565,5.279741776575974e-06,6.039325307938271e-06,7.887326574973486e-07,1.9842084029164658e-07,9.346990209602172e-10,2.0988686515011066e-06,4.549777865570093e-09,8.618168777729807e-07,1.80795454696181e-07,2.6641248496162007e-07,8.390019012871619e-10,7.068559817469121e-08
priorregion2_spot_69,1.5305086620287513e-08,2.93862241207421e-09,0.8198523789644242,0.011486737011000515,3.363242467457894e-05,5.296914400787501e-06,2.702213953398314e-06,0.05436325706541538,6.114977736615402e-07,8.324904818834967e-08,2.0528264421670884e-09,2.381991089350777e-06,4.390730246051078e-09,4.822282591021576e-07,7.401594253053646e-08,1.4042031892813614e-07,8.595679112932686e-10,5.000076619410266e-08
priorregion2_spot_70,1.8548722113820307e-08,9.822914570634113e-09,0.3586822465062141,0.30911561101675034,0.0002518273919122294,0.00018643597722984851,2.2266203723120272e-05,1.7853234840004007e-05,4.443820239430352e-06,1.9507542390329035e-07,4.074986827617977e-06,0.005715350387617946,5.2017996040376605e-06,1.7867474639388093e-06,2.162813814265974e-07,3.9890449272661503e-07,2.705324231300211e-09,8.175663666065703e-08
priorregion2_spot_71,4.259024759534214e-08,3.668453940619543e-09,0.24957871213555335,0.12136424742639065,4.65341978269862e-05,2.8041055088579017e-06,2.5473899540884304e-06,0.02132207518443465,2.7399506279834897e-06,2.1269449703709143e-07,1.2640853364054294e-09,0.00016374617916881107,7.386681932786134e-09,2.3519820274486846e-06,4.2945897575918946e-07,8.417359822487924e-06,3.419102413317887e-05,5.2180263310219745e-08
priorregion2_spot_72,3.614993548950452e-08,7.363618803601924e-09,0.2646029785275459,0.512626788020134,0.0006151132489321753,5.111855443828972e-05,1.949432144101593e-05,2.5488226765446597e-05,4.1674434669403125e-06,1.166324050672074e-07,2.596990000824917e-09,0.013783895829692482,2.5594843244824973e-09,2.084828133774863e-06,1.4126571628025887e-07,3.160060089157924e-07,4.191322533486642e-09,2.0176594972554085e-07
priorregion2_spot_73,2.5721576513149107e-08,1.6185301809912293e-08,0.6056016832590103,0.05288011785596609,0.01931934179738164,3.741193231689977e-05,8.162288077073754e-06,5.3565119378617966e-05,6.21843278167944e-06,1.4311873201222623e-06,2.9380784805077554e-09,0.002491200645454228,1.1509940422982369e-08,4.27810484325164e-05,7.407386988234066e-07,1.727434204212841e-06,3.246874891171814e-09,6.856748271388824e-08
priorregion2_spot_74,4.400894599854155e-08,3.035779438942399e-09,0.5109003275632858,0.5186444520950317,7.625077014381532e-05,2.6875352250499425e-05,3.5642880447994684e-06,2.4477566148561893e-05,0.0008698478224687278,1.0618272341389457e-07,2.1483704482072596e-09,7.5568979355011846e-06,8.667864026534746e-09,9.06973371456843e-05,2.1015679578795244e-07,2.9358011147451183e-06,4.806236786336627e-09,9.387121728821058e-08
priorregion2_spot_75,8.659766859153707e-09,2.911738161692768e-09,0.3860782295465469,0.471705424785614,7.6036577411287e-06,2.0479438376241887e-06,1.2078381132596406e-06,2.5301287564616358e-06,3.3763523532570616e-07,2.9064787643307012e-08,3.812320126250768e-09,1.1832956772650504e-06,6.716874678680543e-09,1.8984147587275404e-07,3.667871091295183e-08,1.5966857418447945e-07,6.283744968804683e-10,5.9435647514760603e-08
priorregion2_spot_76,3.856384882965358e-05,7.083762931792137e-09,0.5561765938997268,0.247590409219265,0.0003210304377716966,0.06290790773928166,1.0640863047228777e-05,4.8387811693828554e-05,2.012308314078837e-05,1.7792590938370268e-07,4.0265479395174e-09,1.109203149098903e-05,1.6610141884143565e-08,1.0505381226266764e-06,2.919973340453908e-07,5.241083812279611e-07,1.194074803478884e-08,1.5342083443670167e-07
priorregion2_spot_77,6.598520769784955e-08,1.1101942209990058e-08,0.9171131074428558,0.237401981651783,0.0015357665484771132,0.04007125068455934,1.4983245819166768e-05,5.890105967409909e-05,4.361146893643309e-05,2.8531776052886926e-07,1.0524772076081492e-08,0.015928565710783004,1.2735848331502099e-08,0.00021576858780463225,6.767655861494859e-07,1.031065141887666e-06,5.19254159669913e-09,2.2863387698635053e-07
priorregion2_spot_78,3.55511188487867e-08,1.6244393119535516e-08,0.16013147905468939,0.30015203803777696,0.06431331560015678,0.029405467584729193,1.9100942972727355e-05,2.0458019389479886e-05,0.0003154603356961161,3.510715004040322e-07,3.1431760083577844e-09,0.10943265073001385,1.744449145135718e-08,1.9173373004832683e-06,2.5575401139121825e-07,7.194176845359834e-07,1.7950327946270053e-09,1.5134926130144776e-07
priorregion2_spot_79,3.310262410849418e-08,9.719907323457734e-09,1.4134744242255694e-05,0.47769919931888577,0.024519399832934143,1.6133694771269802e-05,1.3317236926013722e-05,0.0675878968089819,2.8113086386838405e-06,4.856248168039201e-07,7.298753845752515e-09,0.03818087819963694,5.049310214388926e-08,4.2757353071465335e-07,2.94542346068738e-07,5.090286322229077e-07,1.7180713129949512e-09,1.1898714475933048e-07
priorregion2_spot_80,1.4963729189076958e-08,2.3953250938291155e-09,0.23579550608992578,0.12084642387926578,5.077155274193501e-05,5.631547060147568e-06,3.558449407137232e-06,0.04687297083437443,1.5349012755905278e-06,1.4605579110593683e-07,3.003329951400957e-09,0.008236271142959594,4.704252298814994e-09,1.3712195823245565e-06,1.5430972837293667e-07,4.0241907726112915e-07,7.439618587845588e-10,1.9043814134533934e-07
priorregion2_spot_81,3.95059446489654e-08,5.2231977187844354e-09,0.00034886505600297826,0.9556225448846818,0.0010039566026534886,2.1320080395526017e-05,0.010631589964032172,0.049293399788439274,1.0117963893208072e-05,3.644345170528141e-07,3.6473760567368177e-09,3.6891596755594955e-05,9.414708745936195e-09,2.1139871023478917e-06,2.090341901350712e-07,5.186312904470469e-07,3.0493679137322267e-09,6.855845491315904e-08
priorregion2_spot_82,2.263342189223749e-08,6.403332442062038e-09,0.22225280031561853,0.23135274201631545,0.0022818953264504673,0.0001373402810713742,4.058291051478591e-06,0.01145326322875917,1.1161667089254479e-05,9.344505741637476e-07,3.6137933978608316e-09,0.011914288997650147,1.0121076732261258e-08,3.6814717418565126e-06,1.1407452461753565e-06,5.338303623148022e-07,2.526711684325278e-09,2.972158597458474e-07
priorregion2_spot_83,7.332172629048729e-08,3.4681791483137656e-08,0.42090885043144227,0.6091657429933548,0.00024711848236620427,0.00021670613350579517,9.69193260971224e-05,2.530335013943841e-05,8.046846460274539e-06,1.4976181503811858e-07,2.033207585627751e-09,1.4937275909687742e-05,7.0696598131192455e-09,3.4397983085909803e-06,3.4640551689335557e-07,2.812989407630085e-07,2.864536763347303e-09,1.349230302594151e-07
priorregion2_spot_84,8.451376842799618e-08,3.3674024790819603e-09,0.41616119146347047,0.1833028219640255,0.03137014359235764,5.277283235045616e-05,1.1374145151421545e-05,4.958763001923216e-05,8.31227775051957e-05,1.553063917469899e-07,1.415514894187453e-09,9.437568769499195e-06,4.698029587579811e-09,2.063825866116531e-06,1.0333997515488136e-07,3.7514820547812635e-07,1.1548326461774396e-09,1.3310818971490335e-07
priorregion2_spot_85,2.364398142162827e-06,5.192240482010393e-09,0.25511330366134644,0.8102746456861496,6.627754032706434e-06,5.055389033259417e-06,8.197393799491693e-06,5.888387022423559e-06,3.6929480984326807e-07,4.641372441938074e-08,1.277811279010166e-09,1.237915518004229e-06,4.390679420041011e-09,1.7007418904313453e-07,6.395068261610958e-08,9.280491077845455e-08,5.378921641430168e-10,6.418794455953502e-08
priorregion2_spot_86,5.1810857826239967e-08,5.2403204664486235e-09,0.3081149116158486,0.32939665019512177,0.00012145281652919948,4.9593280346016405e-05,1.5745318160043097e-05,8.671726463944652e-05,7.282713909262384e-06,4.1861626698391774e-07,5.309560213717646e-09,0.07538702636957169,1.1893522700034965e-08,4.156753925599333e-06,2.508451515836896e-07,5.914696515674223e-07,2.6778357531398455e-09,1.0544244389620873e-06
priorregion2_spot_87,9.90267818856694e-09,1.4862290120820633e-09,0.2166743054986,0.30604347586631775,2.0678005239460617e-05,3.961888105550316e-05,5.955367760179798e-06,5.873076247553399e-06,1.0595683193059815e-06,1.1739772958208051e-07,3.3309356828326034e-09,0.15860646739602088,1.2457940457011318e-08,2.298491983765416e-06,1.0951786215684934e-07,5.299281809811873e-07,8.757355451916027e-10,1.0999068074113441e-07
priorregion2_spot_88,1.559486275937161e-06,8.184711530745403e-09,0.19527972564101218,0.23814120814204218,6.293308142630849e-05,0.03965261951088905,6.119419394963188e-05,5.565650335483952e-05,7.86173777669319e-06,1.2735324617096924e-07,5.199401797995051e-09,0.16079690530896187,0.000270677606749814,1.7936365850346192e-06,1.5465633680378234e-07,6.32400903555208e-07,4.586952018215129e-09,3.5780197293888705e-07
priorregion2_spot_89,6.481697827354084e-08,8.436447629378564e-09,0.3370247632265091,0.5982014268636704,0.00021139798336662353,0.05488026142120361,1.1945078267672215e-05,8.932159944379237e-05,0.004742626752704382,2.448376804409236e-07,3.4845993424070804e-09,1.7839306474343174e-05,2.2110563957511433e-08,1.1232816132178413e-05,0.0006041370215825737,8.799354020538885e-07,2.7328826646133567e-09,5.216654415107769e-07
priorregion2_spot_90,7.826370378438697e-08,5.675069703059421e-09,0.32051588743925097,0.18539906442165374,7.383977244899143e-05,0.00027132834075018766,5.962862032902194e-05,1.4404392823053059e-05,2.025873900493025e-05,1.1695384046106485e-06,3.5961180810950568e-09,0.16302555203437805,1.7694872500584325e-08,2.5798570459301117e-05,2.8651149250435995e-06,9.910947210300946e-06,6.461903434562545e-09,6.78946318657836e-05
priorregion2_spot_91,6.88158980466369e-08,5.0381916416597505e-09,0.2976273849606514,0.23507645651698114,0.07067898735404014,0.00011049319400626701,6.279894409999542e-06,2.1210651084402343e-05,1.5328459994634613e-05,4.3682344141871e-07,3.923404867656189e-09,0.006193028367124498,9.929551358922596e-09,4.501670446188655e-05,7.659449579477951e-07,3.4643549383872597e-06,1.3468837378738385e-08,2.3765014844912002e-07
priorregion2_spot_92,6.613881531336574e-08,3.7471305169844985e-09,0.6714910984039306,0.07083013132214547,9.781997978279833e-05,4.7275769975385626e-05,5.039573206886416e-05,0.0014145180874038487,5.327469102667238e-06,2.53687325368901e-07,1.4117453261963678e-09,0.11981188617646694,2.1738482214317402e-08,4.766017440260839e-07,1.9824113337563178e-07,2.2730090165623554e-07,1.8893043796097686e-09,1.3162613043959936e-07
priorregion2_spot_93,3.6668197793687797e-07,5.39368345542357e-09,0.6380006343126297,0.21388799250125884,0.0001245963248948101,0.0008799704490229488,1.795303787730518e-05,0.06490429639816284,3.965507312386763e-06,4.2934400710237244e-07,7.1938475398880545e-09,7.437401700371993e-06,9.634335569330689e-08,8.655465217088932e-06,2.411757435538675e-07,6.878040608171432e-07,1.8567215209763789e-09,2.928684764924583e-07
priorregion2_spot_94,7.972309219894668e-07,1.5410440301621976e-08,0.16606352478265762,0.49510449767112735,0.00019355557378730737,0.023807347752153873,2.193706741309143e-05,0.07984185256063937,3.6375420563672388e-06,3.837177837340278e-06,1.1735328264705913e-08,2.7562362720345846e-05,6.757455111028321e-08,0.00014937536689103585,1.3691583603758773e-06,2.074162398457702e-06,3.5216862981357633e-09,7.100335153609195e-07
priorregion2_spot_95,4.693269161748504e-07,4.83335367285065e-09,0.2773248180747032,0.5682183265686036,0.0003668497782200575,0.012500704871490596,4.474413817661116e-05,0.00011332606627547647,3.564998507954442e-06,1.5021210515442361e-07,2.064797177681044e-09,7.311541912713439e-06,9.754324059585428e-09,1.5264950150140067e-06,1.4177440377238781e-07,5.44013906278451e-07,2.9183885086325746e-09,6.084633632497117e-08
priorregion2_spot_96,5.1229738673441716e-08,3.691627958879451e-09,0.6414980769157409,0.04909474551677704,0.00044232567306607963,1.2884175157523714e-05,1.0701893506848137e-05,9.39155972446315e-05,7.259952653839718e-05,1.022815851570158e-07,7.962565629071605e-09,0.17180820554494858,2.9666342715728437e-09,2.614246142229604e-07,1.7443439759290413e-07,3.2862078569451114e-07,2.0309428028220115e-09,5.516946348649299e-08
priorregion2_spot_97,2.6133906416703217e-07,3.514402235893499e-09,0.44163294732570646,0.40522075444459915,0.15032533034682272,6.535056854772847e-05,7.332227073675314e-06,1.2739121257254737e-05,0.016532190982252358,4.069729811817524e-07,9.884081730859864e-09,0.00024534959229640665,1.4215036259201952e-08,2.3559175019727263e-06,2.2322050270418002e-07,6.024718061325984e-07,3.793877052515882e-08,2.3422801262995562e-07
priorregion2_spot_98,1.7168776178522197e-08,2.292417100591138e-09,0.3232654348015785,0.26071605682373045,1.4541983000526672e-05,3.475451535450702e-06,1.2011041576442947e-06,5.806234071314976e-06,3.864827718302877e-07,1.1526641436887532e-07,6.377356198683516e-10,1.3785282192202432e-06,2.8384910311096694e-09,7.986681026750376e-07,7.411035305437964e-08,4.517601979614483e-07,6.842737348966565e-10,4.789425283036053e-08
priorregion2_spot_99,2.9098511333813806e-08,2.40507223026043e-09,0.46180429607629775,0.09928723089396954,7.348589206230826e-05,0.0001388984572258778,0.00020471068273764106,9.73036094364943e-05,6.191705415403704e-06,2.1842564237317677e-07,1.4075149379344513e-09,0.09411617554724216,1.1499644303469835e-08,7.60014486900218e-07,3.3854500856023153e-07,4.3004348810882225e-07,3.0394064931549283e-09,1.7424339588956171e-07
priorregion2_spot_100,6.864290682528919e-08,2.6141282583047604e-09,0.6920874893665314,0.43427397310733795,3.50746835465543e-05,2.6458110733074135e-05,5.206573086979916e-06,1.1590708072617418e-05,1.1313438164961553e-06,1.0069638598508848e-07,4.697364874850508e-09,3.986925094068283e-06,5.974248251661153e-09,3.383751663932344e-06,1.9882133130977312e-07,2.992246393773712e-07,8.898915077049098e-10,1.1458844042522288e-07
priorregion2_spot_101,2.0662136090976448e-08,1.573974300894676e-09,0.48383090794086453,0.3508669465780258,0.03162202592939139,2.1178996212256608e-05,1.6128265724546515e-05,3.718916177604115e-05,1.0547931879045791e-05,1.425641251273646e-07,1.1750719342007444e-09,1.0375066040069214e-05,7.994885153905785e-09,2.185018229283742e-06,1.2222598186895086e-07,7.578625769610881e-07,3.888544464203392e-09,1.5660807051176562e-07
priorregion2_spot_102,2.2911014330162514e-08,3.2746366951386107e-09,0.24045009315013885,0.25738898664712906,8.700138059793972e-05,2.2336422352964293e-05,5.288362808641978e-06,0.00016752225710661153,8.242932153734728e-06,1.8220897217702262e-07,1.129679805256245e-09,1.6967950341495455e-05,1.7150272402233214e-08,1.1974161907346571e-06,5.647429077271227e-07,6.176315849870662e-07,1.6250333745304602e-09,7.739328289346759e-08
priorregion2_spot_103,4.563718896122282e-08,5.9436566113291185e-09,0.1688384935259819,0.6073846310377121,0.0001064545434928732,0.00924067129381001,2.3493739445257236e-05,1.1981148600170855e-05,5.113873817208515e-06,1.877572167074959e-07,1.9930292860514956e-09,0.20848622620105742,1.6479813425007704e-08,7.604381135024596e-05,1.2243947253409715e-06,6.583247568414664e-07,1.8358920050864924e-09,3.353129595780047e-05
priorregion2_spot_104,8.228571557467036e-09,3.893211797389995e-09,0.330204513669014,0.09296538196504116,4.977000826329459e-05,3.470436913630692e-05,1.701791852610768e-05,7.613423895236337e-06,2.526534694879956e-06,1.2973977874253252e-07,9.896534536313341e-10,0.20115087404847146,1.0794640914468801e-08,6.278570310769282e-07,2.0394482049823637e-07,2.483097034655657e-07,5.459159874154908e-10,6.579282683105704e-08
priorregion2_spot_105,1.9537329709606865e-08,4.943025810888458e-09,0.6034453094005584,0.21007333099842074,0.052365793660283086,4.359810191090219e-06,3.5262539427094456e-06,5.133069298608462e-05,1.2354507248346636e-06,1.620977542415858e-07,3.7030785327019092e-09,1.7493970005943993e-06,5.07761748202995e-09,1.3069924534647727e-06,4.890766675202941e-07,1.7777317680156558e-07,1.8676470092682255e-09,5.011832477919142e-08
priorregion2_spot_106,5.240534903805384e-08,6.9094667987101855e-09,0.5183338850736618,0.08558701500296594,0.0012911881669424475,0.00015102976685739126,1.8986147460964278e-05,9.74703081737971e-05,6.896573177073151e-06,1.8899306368780345e-07,8.52744643786707e-09,0.2237265847623348,1.3811477828085118e-08,1.009906191029586e-06,1.7897096569186032e-07,4.7366008573135335e-07,2.1011693829287027e-09,2.7215146189973895e-07
priorregion2_spot_107,4.303504699265659e-08,5.303709227355569e-09,0.19569692835211755,0.5361983120441437,0.00017094271170208232,1.7366632437187943e-05,3.549516477505676e-05,0.0892880916595459,3.5605716789177676e-06,2.4676333509887627e-06,3.802264292307457e-09,0.03255506008863449,2.137193861884157e-08,1.9255573988630204e-06,7.810293482179987e-07,1.2731348988381797e-06,2.5337684839144005e-09,4.3264445253043966e-07
priorregion2_spot_108,4.0738582107735514e-08,8.49334060859519e-09,0.2545382231473923,0.3968599572777748,0.00010259460977977141,0.04590305872261524,5.779121170235157e-06,0.008377796644344926,2.8466884373301583e-06,3.679946487977759e-07,9.820471946753174e-09,2.895029074352351e-05,8.324100386758461e-09,0.0001250008928764146,5.576740306878492e-07,1.7537003827783339e-06,1.740596727861643e-09,1.5842864087289854e-07
priorregion2_spot_109,5.777667162476519e-08,5.529828683847883e-09,0.4279356002807617,0.33994594812393186,0.00048267318779835475,1.7128622857853774e-05,4.1701943018779275e-06,0.026321179419755935,6.15454755461542e-06,2.2191859443410068e-07,1.40407671045395e-09,0.1720663532614708,1.5683062937199567e-08,1.0082465053073975e-06,2.2404221681426862e-06,3.7373910259930205e-07,2.176505475848245e-09,9.206138543049747e-07
priorregion2_spot_110,4.4004239896366934e-08,2.5051489060956555e-08,0.408376756310463,0.3138121888041496,0.015113529702648522,2.951259930341621e-05,1.5659405971746312e-05,0.04779126923531294,3.543554394127568e-05,4.774909058369304e-07,4.265672925996e-09,3.926642439182615e-05,1.627429986328366e-08,5.726531162508764e-06,4.417551679125609e-07,1.1427396600538488e-06,2.2608831695691837e-09,1.3965141505423164e-07
priorregion2_spot_111,7.591732362755011e-08,5.5853868197175416e-09,0.47972976565361025,0.2891156628727913,6.275312407524324e-05,0.04921796284615994,7.034507848402427e-06,6.556484149768948e-05,6.317560109891929e-05,4.492091352403804e-06,2.0028071201494414e-09,0.0001561358090839349,0.000540979058132507,3.094428248004988e-05,3.195146348389244e-06,3.332445123760408e-06,2.694995837604353e-09,2.4554371157137213e-05
priorregion2_spot_112,4.488449896200564e-08,1.096910859921252e-08,0.4046130314469337,0.2973282754421234,0.048914746008813376,0.04848915655165911,1.5210724541248057e-05,3.105656942352653e-05,0.0003950229467591271,1.0261406053757583e-07,2.607750670957643e-09,8.926323926061742e-06,9.236800968537295e-09,2.0545668689919695e-06,1.5918812437121233e-07,3.628222131624171e-07,1.070953586923551e-09,8.3622212798673e-08
priorregion2_spot_113,2.516539270303042e-08,3.307591556200862e-09,0.42384058237075806,0.5640586942434311,0.00012960277672391385,4.774561457452365e-05,1.0037166975962464e-05,1.7314412343694133e-05,3.157933701913862e-06,3.1171727528089836e-07,2.636263007893547e-09,2.1636885890075065e-06,2.4855240621235454e-08,4.1412960399611615e-06,2.3141110318647405e-06,1.6208105009241082e-07,2.119716113746506e-09,0.00017076834701583722
priorregion2_spot_114,2.818500934864687e-08,5.297810323767749e-09,0.3004460543394089,0.19806338921189307,0.058236238732933994,3.760065883398056e-05,4.542757278613863e-06,3.793558553297772e-05,1.4663771889900091e-05,3.6789414394888817e-07,2.2470802907292866e-08,4.94715766308218e-06,1.5465050529073213e-08,1.0374869725637837e-05,5.144805442114376e-07,4.4029254979705e-07,3.2627062940271404e-09,8.870856973430819e-08
priorregion2_spot_115,1.1018665624362713e-08,3.2484922862785486e-09,0.16841906756162645,0.46237369626760483,0.00022667071752948686,5.894199166505132e-05,0.002229442703537643,0.00010648056704667396,1.189248514492647e-05,1.663141901531162e-07,9.102233800017957e-10,3.133649315714138e-05,1.9373544368761483e-08,2.903730808156979e-06,3.1642843367762907e-07,6.103894918396691e-07,7.985908212493343e-10,1.8150690479501465e-07
priorregion2_spot_116,4.390174979107542e-08,8.670867712723407e-09,0.6041694074869156,0.25662402212619784,0.013879156252369285,9.055110558620073e-06,6.6187205902679125e-06,0.013288546586409211,8.676343259139686e-06,9.190284373516988e-07,4.93677403401449e-09,0.024093232303857806,5.4068491635916874e-06,8.892510550140287e-07,6.984484173244709e-07,2.301380322933255e-06,1.980388930622468e-09,1.7909066158949828e-07
priorregion2_spot_117,2.0087198571161483e-08,5.693581117682811e-09,0.2653929755091667,0.5283717572689056,0.0008124920452246443,0.044660871662199494,2.218764975623344e-05,0.00022426066352636555,8.461866673314943e-06,1.7254136253086472e-07,1.2703330165564352e-09,0.012107312213629484,6.612901359837054e-09,4.2948056761815676e-05,2.0075993134582862e-07,1.137386738037094e-06,3.5060971681488696e-09,1.5140595905904776e-07
priorregion2_spot_118,2.873580902118533e-08,2.1180262543829542e-09,1.599141742190113e-05,0.2638612747192383,3.5864111123373735e-05,1.569886853758362e-05,6.837372643531125e-06,1.272860845347168e-06,1.572315142084335e-06,6.574130253511611e-08,1.2272952487624166e-09,0.5136342465877534,2.3504224455628276e-09,9.081262533072731e-07,6.102215444059311e-08,2.9416610658472564e-07,1.3400381859707268e-09,2.489256347715241e-08
priorregion2_spot_119,2.352228818836011e-07,3.6292090555001268e-09,0.2073814369738102,0.6450263917446136,0.00013372529137996026,0.04365333709865809,0.0030955596826970576,0.00022721267450833695,3.278871263319161e-05,2.058640198754347e-07,2.928273468150167e-09,0.00011907817279279697,2.0723757465646032e-08,2.1697734837289324e-06,3.879820056340577e-07,1.4308131198959016e-06,3.6057952401691303e-09,1.7031737513661939e-07
priorregion2_spot_120,1.909976807823455e-08,5.465773722512779e-09,0.4521025449037552,0.12940556183457375,0.00010567735880613327,0.00011520757798280102,1.5949359203659695e-05,0.0001331049526925199,0.004857888515107334,2.091453197294868e-07,1.3764288597784002e-09,0.05033950340002775,9.26777268261958e-09,1.98735213530199e-06,4.119430997207019e-07,6.287721589615103e-07,1.902929280817034e-09,2.859457012505118e-07
priorregion2_spot_121,2.939109776889382e-07,3.3084532113925037e-09,0.24198366180062295,0.26724937409162525,3.850878802040825e-05,1.5600568258378192e-05,6.434786087083922e-06,0.008324606390669943,2.745969266015891e-06,2.506450996975218e-07,2.537645815703371e-09,6.84318695221009e-06,8.01393762230873e-06,2.8228812425368233e-05,5.441146214479886e-07,5.198198422817769e-07,1.8417142311211166e-09,1.844180289367614e-07
priorregion2_spot_122,1.5980616474564618e-08,1.2183469522142331e-08,0.5014959275722504,0.24792382791638373,0.00011557267789612524,2.871105125450413e-05,4.405305571708595e-06,3.942983530578204e-05,7.847489177947865e-06,0.00012751203612424434,3.954826022223301e-09,0.0051563434768468145,6.412667663546758e-09,2.947001064512733e-06,1.1913666594409734e-05,8.55838774782569e-07,1.6871064656420744e-09,1.3848677724581648e-06
priorregion2_spot_123,3.080186505854954e-08,4.745886394985633e-09,0.10413188375532627,0.3707015082240105,0.0001621222123503685,9.735085359352525e-06,1.278881013604405e-05,3.190705865563359e-05,2.004858049531322e-06,2.100320152464974e-07,2.7583810235931594e-09,0.024108555074781178,3.7011720355195625e-09,8.975437140179565e-06,3.944533801814032e-07,1.2260194353075349e-06,1.9113452043306724e-09,3.9578218213875973e-08
priorregion2_spot_124,4.978890699725014e-09,7.183253658560318e-10,0.7250958532094955,1.0408312027720967e-05,8.007053793335217e-06,1.4637217987001351e-06,9.695840873291674e-07,2.9671215429516453e-06,1.4191589698953068e-07,2.2107599377818589e-07,2.8053442346909208e-09,3.956728789944464e-07,7.170922056154439e-09,4.7447563247260405e-06,5.513931444767195e-08,7.918209945501076e-08,4.2934952398931973e-10,4.208887585122056e-08
priorregion2_spot_125,1.5765338101658702e-08,9.997977423736871e-09,0.4290745466947556,0.09454769119620324,0.0001855523805716075,4.1053602762985976e-05,1.3148067046131473e-05,0.04455978032201528,6.684646473331668e-06,1.8595817650179924e-07,1.2519103254060582e-09,0.0506391728296876,1.1749308548303361e-08,1.430097739785197e-06,4.4047794176549357e-07,8.732240274866854e-07,4.148799503944645e-09,5.773730329394766e-08
priorregion2_spot_126,1.9310673415873227e-08,6.592985468678593e-09,2.7746886917157103e-05,0.7425610423088074,4.073376167070819e-05,4.496013552852674e-05,7.458132949977881e-06,8.843426394378185e-06,3.426992843742482e-05,7.747994260398628e-07,1.896614187923973e-09,0.2902486950159073,9.037023929181487e-09,1.24047833764962e-06,2.1821691916557032e-05,8.052018671378391e-07,1.130910021185372e-09,5.379017949280752e-07
priorregion2_spot_127,2.144967226058725e-07,9.548594093189423e-09,0.31932739615440364,0.4357854828238487,7.661426061531528e-05,0.0001176095724076731,6.5956061916949695e-06,6.700365920551122e-05,2.4782686705293602e-05,4.090675957968415e-08,1.4813538284919047e-09,1.771315135101759e-06,5.968066885131407e-09,0.0038730328204110262,6.938192811389854e-08,4.6585732604853547e-07,1.8731129036719814e-09,2.3234144421735437e-07
priorregion2_spot_128,1.4417949678602326e-08,3.9141763252814607e-08,0.41170704960823057,0.1999453142285347,0.19235069528222082,5.002589332434582e-05,4.881433824266424e-06,5.935655317443889e-05,3.3676893622214264e-06,1.2020891375641441e-07,2.4392048159072034e-09,4.523358143160294e-06,2.7328682881488932e-05,4.451191307452973e-06,5.521747851844339e-07,7.570303921511369e-07,3.141896043334924e-09,1.0588905929864724e-07
priorregion2_spot_129,5.6828573860912005e-06,1.675058598493706e-08,0.3263940721750259,0.2107210226356983,0.03819874804466963,0.00016344778196071276,0.012602304760366678,0.006983838160522282,8.644718809591724e-06,6.559071948686324e-07,1.2119963566092906e-08,3.730003172677243e-05,4.8390679907583944e-08,0.0006026045273756608,3.808278279393562e-06,1.5182196420937543e-06,6.6979102042452615e-09,0.00018794251591316426
priorregion2_spot_130,2.8790956019264512e-08,2.2494492379898645e-09,0.10044282488524914,0.5407751083374023,1.9803683971986175e-05,0.009191818116232753,1.8003518334808179e-06,7.157391746659414e-06,1.5780111652929918e-06,1.8999719486600955e-07,2.7408626812608366e-09,3.984060276707169e-06,1.3197148041044217e-08,7.124255603230267e-07,8.837901823710582e-08,0.0006541621696669608,1.7850407263431123e-09,1.7091028468030347e-07
priorregion2_spot_131,5.617061908935739e-08,1.7757437209553475e-08,0.060647588968276975,0.17977158725261688,9.82713059784146e-05,6.901495980855543e-05,8.58071907714475e-06,0.016940200701355934,9.486758790444582e-06,7.940643982351505e-08,2.263230647336911e-09,0.28920900374650954,2.4318792490873878e-08,7.703223843691375e-07,1.129197947591365e-07,3.9489537044801183e-07,9.343942108941408e-09,1.2253368453229996e-07
priorregion2_spot_132,1.423094211361331e-08,3.1544871159638888e-09,0.3133333519101143,0.21274059787392616,0.019091082643717526,0.04288686141371727,8.76541607794934e-06,1.7878282233141362e-05,0.00750410279724747,6.875691269669914e-08,1.8749240549009728e-09,5.862891612196108e-06,5.1525503863558705e-09,2.0791704741895954e-06,1.2105157054520532e-07,4.4955522611189734e-07,1.9882858137698638e-09,9.826514464350567e-08
priorregion2_spot_133,1.1704327862460673e-08,4.2054656201884205e-09,0.10517114624381065,0.2689702808856964,0.0018033676082268356,0.007045329897664487,4.271094112482388e-05,1.2257412890903653e-05,1.1682528247547453e-05,1.1969725228766494e-07,3.428051009723987e-09,1.9241870404584915e-06,5.0244661986553755e-09,1.5948876239235688e-06,2.2581054395232056e-07,5.550027793788105e-07,1.325817416963915e-09,1.2124241948185958e-07
priorregion2_spot_134,1.5455228989935675e-07,3.656673197571792e-09,0.2802860289812088,0.2939525470137596,0.11675126478075981,2.30768497203826e-05,1.988160465771216e-05,0.00012978329323232177,7.815957542334219e-06,1.3360443489318642e-07,4.150504806510469e-09,0.14392634332180024,1.1318598236442767e-08,2.8862272529295295e-06,3.9783300280760165e-07,0.00017264499183511361,5.5066480930676686e-09,4.6557069310892985e-07
priorregion2_spot_135,4.7149052306849634e-08,1.1646980047075317e-08,0.1595730446279049,0.4449070066213608,0.005543742212466896,0.05185682661831379,1.2091383905499243e-05,3.735331956704613e-05,0.02830671854317188,5.20439587603505e-07,7.701494730838476e-09,0.13559215888381004,1.0423656293667705e-08,2.6626960789144507e-06,2.3428197550856567e-07,2.025791911819397e-06,2.8215745850879167e-09,1.1217494169102338e-07
priorregion2_spot_136,3.3028683965596886e-08,8.238109927560802e-09,0.2347379021346569,0.1920965366065502,6.369552065734752e-05,0.0826369173824787,1.5087491419762958e-05,9.893649839796125e-05,4.8891762617131466e-06,2.3453576289966806e-07,2.517067265728202e-09,2.039987032276258e-06,2.664022975551461e-08,1.1794202578130352e-06,2.2180930940862712e-07,2.9808574453227266e-07,2.0667464073476086e-09,1.0552885889580921e-07
priorregion2_spot_137,4.403020685828096e-08,2.6024088572995654e-08,0.20366516709327698,0.27699977457523345,0.04352222103625536,0.01410360261797905,1.1434145062594326e-05,9.523191656626296e-05,0.001035889080958441,4.587662473909404e-07,3.1406261480348978e-09,2.220416145064519e-05,1.8780329025247513e-08,5.604566376860021e-06,4.012045621948346e-07,1.5643174776869274e-06,2.0372468489959773e-09,6.234730449250491e-07
priorregion2_spot_138,3.853957064592351e-08,8.23216907974711e-09,0.1350291647017002,0.544887176156044,0.09718313999474049,0.08620000854134559,4.925962384731974e-05,2.7707005210686477e-05,0.01416520862840116,1.8484346639979778e-07,3.498977207971878e-09,1.0607488684399869e-05,1.4377603108073345e-08,2.2100355522525207e-06,1.1725767521397757e-07,6.950335318833823e-07,3.3834840817981165e-09,9.903774227382203e-08
priorregion2_spot_139,2.2011117106757186e-08,4.825401789254614e-09,0.8416305810213089,1.633374704397284e-05,0.00033400970278307796,2.190625837101834e-05,8.345223113792599e-06,0.021219005808234215,9.240805229637773e-06,6.991650252530234e-07,3.850625740486891e-09,0.010371279064565897,6.17764197574644e-09,1.2663172537941137e-05,1.3754463950022e-07,1.6758460162691337e-06,8.146466251579557e-10,4.4424577438917375e-08
priorregion2_spot_140,1.5340438475064395e-08,6.647718908681099e-09,0.37885138988494876,0.14457337111234664,3.6543550959322604e-05,5.561144334933488e-05,4.962536331731826e-06,9.211870019498746e-06,4.627887847163947e-06,1.3893374912754554e-07,1.8348342345486658e-09,0.1939625732600689,4.8195589297250764e-09,6.987132906033367e-07,8.271560254513588e-08,3.612098410599175e-07,6.030856203320668e-10,4.5528484271528665e-08
priorregion2_spot_141,3.2131572513804953e-08,6.975260458119692e-09,0.22458089292049407,0.45132986754179,0.0005358577211154625,6.223816053534393e-05,1.5570723917335272e-05,0.15465626046061515,1.0992597526637838e-05,3.8080416402408447e-07,1.7778160554815513e-09,0.15336769074201584,1.0175196329953452e-08,1.797669119696366e-06,1.3286963110203944e-06,3.2813570527423513e-07,1.8199899920468001e-09,1.1992022592721695e-07
priorregion2_spot_142,4.254800245462321e-08,1.1075494699142044e-08,0.0973125722259283,0.6745842665433884,9.350915715913288e-05,6.282450522121508e-05,5.23964499734575e-06,0.09408340007066728,2.764481303074717e-06,6.856401228105824e-07,3.7132566022002332e-09,2.0139512162131724e-05,1.3176217183996642e-08,2.0570977085299092e-06,3.840826764189842e-07,8.675914500599902e-07,1.6351689446914008e-09,1.2302521952278768e-07
priorregion2_spot_143,5.728010723515809e-08,1.2992174003301216e-08,0.5350963801145553,0.37383066564798356,0.00012047145755786916,0.1709168776869774,3.603947152441833e-05,4.769369684254344e-06,6.8255515316195665e-06,1.6902529722528926e-07,1.7836500276757762e-09,9.617150726626279e-06,1.825637365726607e-08,1.0739255458247499e-05,7.637669568794081e-07,1.0479586080691661e-06,7.020725600881406e-09,0.00014976284219301306
priorregion2_spot_144,1.2014052330755476e-08,5.623054066816736e-09,0.17589098662137986,0.704265633225441,3.3311108018097003e-05,3.68610721125151e-05,6.0742333744201465e-06,1.558040785312187e-05,6.3306176798505476e-06,1.0234767273686886e-07,3.0878218981733606e-09,2.9489214171007918e-06,3.020218131144503e-09,8.617541794819773e-07,7.426128085796791e-08,1.852332985663452e-07,8.645209492730289e-10,7.767289069704475e-08
priorregion2_spot_145,7.841118652152092e-08,4.2024277835395195e-09,0.296096034348011,0.12138334363698959,0.04083948899060488,1.372172637275071e-05,5.413349708760507e-06,0.042140374332666396,1.192734425785602e-05,2.24898951017849e-07,1.7297613230660148e-09,3.141305605822708e-05,1.8989636174637782e-08,1.6483348645124352e-06,3.587437774399405e-07,1.2639727913210663e-06,1.3228109996266115e-09,1.2984949435690396e-07
priorregion2_spot_146,2.6125718193270587e-07,3.4989728558976196e-09,0.5884889274835586,0.012765425769612194,8.625125446997118e-05,1.1450204419816146e-05,3.0124513386908806e-06,0.014315845817327498,4.379537267595879e-06,2.20008893592194e-07,4.009408538507842e-09,0.02122239377349615,7.331520524012092e-09,5.713915300020744e-07,7.214525254539695e-07,3.9339981299235666e-07,2.424630485275969e-09,6.973036086321828e-08
priorregion2_spot_147,1.8171117410759054e-08,1.880610672744254e-09,0.5303269624710083,4.702797341451515e-05,7.69639536883915e-05,0.022368184942752122,3.908219605364139e-06,0.0007208506227470935,1.7239552380488022e-05,6.54238984765243e-08,1.6124141799522823e-09,5.650431421599934e-06,1.3323228387207565e-08,2.7010851653130887e-07,7.803351351753917e-08,3.549065240804339e-07,1.4590017194393569e-09,3.460046738013035e-08
priorregion2_spot_148,1.7815786268471358e-08,3.676127957596975e-09,0.2756499782204628,0.1326575368642807,0.0002596950638690032,1.305050677729014e-05,4.264424342181884e-06,2.6850669019040652e-05,0.03277517650276422,1.3156570162209393e-07,1.5096830230376669e-09,1.7291805033892163e-05,5.126321056536654e-09,1.9402889620323552e-06,1.322588069285757e-07,7.992004384504981e-07,1.6777793487854354e-09,1.2222714715903748e-07
priorregion2_spot_149,9.851407511973776e-09,5.059945595853321e-09,0.1818174570798874,0.21082589104771615,7.047204817354214e-05,1.4830976715529686e-05,2.20192296183086e-05,1.3417695936368545e-05,2.546284838444991e-06,7.629149116894496e-08,2.008360799887754e-09,0.1651375576853752,6.322798440372424e-09,8.308235976528522e-07,2.1994495753574485e-07,0.0007989532896317542,8.949440327699065e-10,1.538435199677224e-07
priorregion2_spot_150,1.5260418884111004e-08,3.895547595611504e-09,0.16056134924292564,0.5042709529399871,4.144680133322254e-05,1.578111050548614e-05,1.6781740123406058e-05,1.3571931322076126e-05,3.070832212870301e-06,6.345649526338094e-05,1.6234922572966328e-09,3.337995276524453e-05,5.360921173647172e-09,6.879810825921595e-07,7.941557640833708e-07,1.247361564082894e-06,1.4039161333467833e-09,3.801662469271605e-08
priorregion2_spot_151,2.01066663763072e-08,4.127330366365811e-09,0.04470594450831414,0.36680853366851807,0.04561711996793747,1.7676068364380625e-05,4.609468123817351e-06,1.134862172875728e-05,4.54714315765159e-06,1.2429939388880484e-07,1.09826485683584e-09,0.019090855587273834,9.8831483441586e-09,1.4021614447301547e-06,2.5483024259642665e-07,3.556102967650077e-07,3.36019384539199e-09,6.281569682187183e-08
priorregion2_spot_152,4.204850565514561e-08,6.377672545632152e-09,0.41688795834779735,0.29448304176330564,0.06811608038842677,6.043518678779946e-05,8.619158188594156e-06,0.05233284626156092,5.776596049145155e-06,4.5205865149000614e-07,7.04398417372687e-09,9.692256844573421e-06,7.008473557057471e-09,8.664127449264925e-07,1.917648766891489e-07,3.4687386119003355e-07,2.674551558001781e-09,9.348890692706392e-08
priorregion2_spot_153,2.1385958959285747e-08,2.502631135659073e-09,0.2455378770828247,0.3433651253581047,2.5733936763572276e-05,9.424230574950343e-06,2.3468179392693858e-06,4.871365376857284e-06,1.4795966535530168e-06,2.0251746164490216e-07,1.1830133805901257e-08,0.06657623313367367,7.531512494551861e-07,7.546465872110276e-06,9.871768931191129e-08,9.267684276892397e-07,5.382017526089911e-10,1.247908180346258e-07
priorregion2_spot_154,8.394681287882122e-08,7.056937523231e-09,0.16948099881410597,0.6258556067943574,5.677196495526005e-05,0.00011521002998051699,0.0001756424484483432,5.672313363902504e-05,0.0001415435748640448,4.0934819054427864e-07,2.855788305833329e-09,0.008237620256841183,7.640475696568673e-09,6.213086157913495e-06,4.0585656932989885e-07,1.3001800141410058e-06,1.063127745837278e-08,7.985905057239506e-07
priorregion2_spot_155,1.4461312458635689e-08,8.851095278927802e-09,1.683067248450243e-05,0.41410852670669557,0.00012471516893128865,0.05800823736935854,2.3405157116940244e-05,8.053361398197014e-06,6.504114207928069e-06,6.00630908564881e-08,1.9548497376398186e-09,0.3879893496632576,9.520844335142444e-09,1.9107039679511218e-05,4.1289185190862556e-07,4.6892976399703914e-07,2.487772321480009e-09,1.1670070080072038e-06
priorregion2_spot_156,2.9961853531546013e-08,8.239136217724764e-09,0.227995989471674,0.3745592564344406,0.16566444113850592,4.998093409085414e-05,7.4401895972187045e-06,6.108742400101619e-05,6.7482036229193906e-06,7.098671659377943e-07,6.895064164069708e-09,0.001250427687773481,8.183678268380845e-09,4.101995637029177e-06,4.2463509259960124e-07,1.1464183046427932e-06,3.45289516978653e-09,1.292447009859643e-07
priorregion2_spot_157,1.2624527512272722e-08,7.717215710911773e-09,0.19113433212041855,0.4358599975705147,0.0002095745672704652,4.5173023681854826e-05,0.014967589825391769,0.0005823269602842629,7.949746031954418e-06,4.523549179680231e-07,2.0850593140941956e-09,0.11955649219453335,7.371508345954681e-08,1.046952928618339e-06,2.342982178049624e-07,5.333648431360416e-07,1.396298671130225e-09,1.408548932602116e-07
priorregion3_spot_1,0.4639356702566147,1.782899267110949e-09,2.1109574035449444e-07,5.443507603786203e-07,5.413876010607056e-07,2.8507069913530355e-07,1.4863719215441052e-07,1.0797630949355156e-07,6.310420985755628e-08,1.5843451084407435e-08,3.2025640334110153e-10,3.676977620159506e-08,0.6957844793796539,7.946503544076222e-08,8.242571869487846e-09,1.7592650447539885e-08,1.9596476330541183e-09,1.1974784630552904e-08
priorregion3_spot_2,0.22927936390042303,1.5390549368277108e-08,3.0440098180406496e-05,0.30535757541656494,4.342307529441314e-05,0.005221083853393793,3.444976573518943e-06,3.870050454679586e-06,2.384804940902541e-06,1.2868339496208137e-07,0.0931861400604248,2.080642491364415e-06,0.13379752561450003,9.954821223345788e-07,1.9589841997458286e-07,4.8210501546464e-07,1.680386185753946e-08,1.2360220793539157e-07
priorregion3_spot_3,0.5437189966440201,9.588201654864292e-09,1.4588379963242915e-05,2.6696947952586927e-05,3.035614590771729e-05,6.460733948188136e-06,2.1030695961599127e-06,0.31641499400138856,0.040774954669177535,1.4297391501827408e-07,1.7489492520894604e-08,1.12975251795433e-05,3.315689838245818e-08,6.660565560423493e-07,2.6720132666469005e-07,8.940286647884933e-07,1.0379607728872033e-09,3.9979693013947335e-07
priorregion3_spot_4,0.2127965472638607,1.1337381788933955e-08,4.186698679404799e-05,0.06887887790799141,0.00046794431691523644,5.3974552065483296e-05,0.013207941921427846,0.1978201173245907,3.084862146351952e-05,6.959490661984092e-07,6.2794024202617035e-09,0.000150510133971693,0.23144768178462982,1.4643547001469416e-05,1.5577754254536559e-06,1.317511743081923e-06,8.130957196428313e-09,5.998283455710409e-07
priorregion3_spot_5,0.4921211272478104,6.061824664449489e-09,3.1400680472870594e-05,0.0002594389938167296,5.250363228697097e-05,5.006143182981759e-05,0.011623093718662858,0.2417357251048088,3.5040049260715024e-05,0.0007899551012087614,7.168529658763135e-09,2.0549065538943978e-05,0.4110684007406235,6.269553659876692e-06,1.5370701134997945e-06,1.753494570948533e-05,4.776733075750883e-09,3.0793468397405377e-07
priorregion3_spot_6,0.25190910398960115,3.5892542493698446e-09,4.299194242776139e-05,0.4765998959541321,0.00029219187126727775,0.07533494867384434,1.014924050650734e-05,1.1947285020141861e-05,3.5190092376069517e-06,1.4513287709405632e-07,2.407464205766985e-09,7.338677278312389e-05,1.3753220828860437e-08,4.883626070295577e-06,2.3041236545395806e-07,8.716033903510834e-07,3.943475079815073e-09,1.3130818672379975e-07
priorregion3_spot_7,0.2606877416372299,6.009922106642308e-08,0.020319433230906722,0.10005047954618931,0.00048388638824690137,0.009178972244262696,1.4159446755002138e-05,3.473435408523073e-05,0.009806479327380657,0.0031400294974446297,1.1880917227813371e-07,0.003945984039455652,0.5338851004838944,4.563874936138746e-05,1.6869488376869413e-06,3.3992783414760197e-06,2.8378675320794857e-08,1.3816474961458878e-06
priorregion3_spot_8,0.6111552447080613,2.6088137250468436e-08,0.027100046165287495,0.24967039451003073,0.019342387188225986,3.866013630613452e-05,0.0008119812060613185,9.568583154759836e-05,5.523852564692789e-06,4.603220099852479e-06,1.8408948765369362e-08,2.964074910778436e-05,0.11332707926630975,0.006682732212357223,9.507137519904064e-07,0.007896248158067465,9.47193470324237e-08,1.1983866045284231e-06
priorregion3_spot_9,0.14220044314861296,3.453117134455397e-08,1.070975231414195e-05,0.08220934942364694,7.475044731108939e-05,0.00019834163249470295,6.9731127268823915e-06,0.040610327571630474,1.1028861445083749e-05,0.09276782758533954,0.08943376131355762,2.156669897885877e-05,0.2512128159403801,0.003449220594484359,1.9827471192002124e-06,3.154549722239608e-06,1.5190269975207116e-08,4.123781337739274e-07
priorregion3_spot_10,0.06834903173148632,1.0956647988891177e-08,3.764562086416845e-06,1.3599544399767184e-05,3.490238213998964e-06,7.975403150339843e-07,0.015098810568451882,1.6085380423191966e-06,3.5368239252875356e-07,1.487992271620442e-07,0.3592081442475319,5.0364622893539495e-06,0.6304655462503433,1.56248000848791e-07,7.642063266644073e-08,2.0807483380735905e-07,6.07100127947291e-09,0.005566019355319441
priorregion3_spot_11,0.20749815553426743,6.416698958844335e-08,0.06893044374883175,0.03705128338187933,0.0003340477283927612,6.828147670603358e-05,1.7632018261792838e-05,0.196609702706337,4.1691023398016114e-05,7.467690534213034e-06,0.19103872850537298,0.02294791787862778,0.06899818070232867,5.509662114491221e-05,1.6660953042446634e-05,1.8119661763194018e-05,7.396833403561231e-08,1.3830658508595663e-05
priorregion3_spot_12,0.09005240686237811,2.5121742908140732e-08,0.03415183573961258,2.2550063840753867e-05,4.277596181054832e-05,0.0013452148239593952,0.007502598757855594,0.10126120522618293,1.1109048728030757e-05,1.3438367489015946e-06,4.245270535108147e-09,1.3733467858401129e-05,0.5915988057851792,4.5575146714327275e-06,1.6900331218039358e-06,0.025122939515858887,4.624313607592968e-08,1.3269668954762892e-06
priorregion3_spot_13,0.09244177564978599,2.0860233362895997e-08,7.064571900627926e-06,0.09581851027905941,0.04433861598372459,8.95352630323032e-05,2.2793173775426113e-05,0.1170293316245079,6.444812470363104e-06,1.3796172950719666e-07,3.0612765744564287e-08,2.653514616213215e-06,0.3068324252963066,1.984920027098269e-06,1.7515070069862304e-07,2.2249318831768508e-07,3.963019734598561e-09,6.958358120812137e-08
priorregion3_spot_14,0.003874026646371931,6.133054952783823e-08,1.2126525098210551e-05,0.23799727410078048,3.917407939297846e-05,0.0001257511758012697,2.897534818657732e-06,0.23532207682728767,5.2104123096796693e-05,1.1746202403628559e-06,3.890732869216152e-09,1.7248232961719622e-05,0.050506206974387166,2.0541324829537187e-06,9.633966874389443e-06,1.8733545630311712e-06,2.332591088816116e-06,1.4529061672874378e-06
priorregion3_spot_15,0.16780959516763688,3.4006263138763875e-09,4.107035033484862e-06,0.2930336967110634,6.26498413112131e-06,1.924826608501462e-06,8.523567402107801e-07,4.745581145471079e-06,3.275908042610354e-07,2.8569095089636676e-08,0.21758368834853173,8.697586252992551e-07,0.2554419308900833,1.5245261053564718e-07,4.274045881658141e-08,5.907500817414757e-08,2.350086336644353e-09,5.026711509259486e-08
priorregion3_spot_16,0.3077201828360558,2.073977434235985e-07,4.957866599397676e-06,1.1981729358012673e-05,0.00010391339856141714,1.7799144097807586e-05,3.465255776973209e-05,0.25126233845949175,0.02592486152425408,3.234835702414784e-07,0.19282403439283372,2.8773577582796865e-06,0.36960372477769854,6.481885111497834e-06,2.034493995495268e-07,7.095510653698512e-07,2.2867964730721723e-07,1.9244338105295357e-07
priorregion3_spot_17,9.986010866214202e-07,6.508743410904572e-08,2.6638533199729867e-05,0.044997156411409375,6.968000816414133e-05,3.932389631700062e-06,4.6451680100290103e-05,0.39507753252983097,2.35042714393785e-06,3.8418918819616015e-07,0.5387772589921951,0.02919639376923442,0.00013964834797661752,9.543559883695706e-07,1.0491123362044165e-06,1.8435265531024926e-06,1.8744179097751612e-08,2.785577834174546e-07
priorregion3_spot_18,5.854402935767666e-08,4.993229918426323e-09,4.916769535157073e-06,0.04479545336216688,0.010766808595508336,1.8987625298905187e-05,0.00011995944369118661,0.3015505954623222,5.2571350897778765e-05,6.846681550598534e-08,1.6089012677689146e-09,7.993709868969744e-06,0.3178836211562157,2.1276894813127003e-06,2.2629224858405907e-07,4.7241700116273935e-07,1.8182104177810745e-08,7.194629603191062e-08
priorregion3_spot_19,0.033153080195188527,2.5997354313744837e-08,0.0016854321991559118,0.3507004052400589,0.09101271703839303,0.07163216024637221,1.8390790319244844e-05,0.03630213811993599,3.0149111989885568e-05,1.7560370437763595e-07,1.4306601414659782e-08,2.6369284660177074e-05,0.24741204902529715,9.547437502988031e-06,4.517704851991766e-07,2.256799143651733e-06,9.165623593432315e-09,2.755151299993486e-07
priorregion3_spot_20,0.12803845927119256,1.9918504534643942e-08,0.0033162426203489307,0.31604141741991043,0.04637304190546274,2.614536788314581e-05,1.2387196056806717e-05,0.23083003237843513,0.008207636885344982,3.069077422424016e-07,7.233167065301416e-09,2.888290046030306e-05,0.18463042080402375,1.4702322232551524e-06,4.35342954006046e-06,2.568445177075773e-06,2.6969561606193795e-08,9.91982415143866e-07
priorregion3_spot_21,1.7314238576204845e-08,8.53490902952281e-10,1.0398750802664836e-07,0.20869316086173056,5.743908701560941e-07,1.449268815179039e-07,4.694024546836317e-08,6.542581303392582e-08,1.1140326661163158e-08,6.1032018550122306e-09,1.9988186439334755e-09,3.611757044552633e-08,0.5542897135019302,8.674501694727612e-09,1.2480068045661597e-08,1.0286065732501016e-08,6.799645152488765e-10,1.150842705577304e-08
priorregion3_spot_22,4.078109512306583e-08,7.76211650510561e-09,1.887634571176022e-05,0.4865109160542488,0.05830895639955998,0.015638101706281306,9.36361411731923e-06,9.963307820726186e-05,0.007894216571003199,4.243765175715453e-07,2.232789308997951e-09,1.0713528126871097e-05,0.22735194936394693,3.1089396202332866e-06,5.487264104431234e-07,8.672221639471901e-07,9.381339038938565e-09,3.0330095484032433e-07
priorregion3_spot_23,0.5095883518457412,5.789046841897516e-09,1.3229157866589958e-05,0.15206608101725577,2.744920884651947e-05,1.2242365255588083e-05,2.6157167940255026e-05,0.05977270621806383,3.573979665816296e-06,0.13412308618426322,5.76209037816966e-08,0.00021361166509450413,0.15906293764710425,9.894438392166195e-07,5.901370315086751e-07,5.174526620521648e-07,1.2457399245491276e-08,6.855497645119614e-07
priorregion3_spot_24,0.30825567841529844,1.2604019303807947e-07,1.541852714126435e-06,3.9245185462277735e-06,4.610704081642325e-06,3.853718908430892e-06,9.065040643463363e-07,1.9249016759204095e-06,1.910403085503276e-06,1.4891717228238122e-06,4.954115540023452e-09,5.294213764273082e-07,3.44882530043833e-05,0.004464218486100436,5.539496953588242e-07,0.00036058178084203974,3.3860525228135426e-08,1.9352244109427372e-07
priorregion3_spot_25,0.12471408247947693,7.147099779558631e-07,5.2390652126632634e-05,0.08399466276168824,0.00642198643181473,1.3185136867832626e-05,0.00013018784302403218,0.00021629167604260148,1.0435222748128581e-05,1.1588183724597913e-06,0.06878451779484748,4.0465594247507396e-05,0.41359295397996904,1.2587129504026963e-06,1.1764124394630928e-06,1.5856354366405868e-06,0.0651515532284975,2.1527514832087037e-06
priorregion3_spot_26,0.18462193086743356,9.066535894817208e-05,0.01855078907683492,0.21655256897211075,0.0004230853359331377,0.01844870587810874,7.7704933937639e-05,9.597874159226195e-05,0.025325307343155145,3.051497927231139e-07,9.622126428965316e-09,2.082722076011123e-05,0.386350117623806,3.981686381848703e-06,3.051285557376104e-06,1.988057010748889e-06,1.8880089580619598e-08,9.023371688954286e-07
priorregion3_spot_27,0.27794085890054704,7.811790414535835e-09,3.504857104417169e-05,0.5438465625047684,0.00010230842490273062,5.622630396828754e-05,3.84091524665564e-06,0.30059810280799865,5.603931617770286e-06,3.526988436419742e-07,1.4071882237232105e-08,8.814523062028456e-06,4.4649022790110856e-08,5.170154463485233e-06,1.05349021737311e-06,7.004168480762019e-07,3.1109839926379833e-09,0.0009912149165757001
priorregion3_spot_28,0.3045588403940201,1.1998854088091094e-08,5.0969218864338477e-05,0.2055308498442173,0.041399475559592246,0.0005888793792109937,1.4831740418230766e-05,0.14172013476490974,2.2324025849229656e-05,3.1095026770344703e-06,1.7368338649248472e-05,4.5692979983869006e-05,0.3730768844485283,2.4661675342940726e-05,8.567699950390306e-07,1.4245447630401033e-06,3.2126068276738807e-07,3.0207285703909294e-07
priorregion3_spot_29,0.16393008977174758,3.828442207698402e-09,0.03337934203445911,0.1276018761098385,0.09346076399087906,3.583585057640449e-05,9.413771294930486e-06,0.1218817450106144,2.849336260624113e-06,2.4443173600730007e-07,4.965215794072719e-09,0.00022059946932131427,6.919674291339108e-08,4.142685520491796e-06,2.6452432280166247e-07,4.849166714393505e-07,1.956112771761554e-09,1.3821518507484143e-07
priorregion3_spot_30,0.5277411460876464,3.416389109389684e-08,4.930177292408189e-05,0.1086907159537077,0.07056417614221573,0.00023480918316636236,1.2462475524444017e-05,0.05073347613215446,0.017070512380450965,2.0988600681448586e-06,4.9960975356810885e-09,7.587523396068718e-05,0.3293358311057091,0.0026145280105993153,2.854139870578365e-06,3.6607792594622886e-06,2.2181726855308173e-08,8.136146419701619e-07
priorregion3_spot_31,0.14784032404422762,3.645703259280708e-08,0.01757125435397029,0.000929084955714643,7.413514140353072e-05,0.012592740915715694,2.151203193534457e-06,0.018397145997732876,3.132742415346002e-06,1.097675203709514e-06,1.205419106753425e-08,2.7400265707910877e-06,0.131290902197361,0.0005149827484274283,2.9701554240091357e-06,3.1018810659588783e-06,1.9812376894634558e-08,0.0002460945033817552
priorregion3_spot_32,0.16574178040027618,1.030627521103611e-08,1.423523249286518e-05,4.0999298835231454e-05,4.5108700942364524e-05,4.644278924388346e-05,8.352543682121905e-06,0.0730685442686081,0.0009709381265565753,0.0735270816832781,1.267394544868239e-08,6.086232542656945e-06,0.39298286437988283,1.5917537893983535e-05,5.649863396683941e-07,0.0005238413810729981,1.908708116005187e-08,3.06222248980248e-07
priorregion3_spot_33,0.18520061820745468,9.848545134971689e-09,0.0003203713553375565,0.20026597455143927,0.00011520773259690031,0.025249400455504657,4.659589308175782e-06,1.299280634157185e-05,3.0558641356037696e-06,9.02906529631764e-07,0.11723305284976959,1.2511761678979382e-05,0.2403810054063797,1.9138501272664143e-06,3.914503807322945e-07,4.241401356352981e-07,9.9713842246274e-06,2.5065444617666806e-07
priorregion3_spot_34,0.04310295470058918,4.711698942116982e-09,1.8805876243277454e-05,0.14446869343519209,0.024449159018695352,1.2853982480010017e-05,3.762340190860414e-06,0.0919645618647337,1.9643961991278046e-06,2.0137571183909135e-07,0.050851373374462126,6.78244955452101e-06,0.18647036403417588,2.0290974362069392e-06,2.422953322422927e-07,6.930358040335706e-07,8.44263672306056e-09,8.605214034673736e-08
priorregion3_spot_35,0.3669064357876778,1.0903069824763634e-08,0.02963972631841898,0.1578104168176651,0.0392665334045887,0.03239686284214258,0.00016845939680933952,0.14908359721302986,1.045970752784342e-05,7.248790041103348e-07,7.889484354706158e-09,8.521468407707289e-05,0.1734030321240425,7.1284352316070006e-06,5.896688236362023e-07,1.2931081187161909e-06,6.411203052891779e-08,3.0785191995619243e-07
priorregion3_spot_36,0.2833100810647011,2.174779369923385e-08,2.297124283359153e-05,0.17665601074695586,2.3696052448940463e-05,1.560796072226367e-05,9.330507009508438e-06,0.0687737911939621,4.454650456864329e-06,4.171815206177598e-07,3.505558243688256e-09,5.131568855176738e-06,0.018026331067085268,1.5860218809393702e-06,2.8115180498389237e-06,3.209371087109503e-07,4.752461463795044e-05,0.004834851296618581
priorregion3_spot_37,0.4359799414873123,1.899122925586028e-09,3.561507912763773e-06,5.9282072925270764e-06,1.338439819846826e-05,3.06901206386101e-05,3.0929165177440157e-06,0.11635013893246651,0.016373301669955254,2.342757007056662e-07,1.040566033339019e-09,2.2078532765590354e-06,0.15707554295659065,5.583346114690358e-06,3.810108040624982e-07,7.905310013711641e-07,6.307417477202649e-09,1.1081254527312013e-07
priorregion3_spot_38,0.2382337711751461,2.0917850118706838e-08,1.722519409668166e-05,0.23736855387687683,0.00031724766304250804,3.229190369893331e-05,0.00015147768572205676,0.07496130466461182,7.647272877875366e-06,0.17643857896327972,0.07915690131485463,7.6856185842189e-06,0.14479344487190246,5.513980568139233e-06,8.416910395681043e-06,1.0769685502509673e-06,2.307659832112563e-08,1.978902355403989e-06
priorregion3_spot_39,0.12927265390753745,9.287318292194868e-08,5.640877789119259e-05,0.16888011246919632,0.0009734760358696804,3.346370085637318e-05,2.0217246674292252e-05,0.25122010558843616,0.00010379460618423764,9.144062602217674e-07,5.70627252116651e-09,0.00010394771925348323,0.39193207323551177,6.153826598165324e-06,1.6641309684928275e-06,2.9819827659594017e-06,1.0104477876637929e-08,6.41108155718939e-07
priorregion3_spot_40,0.18945523574948311,7.451478971631786e-08,2.466635432938347e-05,0.07537456974387169,0.000250520980625879,4.3910643580602485e-05,0.011099327309057116,0.3188488468527794,9.08021784198354e-06,3.4749499207009653e-07,0.11679673418402671,3.2962552359094845e-05,0.2073168270289898,2.4381025241382305e-06,5.913376469379728e-07,1.087638554508885e-06,4.439904746078582e-08,1.9174576877389883e-07
priorregion3_spot_41,0.7135833144187927,6.963169454365924e-08,0.04250079914927483,0.01949718240648508,0.00041241753206122667,1.7207811470143498e-05,7.673851450817893e-06,0.29713365733623504,8.533232858098927e-06,2.7272483862361696e-06,1.5511775927734562e-06,0.03156217187643051,0.05813837479799986,1.2872466186308884e-05,2.0024855075462256e-06,4.377439199743094e-06,7.866467910844221e-07,7.943380609276574e-07
priorregion3_spot_42,0.20065742507576942,2.3876836280578574e-06,0.0054594882065430285,0.11766324415802956,1.881427615444409e-05,1.1418944768593065e-05,1.8324004213354782e-05,1.0464137903909432e-05,8.944445198721951e-07,5.432923813941672e-07,0.31447490900754926,8.805796824162826e-06,0.2987374246120453,1.280637258105344e-06,7.567086072413077e-07,2.100340975630388e-06,6.862837196308646e-08,0.001892583630979061
priorregion3_spot_43,1.0412486091126994e-07,1.8160750236972948e-08,0.03468353524804116,0.38382337838411335,0.00010950332762149628,0.015933902096003295,1.8227029522677187e-05,0.20540476888418197,5.674295039170829e-06,2.656121353084018e-07,6.9407700697965424e-09,2.919418129749829e-05,0.24759441316127778,2.971021626763104e-06,4.420412182071232e-07,5.9577406830158e-07,1.4093219036226401e-08,2.1231655580322698e-07
priorregion3_spot_44,0.26449447572231294,3.1436853342725616e-09,4.306817354517989e-05,0.12468652166426182,2.99753361105104e-05,7.910662452559337e-06,3.890965058417351e-06,0.2707645446062088,6.104572662479768e-07,1.1713957484005279e-07,4.933048858291046e-09,1.9252208346642875e-06,0.13451528549194336,3.6086252350742145e-07,1.436326165560331e-07,1.8573848521441504e-07,3.441587248520506e-09,5.196776076132892e-08
priorregion3_spot_45,0.2813860774040222,0.0008797629998298362,0.00014911048419889993,0.007720358087681234,0.00015128387894947082,0.014357101544737816,0.03393990695476532,0.1323590874671936,1.062427913893771e-05,0.11347799450159073,0.23580369874835014,0.0018556424300186336,0.15378407910466196,0.002028001437429339,1.4133854506326316e-06,6.278520754676721e-06,2.1654392678982503e-08,4.327310125518125e-06
priorregion3_spot_46,0.5002372533082962,3.6349432441795665e-08,0.02157520316541195,0.1514521285891533,0.0011930626817047596,3.43670968504739e-05,2.631307461342658e-05,0.03196899145841599,2.589531118246669e-06,0.1271175131201744,6.910065053489234e-09,3.0094928024482216e-05,0.030147815961390732,7.448924270647696e-06,2.7457805208541687e-05,2.1677609538528486e-06,9.525901623064215e-09,1.5196484753232653e-06
priorregion3_spot_47,0.06506562754511833,8.000687445886001e-09,5.792258566117425e-08,3.150732837298165e-07,6.684323011540983e-07,1.0892303912157788e-07,2.366871552084149e-08,6.990793757211121e-08,2.7404592639612706e-08,3.6779730150371397e-09,0.18647998049855233,4.454604560777398e-08,0.3344337835907936,2.1050907239583694e-08,4.531067343549467e-09,9.011607060571692e-09,2.6487325555102357e-09,4.850373147569088e-09
priorregion3_spot_48,0.489856031537056,7.124594560536935e-07,0.006027279770933092,5.499122398759937e-05,1.3230751483206406e-05,0.021433839574456215,1.8076983087667033e-05,4.460667923922302e-06,7.650400357306353e-06,5.30618165157648e-06,0.27766580730676654,3.2624538221170956e-06,0.2881680727005005,1.6979993858967647e-06,4.037544172774688e-07,4.179038569418481e-06,1.131315343627648e-08,0.029238298442214726
priorregion3_spot_49,0.05570647865533829,4.7056900953634794e-08,6.609345109609422e-06,0.09576627425849438,5.353849951461598e-06,3.987091918133956e-06,5.969586368337332e-06,0.03684863299131394,8.332712724268277e-07,1.6587485802688208e-07,1.0915800574551328e-08,1.2120551104999322e-06,0.09910633899271487,6.106937888716857e-07,3.134598699716662e-07,5.517182358971695e-07,5.394380209189365e-09,0.024470043368637562
priorregion3_spot_50,0.0666299406439066,0.009423799393698574,1.677038062553038e-05,0.00011500071232148911,5.08876760250132e-06,1.8938325240469568e-06,3.5854492807629866e-06,0.006466473359614611,2.403937877204499e-07,5.39015721301439e-07,0.39168042540550235,6.131850938118077e-07,0.2414419859647751,3.534605426125381e-07,1.7675945471751222e-07,3.823099632427329e-07,8.35652652853014e-08,0.012483804021030664
priorregion3_spot_51,0.19074829667806625,8.208108548402036e-09,6.000318080623401e-05,0.1986602284014225,8.178101234079804e-05,0.023403639439493418,9.622463621781208e-05,0.37979556918144225,4.57828300568508e-06,8.552894428248692e-08,6.022115450754484e-09,6.210610695234209e-06,0.3005905568599701,1.2760171046011238e-06,1.1618614088604318e-07,2.80913749861611e-07,1.228387036533718e-08,5.110225167470617e-08
priorregion3_spot_52,0.18680128008127214,0.0012427421286702156,5.170741587789962e-05,0.08357644826173782,7.11102555214893e-05,1.2701777359325206e-05,2.042889891527011e-05,0.021022858936339615,3.603181426115043e-06,0.004316970217041672,0.2751989111304283,0.002971631451509893,0.3717420056462288,2.997005788074603e-06,1.9711294612534404e-06,1.5920873863706222e-06,1.084345896629202e-07,1.5139433344302234e-06
priorregion3_spot_53,1.9097313153082497e-08,2.345895422362077e-09,0.06592535376548767,0.5129736363887787,0.048918388038873675,8.317734182128335e-06,4.850679601986485e-06,1.1761180712710485e-05,2.866764475584205e-06,8.731891618651843e-08,3.834777195788065e-09,0.05459359418600798,3.469134135514196e-09,9.281128740212808e-07,1.3570380303917774e-07,2.2580971048569157e-07,9.325343913735297e-10,5.7278730736243234e-08
priorregion3_spot_54,0.8809046506881715,2.7391778090191112e-08,4.684451105276821e-05,0.01240616929717362,3.2710565506022252e-06,1.6278951250114918e-06,8.830857950670179e-06,1.369059873468359e-05,5.333247145244968e-07,7.310577160524191e-07,2.3717684372037698e-09,1.2275717892862304e-06,0.19459571093320846,4.0785400443610344e-07,2.121082289363585e-07,5.233703120666177e-07,2.1841032760150368e-09,0.017421057261526585
priorregion3_spot_55,0.24709104001522064,3.21307439321572e-07,0.008269675821065903,0.31336609870195387,0.0033611360471695662,0.04500546585768461,0.0047108208993449805,0.163340063393116,3.854306014545728e-05,0.0011660529940854757,2.7413448666635535e-08,0.021688905358314515,0.1462686151266098,0.00021608655442832968,3.6737007917508897e-06,1.5338846515078332e-05,2.5576709674624e-07,1.4160743785396336e-05
priorregion3_spot_56,6.229667786072924e-08,8.975296683644273e-09,1.4967406150390163e-05,0.4328083202242851,0.051547611504793166,0.0014772526163142174,9.41213488658832e-06,3.091006146860309e-05,3.977209121330816e-06,1.86578409966387e-07,3.4258140324539006e-08,4.957411238137866e-06,0.2955090194940567,1.8199285364062233e-06,1.5480011370527793e-07,4.47425273364388e-07,2.874970839172875e-09,9.306981638701473e-08
priorregion3_spot_57,0.16928302496671677,3.5956419885962984e-08,0.08280864134430886,0.28683923482894896,0.0011100014206022026,0.00014713221753481776,3.9128696153056806e-05,6.567255441041198e-05,0.020768235437572002,0.17209390923380852,8.965190678722479e-09,4.6906500574550595e-05,0.07782032303512096,0.000209784757316811,4.55703827810794e-06,4.618671573553002e-06,2.0874348916066765e-08,8.462120405283714e-07
priorregion3_spot_58,0.1162688884884119,4.0399431924242893e-07,0.00044233334629097956,0.2051274761557579,0.0004693578172009438,0.04216006398200989,2.169317331208731e-05,0.21736971437931063,0.04331690538674593,0.0037656619795598087,9.383610954927236e-09,6.815315064159221e-05,0.17800204828381538,7.041254903015214e-05,2.1875193738196684e-06,2.744190533121582e-05,5.97316834216599e-08,3.0644904427390433e-06
priorregion3_spot_59,0.021437767893075943,2.5996326247224037e-08,0.00011630483350018039,0.19389843121170997,8.908693671401124e-05,0.0023497972055338324,0.00018183057181886397,0.33759052604436873,1.3505761671694927e-05,0.057184744812548156,1.0680106798943713e-08,4.87289835291449e-05,0.02262224815785885,3.234570813219761e-05,2.7370066527510064e-05,3.1788883120498218e-06,1.8183714800557028e-08,0.02592095797881484
priorregion3_spot_60,0.052956365048885345,5.258689057541233e-08,0.00010171802932745777,0.3473564848303795,0.006717524304986,4.89964049847913e-05,1.7396826751792106e-05,0.08202354051172733,2.330226434423821e-05,0.09896792843937874,7.15687638042084e-09,3.0426139892369976e-05,0.14641613215208055,4.372400940155785e-06,1.1379599868632795e-06,1.8074243996579753e-06,1.0213230261513221e-08,3.854673451542112e-07
priorregion3_spot_61,0.22549639567732813,1.01169223398756e-07,4.325759146013297e-05,0.013715307274833322,0.00030907102627679705,0.00014573747976101003,0.008197401138022541,0.17217614203691484,7.098664827935864e-05,3.915567049261881e-06,1.0998619659474686e-08,0.0112843147944659,0.3935324400663376,0.00011929534157388845,1.058836687661824e-05,1.7657692524153392e-06,2.7682015080188196e-08,0.010995775228366256
priorregion3_spot_62,0.003944009216502309,2.868579365156165e-08,0.0004600824307999574,0.3154586762189865,0.0014344878436531872,0.10224635601043701,1.329188189629349e-05,0.11364363208413124,8.324150076077786e-06,3.872699323892448e-07,7.892801789921578e-09,1.1568139188966598e-05,0.22363124862313272,8.167840951500695e-06,4.748340188598377e-07,0.0004063967615365982,1.9515947702331007e-08,5.294234625807803e-07
priorregion3_spot_63,0.37671523243188854,1.7654305572989418e-08,0.00047058407217264174,0.12756619974970818,0.1656619817018509,0.00019059615588048472,4.1105438322119886e-05,0.11441985107958316,1.1776229712268105e-05,4.2297728981566256e-07,0.13339075222611427,6.270591211432475e-06,0.20382776930928231,1.2965446967427851e-05,6.707159343477542e-07,1.1177329042766361e-06,2.0451557780631905e-08,4.081347711348826e-07
priorregion3_spot_64,0.4578276827931404,6.052812639989469e-10,2.4509927101235005e-07,6.947752837049848e-07,6.195032028699643e-07,8.225440552678265e-07,1.591386912025428e-07,2.80311382994114e-07,6.04650303159815e-08,1.5900967120785483e-08,4.103969164503951e-10,7.356717581785688e-08,0.8081679493188858,1.0856858239094437e-07,2.97051691688921e-08,1.534249705059665e-08,5.765838806404133e-09,4.6027625266731315e-09
priorregion3_spot_65,0.2780938297510147,1.3998994896624595e-08,0.011346888169646263,0.21052871346473695,0.0021663125953637064,0.001180548034608364,3.376549630047521e-05,0.07305258363485337,0.00015017038240330293,7.617653011493531e-07,0.12494964972138405,0.00011243758199270814,0.08949288688600063,3.6393890150066005e-05,1.121675342119488e-06,2.466674118295487e-06,2.8150080755295904e-08,4.586549621876657e-07
priorregion3_spot_66,0.23201999589800837,0.0005442480498459191,0.030362563300877807,0.07499279864132405,0.08275399319827556,4.0747239108895886e-05,3.1487861519963188e-06,9.620670516596876e-06,3.0999464456726856e-06,2.1354201322765222e-07,0.3110052660107613,3.832738877918019e-06,0.1497152753174305,1.0969270533678357e-06,1.4670062498112205e-07,2.561997007433092e-07,4.378192670628777e-08,1.3308204245277013e-07
priorregion3_spot_67,0.018477413151413203,5.479916320716427e-09,1.072519780791481e-05,0.10273032560944557,0.007072749454528094,1.2596972510436899e-05,2.95494982310629e-05,0.17583555057644845,4.808487710761256e-06,1.5882205559591966e-07,6.322843248973698e-09,3.512475450406782e-05,0.1089178279042244,1.0410817083084113e-06,1.9799196877556823e-07,6.030157010172842e-07,3.1930271648938915e-09,8.35872086213385e-08
priorregion3_spot_68,0.00742697126697749,0.00045699550973949955,0.010479260701686144,2.125557703038794e-05,5.7428784930380065e-05,1.2743879005938652e-05,3.814518413491897e-06,0.15353582575917243,4.027696377306711e-06,3.2013778934469887e-07,0.26613240987062453,3.776197502247669e-06,0.4038606286048889,3.5940377529186665e-06,6.163002723269529e-07,1.6070720050720412e-06,1.0755072255008713e-08,1.9593386113569977e-07
priorregion3_spot_69,2.7469695407233988e-08,4.661814489992366e-09,0.0005454363679746165,0.17210403159260748,0.0002337489087949507,7.389705319837958e-06,2.6920042000710967e-05,0.4123486757278442,1.2176516236195313e-06,1.9475168286930968e-07,3.2654896231498757e-09,0.00805649938993156,1.734130590236305e-08,8.974665433925111e-07,8.005608940209185e-08,2.590831869042632e-07,1.2524783987721835e-09,5.359106456381824e-08
priorregion3_spot_70,3.628834086555344e-08,3.0026161335072744e-09,0.04121027532964945,0.2820495069026947,0.14232948422431946,6.880060846015113e-06,1.7715651381422506e-06,9.163607592199698e-06,2.4415543293798696e-06,9.848770972098464e-08,2.8257955975163895e-09,4.6270457005448405e-06,0.2627197697758675,5.144365900378034e-07,1.26523602261841e-07,1.529245245990296e-07,4.3082670098115726e-09,8.489321103866133e-08
priorregion3_spot_71,0.9389149129390717,3.1847842407728426e-08,6.529082327233482e-07,1.6410832245128403e-06,1.1957695960518322e-06,8.729761276526916e-07,5.829125285572445e-07,4.847512116157304e-07,2.6505589403313937e-07,3.381107749333978e-08,2.5911880419116073e-09,2.9669518255559527e-07,0.23858911395072938,3.1930738259688954e-06,2.6747946968441738e-08,9.910703511195607e-08,4.09631277786815e-09,3.30780258295249e-08
priorregion3_spot_72,0.19627587720751763,7.968860273876999e-08,1.7040337183971134e-06,0.16587145403027534,3.194461635303014e-06,5.471074729257453e-07,3.6630636799372953e-07,1.2733809626297444e-06,1.379610907292772e-07,2.3584055863778986e-08,0.21814134791493417,2.563194627214216e-07,0.31293775588274003,8.626942893386058e-08,2.9361611719735946e-08,6.27872289271636e-08,1.3060824066712939e-08,6.057254271496504e-08
priorregion3_spot_73,0.3897553101181984,6.440300097665385e-08,0.009070795262232423,0.02816727068275213,0.028569159470498564,0.030478802137076856,2.154933972633444e-05,0.13645204454660417,0.0006749355467036366,1.4009228152644937e-06,5.804536976938835e-06,5.116575375723188e-05,0.22094899341464042,2.0823731756536293e-05,1.6979103475023293e-05,1.1085648293374107e-05,2.6809355176737885e-06,0.004576160828582943
priorregion3_spot_74,0.16020528152585028,2.3478622823702724e-09,3.8539128036063636e-05,0.2872942700982094,8.31137867862708e-06,7.147515725591803e-06,9.28636697494767e-07,2.0982301748517785e-06,4.0373758594114404e-07,7.801867241141736e-07,2.6572249955947314e-09,8.279887424578194e-07,0.3896637246012688,6.082581023747479e-07,1.0270057444472514e-07,2.8496142334688557e-07,3.4261913306465885e-09,5.630299568792907e-08
priorregion3_spot_75,0.2930186912417412,8.383971517034183e-09,2.900079971368541e-06,4.375547837298655e-06,1.1975455572610372e-05,4.945127693645191e-06,1.2591522363436526e-06,0.04240225125104189,3.7462913269337155e-06,2.6951104956651763e-07,7.522023884121154e-06,7.630941041725236e-07,0.23378708139061927,8.271772060197692e-07,1.279361163142312e-06,1.6998951295477128e-07,7.249197437886325e-08,8.799113082602618e-08
priorregion3_spot_76,0.275598070025444,1.3572246793103205e-08,0.036117386817932126,0.042647511884570125,8.595350736868569e-05,0.02516913814470172,1.1236526370339562e-05,0.1350182704627514,2.662537713149504e-06,1.8120788354281105e-07,6.872788160805499e-09,1.1795287582572202e-05,0.1441422499716282,3.5824936048811664e-06,4.22008797329454e-07,1.0786223640479878e-06,7.029026818372586e-07,7.78027935410819e-08
priorregion3_spot_77,0.3761381357908249,4.085544458298784e-09,6.436103092255507e-07,4.449693051356008e-06,7.786501282680546e-06,1.7978433879761725e-05,3.5187120488444634e-06,2.000822371428512e-06,6.199028302944498e-06,1.4164058654841937e-07,0.19564849138259888,6.000381858939363e-06,0.2278546892106533,3.138053989459877e-06,4.144836907471472e-07,3.945781116954095e-07,6.549003028766266e-09,0.005579913058318197
priorregion3_spot_78,0.1502766117453575,6.336144253715759e-09,8.395476106670685e-06,0.07218329049646854,0.014074145443737507,1.7676750212558547e-05,1.2904850109407562e-05,0.1527470886707306,3.0023544582036267e-06,1.4262613063920073e-07,4.0075028406860734e-09,1.486272714146253e-06,0.3780932977795601,4.1026839454616497e-07,1.1745286094821952e-07,4.1137692932124995e-07,8.881323765308481e-09,1.1500722436608158e-07
priorregion3_spot_79,0.005450280592776835,1.6426322702045582e-07,0.02301186239346862,0.12717167288064957,0.00012956159844179638,0.00014949879187042825,1.5694710873503938e-05,0.04173829350620508,5.52824303667876e-05,0.03709925152361393,0.12258585281670094,1.2337357566138964e-05,0.16334317177534105,4.946718263454386e-06,1.3671540318682674e-05,2.6893192398347313e-06,3.010318572194137e-08,0.01619565077126026
priorregion3_spot_80,0.14373936355113984,7.014077368694416e-06,8.31629349704599e-06,0.00012953244004165754,8.832537096168381e-05,0.00010511110122024549,2.5982791612477744e-05,0.1096065979450941,3.5572557294472063e-06,0.0955754529684782,0.1219584759324789,1.560314485686831e-05,0.2958090454339981,2.5171914330712752e-05,7.467308250852511e-07,1.2243548667356664e-06,3.48275090544803e-08,4.0577459117230317e-07
priorregion3_spot_81,0.05076518654823303,1.4599096331835427e-08,1.7363492861477426e-05,0.6061880409717559,3.5667035444930664e-05,1.216681534970121e-05,0.003726757736876607,1.1078481020376786e-05,2.020812530645344e-06,1.6849142866703915e-06,2.1994689070048427e-09,0.026074892282485964,0.2581820160150528,1.6075262180947905e-06,5.399963640684291e-07,6.489605198112258e-06,1.4721380647841899e-08,0.009387386078014969
priorregion3_spot_82,0.3359954416751862,5.434755877331555e-07,1.2312683156778802e-05,0.010953714651986957,1.3705763012694661e-05,1.1337803925925982e-05,0.006987133272923529,2.715417622312089e-06,1.7692849269224099e-06,0.012234189314767718,7.893475872933209e-09,0.00010119207727257163,0.5161231696605683,1.5939492129746214e-06,3.8860412558960895e-07,2.3303004581975985e-06,5.9085096992816946e-08,2.0772003381352986e-06
priorregion3_spot_83,0.4262320175766945,9.94701165879519e-09,2.7369786585040858e-05,5.697289020645258e-06,2.7665975540003274e-05,0.0035433510784059763,8.380079862035928e-07,0.2965757936239243,6.875421104268753e-06,4.688321020296371e-08,3.010105242839956e-09,1.2923301198952685e-06,1.1595941522557496e-07,1.0347478053063243e-06,1.3214614540402182e-07,1.2098930923798434e-07,3.4481528410346137e-09,2.1523817128610292e-08
priorregion3_spot_84,0.116682044044137,3.520983238303188e-08,0.01873396039009094,0.0050523611018434165,3.43781357514672e-05,4.6337202093127425e-06,5.33737011210178e-06,0.3712003484368325,1.9980630781901713e-06,8.957354310723532e-07,1.4105244217077486e-08,1.195346021631849e-05,0.2768115594983101,8.87938770688379e-07,8.705427063659955e-07,5.138915668112532e-07,1.4409945503501832e-08,0.0019515400112140925
priorregion3_spot_85,0.10041506811976432,6.4217563044977065e-09,4.146475566813024e-05,0.20487028136849403,0.00015036536788102237,0.010324033442884684,1.0357792871218407e-05,0.06557914689183235,2.242421423943597e-05,2.7348299624918587e-07,1.6973348060389527e-09,4.052070244142669e-06,0.06271044164896011,1.8521833862905623e-05,4.78442677831481e-07,1.3898508711918113e-06,7.310965410844972e-09,1.1706036779912667e-07
priorregion3_spot_86,0.05155503414571286,2.9918451271981894e-08,0.0846951760351658,0.23556268960237503,9.793448443815578e-05,1.9643234190880323e-05,7.251792476381525e-06,0.1745039753615856,5.664058085130818e-06,9.904923047088233e-07,4.451464730159671e-09,0.009525206824764609,0.2672542482614517,2.377674115905393e-06,2.014202902955731e-06,8.611245021938886e-07,1.8364926734903975e-08,9.561629582321986e-07
priorregion3_spot_87,2.404905742992014e-07,2.124591693686285e-08,0.0011864782543852927,0.23180059492588043,7.195485559350346e-05,2.5016717609105398e-05,1.0460307885296061e-05,0.12780823409557343,5.577041770266078e-06,0.0454906964674592,0.0891701951622963,3.525575584717444e-06,0.09539943262934684,2.3595249331265223e-06,4.943261785683717e-07,1.4692341210320592e-06,2.6323408430783958e-08,2.482851286345067e-07
priorregion3_spot_88,0.16050394400954246,4.416114585126252e-09,1.4189712419465652e-05,0.3000947877764702,0.00010724413441494108,1.2989679498787155e-05,4.8539533236180435e-05,0.0879140444099903,0.0032145644538104537,1.2456435456442704e-07,1.010778709620297e-08,1.0145950318474207e-05,0.3953328236937523,8.828199469235187e-07,3.237933896116374e-07,3.5289994997356195e-07,1.0452579957132003e-08,1.1758860267718775e-07
priorregion3_spot_89,0.029933949746191502,4.848654944211716e-09,6.026793744240422e-06,0.09171797968447208,2.6408918984088814e-05,7.379623843917215e-06,3.365760085216607e-06,0.14032347947359083,0.0062060103751719,1.1497046656927524e-07,9.936181266656518e-10,2.0056103267052094e-06,0.1412150539457798,8.482246698804375e-07,2.936419207344443e-07,4.088996249151933e-07,3.5297969547265495e-09,7.043339884660327e-08
priorregion3_spot_90,2.501289939615958e-08,4.8476203495795296e-09,1.4105755008131382e-05,0.1540010139346123,0.0007422492635669187,0.049961861595511435,6.2904342485126105e-06,0.12320727370679378,5.460986471916841e-06,8.637108130926663e-08,1.7815295905165843e-08,3.500122261357319e-06,0.39147620648145676,2.652001717251551e-06,2.144444160023795e-07,2.5895821238464127e-07,2.7968097615627143e-09,6.189243464405083e-08
priorregion3_spot_91,0.0670569434762001,5.674201952743376e-09,9.785963356989669e-06,0.38902050554752354,0.00013267652757349425,0.0004251771257258952,4.757503902510508e-05,0.11477272883057593,4.489735442803068e-06,1.3891147006006578e-07,1.0264192606967982e-09,6.672526455986372e-06,0.3912327215075493,2.6853381655200793e-06,2.4005504357660356e-07,3.358505281880753e-07,3.802322678936321e-09,1.9405226936441982e-07
priorregion3_spot_92,0.14685252532362938,1.3296667811246721e-08,1.474937075727212e-05,0.035011854395270346,0.00012087745199096389,0.012741757882758975,1.8446152898832226e-05,0.29395963549613957,0.0014480336220003664,4.251275996125515e-07,3.591133512781397e-09,4.792251570506778e-06,0.24470223039388658,2.2411057898352738e-06,1.4456383632932557e-05,3.140219280339807e-06,5.972763386097313e-08,0.0022486998001113533
priorregion3_spot_93,0.003926409175619483,1.051597379841951e-07,3.809055069723399e-05,0.1644480772316456,1.528087054794014e-05,1.548015461594332e-05,3.6568224572874897e-06,0.13888168334960938,1.5921995327516924e-06,1.1499166475914536e-06,0.32531284838914876,2.4687813311174978e-05,1.2251978560584574e-07,2.8768680067514653e-06,5.227233486948535e-07,4.708955728460751e-07,6.030068044893256e-09,3.6542464698641197e-07
priorregion3_spot_94,0.31527688801288606,7.216462201142804e-08,0.0438204413279891,0.07740990333259105,0.00966762723401189,0.00033936436811927707,7.54824752220884e-05,0.056106464192271235,2.1860129436390707e-05,1.7663013295532438e-06,0.17963868454098703,0.013327724114060401,0.15105074048042297,5.435722014226485e-05,8.935538318155524e-07,5.62108105441439e-05,2.212981407012649e-08,7.403806705497118e-07
priorregion3_spot_95,0.5136338233947754,1.9713443144553367e-08,1.0760202394521912e-05,0.0272253742441535,1.726095360936597e-05,6.664990792160097e-06,4.2443044912943156e-05,0.09972447045147419,0.00013558834907598794,0.19125333055853844,0.18040667697787283,6.179065894684755e-06,0.05843234062194824,1.1449984185674113e-06,5.019596784450187e-07,1.4742691348601512e-06,8.550307484256337e-09,6.311134796987972e-07
priorregion3_spot_96,0.4705418050289154,5.452309337350414e-09,3.2803980502649213e-06,0.0011710901628248392,4.369417570160295e-06,6.93737047186005e-07,2.4511082528988485e-06,4.789091462953365e-06,2.9588517463707834e-06,1.2853186337480339e-08,8.206709783964428e-10,8.369747638425908e-06,0.21885044127702713,1.8839930433500742e-07,3.694537262788345e-08,5.773689764509981e-07,4.8101482352791446e-09,4.72614388513648e-08
priorregion3_spot_97,0.24324003383517265,8.648742806371957e-08,0.00034821009030565624,0.12593790888786316,0.0005585520761087538,8.110028466035146e-05,6.90890086843865e-05,0.1950083166360855,1.3151139955880354e-05,6.175059269253325e-07,5.064535946175398e-09,1.0177809554079432e-05,0.7265914052724838,0.0033861917559988796,4.977546439022263e-07,9.155661899740153e-07,1.6225766774624618e-08,3.447187481242509e-07
priorregion3_spot_98,0.7997546464204788,1.189520406619238e-08,2.586683449408156e-05,0.026644415780901907,0.00018980900567839855,0.03395588453859091,1.2587666469698889e-05,2.9383540095295757e-05,2.939111682280782e-05,0.13597305342555047,3.0238410331229203e-09,2.92347319827968e-06,0.018660236708819864,0.06478197276592254,9.094779579754686e-06,1.4961619001496729e-06,1.214685450001696e-08,1.4397282200206975e-06
priorregion3_spot_99,1.5491672400003154e-06,7.91789296350487e-09,0.0001103196180338273,0.07693940289318561,0.09854886494576931,0.02906440747901797,1.0305285104550422e-05,0.04904498383402824,7.910314502623806e-06,1.6238912294852526e-07,0.29325099736452104,1.2837533677156899e-05,0.16280072778463361,3.3388783663212965e-06,2.3136940399126619e-07,5.760992991099557e-07,1.2335957100262363e-08,1.6586480171554286e-07
priorregion3_spot_100,2.0050480031841287e-08,5.962909483514522e-07,1.1140093238282135e-05,5.1808772150252485e-05,0.042576033249497415,1.2573425010486972e-05,3.1829684871809152e-06,0.30962234139442446,5.976823103992501e-06,2.931570506348181e-07,2.1670731653600233e-09,2.7927572091357432e-06,0.28927703797817234,1.4478840057563503e-06,1.9260842520907318e-06,0.027666336484253408,1.6561290383521055e-08,7.955778642099178e-07
priorregion3_spot_101,0.3832465708255768,1.3511096641494196e-08,2.462402642322559e-06,0.00024302655656356366,1.2705434073723154e-05,1.8894034928962357e-05,0.0113104656804353,1.3337213772501853e-06,9.902560464070121e-07,2.5874605057651935e-06,0.21123692095279695,8.576091119039119e-07,0.14150905087590218,0.001259587478125468,8.701318563453242e-07,1.4922372372438986e-06,7.2428218977904635e-09,6.095824574003928e-07
priorregion3_spot_102,0.1925218239426613,6.692605802882667e-09,0.0004778416085173376,0.43490518629550934,0.07767105773091317,0.0017783644900191576,1.6655728450132302e-05,0.5141187638044358,7.526296358264518e-05,1.7430307863719466e-07,3.6322837071445237e-09,0.0001135773567511933,9.907479920912012e-08,4.895805341220694e-06,3.6105057716895316e-07,1.956741198227974e-06,1.0637984004802093e-08,3.4811309888027605e-07
priorregion3_spot_103,0.373622228205204,4.193474705260769e-08,0.005654111853800714,0.29064955413341526,0.038903165608644485,0.0024466383154504003,5.536005101021147e-05,0.10301455818116666,0.03873629719018936,0.0005549648747546598,1.3173441582026158e-08,4.476391350181075e-05,0.06855289824306965,3.7120140950719355e-05,2.3531577767244015e-06,1.4623067318098038e-05,3.0419499452705176e-08,1.8765626975891792e-06
priorregion3_spot_104,0.41240680813789365,2.396947023086682e-08,0.03398826271295548,0.07106647938489914,0.04573710933327675,0.03734786435961723,2.3661442082811848e-05,0.00022312383953249082,0.01756439721211791,3.6938071275471886e-06,1.2418411854397961e-08,7.213621611299458e-05,0.5466049462556839,1.545201239423477e-05,1.8861972148442873e-05,0.00010883907962124796,1.7447411764237587e-07,0.00012598483735928314
priorregion3_spot_105,0.13184087052941323,2.668870324740169e-08,6.525768776555197e-06,0.008039117325097322,4.817918215849204e-05,0.013418629253283144,3.85849192753085e-05,6.661401607743755e-06,2.3512997904617806e-05,0.36712446808815,1.8384335049859148e-07,0.013467881456017496,0.2620488226413727,0.06836536042392254,2.5967041551666626e-06,5.517840963875643e-06,3.7076513059730595e-08,0.018473407346755268
priorregion4_spot_1,4.0220349859509954e-07,0.032245106808841226,2.983814201797941e-05,5.906538262934191e-05,0.09526742473244668,4.7103452016017396e-05,2.4938725618994795e-05,1.748865406625555e-05,0.07696753926575184,7.323227919187048e-07,2.479850558234631e-09,3.9238271483554856e-06,2.388703927991287e-08,0.05974087882786989,2.2745943297763916e-07,6.502337981828532e-07,0.0674161970615387,1.5931639723021364e-07
priorregion4_spot_2,1.1754236162175857e-07,0.16151139363646508,4.1824391928457775e-06,2.7627544659480916e-05,2.1236518477962818e-05,6.212983453224297e-06,4.8147353118110915e-05,0.030653271079063415,0.13166736513376237,7.63237981260545e-08,6.3908953240598986e-09,9.606841302911563e-07,3.543233813019242e-08,1.8685593587974837e-07,6.592392942650349e-08,6.316547569440445e-08,0.1911280408501625,2.99997744868108e-08
priorregion4_spot_3,0.0006176379712997005,0.43852030187845226,3.478335220279405e-05,0.13692468777298927,0.15850937291979791,0.07665603309869766,5.2511741614580386e-06,1.534342313789239e-05,0.0015095731767360123,7.599162472615717e-07,1.8771240561932245e-08,1.563980213177274e-05,8.728455149764614e-08,4.472613431971695e-06,3.846039192012541e-07,1.4196314907621855e-06,0.4823815137147904,2.459400349152929e-07
priorregion4_spot_4,0.00523851471953094,0.0004832621125387959,1.663604513169048e-06,6.1284558569241195e-06,0.45641034096479416,2.7003013019566425e-05,2.5502189714643465e-06,3.6854153108834e-06,1.3115099363858462e-05,4.7006158965245965e-08,2.2001628430246003e-08,1.5698205118042097e-06,6.310051787750126e-07,7.113154140370172e-07,5.571703560747211e-08,2.129970205544396e-07,0.22248210981488228,8.802081801206895e-08
priorregion4_spot_5,4.869831855103257e-06,0.4275958895683289,1.0677371528799995e-05,0.0003417253159568645,3.914123117283453e-05,2.075020975098596e-05,0.01737105902284384,1.0714323980209882e-05,6.405950875887357e-06,2.4627150168043955e-07,8.527030859184492e-09,5.21752035638201e-06,7.391346770191377e-08,0.18034051209688187,1.4702114938813793e-07,4.978757033313741e-07,0.25835119336843493,1.3417556488093396e-07
priorregion4_spot_6,5.854090119328248e-07,0.002677335520274937,1.576226795805269e-05,0.06490832753479481,0.5013705819845199,0.0009117466135649011,6.550492616952398e-06,3.0098944898782067e-05,1.084794862435956e-05,1.3399406171288324e-07,5.1879905704765866e-09,1.1326407911838033e-05,7.912921553554498e-08,2.3619843159394804e-05,2.189748776970646e-07,4.283788953785006e-07,0.28446007072925567,1.990060269463356e-07
priorregion4_spot_7,1.6922400732255484e-06,0.18198601379990578,3.2886979738577794e-06,0.0002215269865700975,0.37978871166706085,1.5159262784436579e-05,4.23919868808298e-06,3.4618660265550718e-06,8.503077060595387e-06,2.2140191120456625e-07,2.949253044448596e-07,1.9263040121586532e-05,9.708862023671829e-07,5.225394988883637e-06,1.4017041038982825e-07,7.9096407716861e-07,0.2951665684580803,1.2668885958078137e-07
priorregion4_spot_8,2.9397126866115286e-07,0.2952043414115906,1.9533444174157925e-05,0.0003234729389077984,0.00019793755054706708,0.0069458653219044205,8.565085136069683e-06,0.004531016782857478,0.023666310030966996,2.546025655192352e-06,2.5279067905614738e-08,1.507111716136933e-06,4.4878485141452987e-07,0.0009567018365487455,5.890671133101933e-07,2.0420434566403855e-06,0.20116810500621796,2.7468203995795197e-07
priorregion4_spot_9,0.002626409102231264,0.333266843855381,4.8975550498653325e-06,0.006530453963205218,0.00011500647560751533,2.2240940870688065e-05,3.164108682085498e-06,5.865025764251187e-06,0.12605841979384422,2.2442213776230352e-07,1.3335458248775467e-07,0.024353107810020445,3.330681490609777e-08,4.849066431233951e-06,2.1753536003643605e-07,4.345328619592692e-07,0.17099076211452485,1.5337917318447581e-07
priorregion4_spot_10,1.4920409157070936e-07,0.11299961619079113,1.1006153545167763e-05,0.06076454874128103,0.24123390540480616,1.4217474245015183e-05,1.916639330374892e-05,2.0644105461542495e-05,2.216452901393495e-06,3.044372294880305e-06,1.1245174169616235e-08,3.481390649540118e-05,8.648347282758097e-08,0.23187227398157118,1.010683746471841e-06,2.068689730094775e-06,0.1239243995398283,2.1038125126437991e-07
priorregion4_spot_11,0.00017995257221627983,0.11099703684449197,2.67548879264723e-06,4.021662225568434e-05,0.00018517805583542215,9.74261010924238e-06,0.015320115350186826,8.750766073717387e-06,0.10596961975097657,1.9381537015306094e-06,7.553420156014568e-09,1.3046571120867157e-05,2.996364578677913e-08,0.20627349987626076,7.736269139968499e-07,0.03017577230930328,0.12275763973593712,2.4046032507385464e-07
priorregion4_spot_12,0.004516365635208785,0.2429136000573635,2.685449510408944e-06,1.5180570062511834e-05,5.867367985956662e-06,9.406732345951241e-07,5.134490379532508e-07,1.8606349954097825e-06,0.002600543783046305,6.780992407584563e-08,7.980862637424481e-09,3.9757531453687996e-07,0.00020957492961315438,9.149226201543571e-07,1.81650195685279e-07,4.438624031877226e-07,0.36734138429164886,1.7311294087107854e-07
priorregion4_spot_13,6.119901541978834e-07,2.977671357484724e-07,1.1999727439615528e-05,8.355814570677468e-05,2.815781908793724e-05,6.08878642651689e-06,8.03050866124977e-06,1.0281313097948442e-05,4.0065043504000644e-05,0.02845635646954179,2.2521445819378987e-09,0.00011207021925656591,5.0917469529565554e-08,0.4306364834308624,1.527480179674967e-06,0.09948994591832161,0.37781864106655116,4.683629086343899e-07
priorregion4_spot_14,0.019650746043771504,0.1969889022409916,3.745528465515236e-06,4.0314721991308035e-05,0.0005980698741041123,3.240141923015472e-05,0.0005132387566845864,0.014429644588381052,2.2491903678201196e-06,3.9662330664214096e-07,1.4466123854361967e-08,0.006911694724112749,0.004405424557626247,3.919260996099184e-06,1.9976266685262092e-07,1.372025616319661e-06,0.39605017453432084,3.586424966783852e-07
priorregion4_spot_15,1.2225006074118028e-07,0.39997803717851643,6.1183234493000785e-06,0.00011441322021710221,0.10166104324162006,2.1123483566043433e-05,1.9722161141544346e-06,4.3776650727522796e-06,0.09400606863200664,1.8194258331050153e-07,2.182317819787727e-08,6.0908798786840634e-06,1.9374314241815684e-08,1.9389283806958704e-06,1.5934772790160423e-07,5.073612328487798e-07,1.1407665478913032e-08,1.8111524724417905e-07
priorregion4_spot_16,9.057409115484916e-05,0.14392814859747885,1.1272668416495437e-05,0.00022967606564634478,0.11246358565986157,0.00016890812912606634,2.489632988726953e-05,5.43048429335613e-06,0.23435935080051423,7.038190005914658e-07,6.201104740810593e-09,2.5296711282862815e-05,1.7234365685681043e-07,0.07143176309764385,7.402487170793393e-07,2.7160598733644293e-06,0.2495483838021755,7.730427938668072e-07
priorregion4_spot_17,4.537883640409746e-07,0.618730428814888,9.2800100446766e-06,1.2225708678670345e-05,1.6769911508163204e-05,4.612273528437073e-06,9.639131258154521e-06,1.5692953820689584e-05,2.5798276328714565e-05,4.2387526377751783e-07,3.1990598503561785e-09,2.074088270092034e-05,2.045244311688066e-08,0.48780486434698106,1.9189250792805982e-07,1.0786183224809065e-06,2.0855098759042794e-09,5.913665752643738e-08
priorregion4_spot_18,1.198308518723934e-06,1.0570633612871917e-07,3.455727721757285e-06,0.05309754349291325,0.16962693706154824,9.039969972945982e-06,1.0055167240352603e-05,6.71399550356e-06,3.243971946176316e-06,1.3289461435306292e-06,2.2954865563917792e-08,0.0010200868942774831,4.378286497797034e-08,0.1409958101809025,7.97762828597115e-07,3.3085214909078787e-06,0.16754684746265414,3.1071991770659227e-07
priorregion4_spot_19,1.5091755949470098e-05,0.3766898453235626,4.926680103380932e-05,5.417719567049062e-05,2.7764299102273074e-05,0.022098398953676223,1.4934975297364874e-05,2.4149583896360128e-05,0.3629234790802002,0.0021727282903157177,7.731041939962325e-09,7.090400845299882e-06,2.2490131978969433e-08,1.3531904244246109e-06,1.7739725990395533e-07,3.0276504219273194e-07,5.722980711553304e-09,7.420731620300103e-08
priorregion4_spot_20,0.020652080699801442,0.0236337561160326,4.093108302072324e-07,1.7353809937503684e-06,7.007032962746962e-07,1.3267422502849512e-07,8.779047568907571e-08,1.2371040831737902e-07,2.2915863073791344e-08,1.1033407742999659e-08,4.027720912347377e-09,1.0583710192690887e-07,4.773794998413906e-07,2.509626177982227e-08,1.6456551499288708e-08,2.504495917321492e-08,0.3351953983306885,5.071740405426794e-09
priorregion4_spot_21,3.1021952395349215e-06,0.00502091043163091,8.297904878418194e-06,4.319212312111631e-05,0.00011926329134439585,2.43084804424143e-05,1.7828169075073674e-05,0.02600520523265004,0.04932719953358173,0.010858466336503624,2.236583199533016e-07,0.004088554135523737,0.0010220709315035491,0.06102162562310696,4.7654244553996255e-06,1.8710374206420965e-05,0.43642045110464095,1.1703562847742435e-06
priorregion4_spot_22,0.00745589800644666,5.946996779471192e-08,1.5045181999084891e-05,0.05608299467712641,0.0008031235222006217,7.959553659020458e-06,2.8318845852481897e-05,0.019254708755761386,0.24944233074784278,9.915802969828747e-08,4.8213022685317245e-09,1.1985092442046154e-05,0.0033245889004319905,1.4605921023758128e-06,2.2645552348876664e-07,4.5268548376498075e-07,0.4711372941732407,1.4031524671054287e-07
priorregion4_spot_23,2.9237640433166234e-06,0.0473066046833992,8.906984512577764e-05,0.002210453373845667,0.08148696906864643,1.8554293274064548e-05,9.89077539088612e-06,4.3610093780444006e-05,0.06273403093218803,2.8153277071396586e-06,1.5780041628943307e-08,7.181507794484787e-06,5.434448894447996e-07,0.1521412618458271,9.393495020049159e-07,3.7670651522603293e-06,0.1075066439807415,6.861392080281804e-07
priorregion4_spot_24,1.0625065897329478e-05,0.1980770267546177,1.0056709152195254e-05,0.00046692208852618935,0.025536142755299807,5.4856232236488725e-05,4.678216100728606e-06,8.730064428164041e-06,2.2461835487774807e-05,1.7899944793953183e-06,5.060502616949237e-09,1.687170170043828e-05,7.806509029251173e-06,0.06401251666247844,2.1131153928877212e-07,3.6055677355761876e-06,0.24993665292859077,3.875455462321043e-07
priorregion4_spot_25,0.006325207976624369,0.16563779041171073,2.5910169460985345e-05,0.02290522288531065,0.06268706731498241,1.4093528170633364e-05,0.00014201063604559752,4.961358281434514e-05,1.8251235633215402e-05,2.475548069469369e-06,1.1150718570718256e-08,2.0425029379111948e-05,0.0001103824528399855,0.0776953775435686,6.065036558311475e-07,1.4712278243678157e-06,0.3528672561049461,2.983530734468331e-07
priorregion4_spot_26,0.0008708245499292388,0.40435461997985844,1.8462778768935094e-06,1.589954408700578e-05,2.978604370582616e-05,9.157857948594027e-06,1.041410450852709e-06,4.2492733200560904e-06,1.980276226731803e-06,6.989461780904093e-07,1.4894986244406994e-09,1.308563230395521e-06,0.00014889832382323218,0.08105624541640281,1.1045668557585488e-07,4.91839895744306e-07,0.2683990016579628,7.656356117990982e-08
priorregion4_spot_27,0.0021063889027573167,0.0025498427799902855,0.009233161574229598,0.0002135108741640579,0.0003446958100539632,0.00022522809595102445,3.956407017540187e-05,0.00017132864377344958,0.13183911219239236,9.67016962931666e-06,1.800357743775294e-07,5.314560280567094e-06,3.324535349236158e-08,0.3802721783518791,9.148545473181003e-07,7.170379967647023e-06,0.43654167503118513,1.3392748712703907e-06
priorregion4_spot_28,0.005731418868526817,0.4070161566138268,3.012560355841742e-07,1.3346219986942742e-06,1.5083723553743765e-06,9.022172548611707e-07,2.459070842064648e-07,2.8134207212815455e-07,1.0830922292370816e-07,7.454864245914906e-08,4.1273765516436364e-09,2.6653661961972834e-07,1.1907739816408025e-08,0.10793947912752629,4.782506071165927e-08,3.8257694789933794e-08,0.44700934588909147,2.957317812857241e-08
priorregion4_spot_29,0.012069623265415429,0.3124633222818375,3.8068389471845884e-06,1.634250120332581e-05,3.994238909399428e-06,1.926935453866463e-06,6.616814459903254e-07,1.0269833467191348e-06,2.414912231074595e-07,3.136855095675628e-08,3.651109448110646e-09,2.444002831225589e-07,1.5350470121688887e-07,0.002663020882755518,1.7902784765766455e-08,1.645344603673493e-07,0.5601087331771851,1.3238448737240561e-08
priorregion4_spot_30,0.0041420485358685255,0.2747736945748329,7.309199190785876e-06,0.00012973803968634455,7.19823146937415e-05,1.645986194489524e-05,3.6555084079736844e-05,0.009348431462422013,0.14007515460252762,2.0674386789210077e-07,1.7993350476253057e-09,3.2589339184596613e-06,9.961611304731833e-08,0.1146191943436861,1.5989350146128348e-07,2.5989850314545035e-06,0.20859786644577982,9.539033811734043e-08
priorregion4_spot_31,0.0018245100683998317,0.24031705707311632,1.0459696432008058e-05,2.0796783337573286e-05,0.08393622189760208,1.1927345394724399e-05,4.9035141955755535e-06,5.688518240276608e-06,3.2079551942842955e-06,4.933321008593339e-07,1.5169854972185704e-08,1.4272747876020731e-06,0.0007881344819907099,0.06414626874029636,5.301333459328817e-07,1.4823234323557702e-06,0.2455892100930214,1.1262380077425861e-07
priorregion4_spot_32,1.6682592899996964e-06,0.0030479018343612554,1.792657903934014e-05,0.0009497258521150798,0.15476545467972755,4.812442530237604e-05,1.1589551240831498e-05,0.02164261005818844,4.118298352295824e-06,2.2628022904314095e-07,3.293943304782943e-08,0.008345659309998156,4.883108260855807e-07,2.1386907178566616e-06,9.745206227762538e-07,8.2326660333365e-07,0.4345998391509056,5.755153011932634e-07
priorregion4_spot_33,3.086531464191466e-07,9.87085108761221e-08,3.4315540233365026e-06,0.02944129016250372,0.00013299411584739574,7.06796236045193e-06,4.055043045809726e-05,9.565643813402857e-06,0.19016194120049476,5.181078995519784e-06,2.5490742516787183e-09,3.72659624190419e-05,4.7318179419164605e-08,0.2137552574276924,4.7443635224908577e-07,2.3346069042418094e-06,0.1909680910408497,3.459001291616915e-07
priorregion4_spot_34,1.1142272933284405e-05,0.10892802588641644,9.62778453867941e-06,4.341502717579715e-05,4.989289918739815e-05,2.8953389482921923e-05,3.1173730008049463e-06,8.814844522930797e-06,0.06200399994850159,5.535873839335181e-07,1.2852969411003559e-09,4.209446842651232e-06,2.6879977443883264e-08,0.21353927105665205,1.8842449804878923e-07,3.8822892565804065e-05,0.1246364027261734,1.3272960615040573e-07
priorregion4_spot_35,4.653060187820302e-07,0.17512633353471757,3.108154487563297e-05,8.483456294925418e-05,0.4175467774271965,5.1584222819656144e-05,1.7671265686658445e-05,3.863267829729011e-05,3.9383108196489046e-05,3.256670152040897e-05,9.308736981239462e-09,0.001999430963769555,0.0006048846669727937,0.2596542090177536,1.993334137750935e-06,9.00363356777234e-05,0.32861441671848296,1.9340704284331876e-06
priorregion4_spot_36,1.9969333138192268e-07,0.00336701690685004,5.77354132929031e-06,0.0007235414261231199,5.332193868525792e-05,9.830559338297463e-06,2.679196097687964e-06,3.5920701407121675e-06,1.1731198924280763e-06,1.092763830001786e-06,1.7270945917857718e-08,2.116045084221696e-06,2.2158183554665812e-08,0.410385762155056,2.3516478151464073e-07,8.500315487935951e-07,0.23327323123812677,1.2067902623869032e-07
priorregion4_spot_37,0.006900535873137414,0.153490336984396,2.1883681938561494e-06,8.451123285340146e-05,0.0001184050790470792,3.336495797157113e-06,3.1739412406750487e-06,4.055678550685115e-06,0.16620396226644515,8.47847129392676e-08,3.827664807332099e-09,2.6851368056668436e-05,1.591122568811443e-07,2.356227230393415e-06,1.9068197048000006e-07,3.6062256754121345e-07,0.2736290037631989,1.1422998760224347e-07
priorregion4_spot_38,9.850993762938744e-07,0.12790364995598794,1.4710226741954102e-05,9.050185763044283e-05,0.0810335550457239,0.00016343603929271924,9.824103699429544e-06,1.5743383937660837e-05,7.2329698696194105e-06,9.494296079992637e-07,9.359471953018783e-09,4.496273977565579e-05,6.263744332102306e-08,0.04331185258924961,1.3019245557188697e-06,0.025448044575750825,0.3780748173594475,2.7602148122696235e-07
priorregion4_spot_39,0.0030886914813891054,0.1792520172894001,1.1581798344195703e-05,0.00011159499590576162,1.7159108483610908e-05,3.2058110264188144e-06,5.664996615450946e-06,1.3754319297731857e-05,1.840550464748958e-06,2.3567966920268193e-07,1.9794497485570167e-09,6.1088380334695104e-06,6.547521884670006e-08,0.1457714483141899,5.440317902838388e-08,9.71032045526954e-07,0.2641967311501503,7.656895988361613e-08
priorregion4_spot_40,0.004741365578956902,0.23826254904270172,1.30756778162322e-05,0.0009002628910820932,0.030460885632783177,4.2420375575602516e-05,2.715446698857704e-05,0.037524028681218624,9.341656596006943e-06,9.08120587155281e-06,1.2174559227418058e-08,1.0927575431196601e-05,5.469275038194611e-07,0.035742470808327195,1.592387275195506e-06,5.008467132938677e-06,0.22327108830213546,8.952158367492303e-07
priorregion4_spot_41,0.001186468842206523,0.1489642031490803,1.8638150231709007e-05,0.00012536462745629253,0.0864521399140358,1.6009348200896056e-05,0.0029702063999138776,0.037357033975422387,1.3567358018917732e-05,5.605849707990273e-07,1.0381101711587348e-08,1.5845615507714683e-05,1.6935032576270717e-07,0.06985925026237966,1.0822847798408476e-06,0.0193693314678967,0.12911149710416794,4.834485423543811e-07
priorregion4_spot_42,0.06990565843880177,0.01592375161126256,1.3740461611178036e-06,5.360184809433122e-06,2.5441123284508652e-06,5.409375717135845e-07,1.648841589485528e-06,0.00382824792759493,2.3831309050592606e-07,4.2590605460191e-07,3.23934642443291e-09,5.925759296587785e-07,3.8593214668480874e-07,3.4970694855473995e-07,3.9016274122616335e-08,7.694443979744391e-08,0.6060000628232957,4.0992092209535255e-08
priorregion4_spot_43,5.878082106391959e-07,0.2302205391228199,4.397479528961412e-06,2.1390427264122994e-05,0.02639391617849469,1.826600755521213e-05,4.164640790804697e-06,1.0776703538795118e-05,3.71870025901444e-06,7.807756929878451e-07,4.3965268092804885e-09,2.8394720084179424e-05,0.0001852950175816659,0.23830068930983545,2.3275587821558474e-07,1.962112344244815e-06,0.2704703137278557,2.6238072621254104e-07
priorregion4_spot_44,1.356785396922078e-07,0.07716005370020866,1.746635452946066e-05,5.643344957206864e-05,0.14402486756443977,6.872358335385798e-06,9.161214757114067e-06,3.767665129998932e-05,0.005569457286037504,1.7035373787166463e-06,2.1070505229481283e-09,5.213783128965588e-06,1.9189014022202856e-08,0.1410430535674095,1.1271608627794195e-06,3.1192422625281326e-06,0.12902864515781404,1.6430109255338722e-07
priorregion4_spot_45,5.00514815371389e-07,3.487472866936514e-07,0.005169680342078209,4.171988148300443e-05,0.08387925252318382,2.0200830840622074e-05,3.895592089975253e-06,4.137915202591103e-05,4.821558263756742e-06,1.047422756528249e-06,6.0182514749485014e-09,0.02052583284676075,1.964833895584661e-08,0.17525780126452445,1.4594728725114692e-06,2.392190424416185e-06,0.28548346757888793,2.8991644012421605e-05
priorregion4_spot_46,0.001916881639044732,8.111042788527812e-08,2.0470771596592384e-05,1.9849171621899586e-05,0.13320299312472345,2.7582159873418277e-05,1.1652831108222018e-05,4.333233246143209e-05,1.675863240961917e-05,6.537268546935594e-07,4.032904143969062e-09,5.182710719964234e-06,0.0006228417390957474,0.1654004029929638,5.568846859205223e-07,3.930305183530436e-06,0.3344529002904892,1.530113692638224e-07
priorregion4_spot_47,0.0009674762462964282,0.07032449319958686,2.456353695379221e-05,0.0006316651910310611,0.16275367736816407,4.89832294988446e-05,0.0006726473919115961,9.743548544065563e-05,0.1108769103884697,2.805866927246825e-07,5.895395394084346e-09,3.5010317697015124e-05,7.979812544078868e-08,1.1329803612625254e-06,1.7455585705761222e-07,4.4791304389946166e-07,0.15598913729190828,2.665170129034778e-07
priorregion4_spot_48,2.5748321263563414e-06,0.3599041998386383,4.746936210722197e-05,0.004312849161215127,0.06983276791870595,4.785238179465523e-05,6.0388396741473115e-05,2.7088804745289963e-05,0.25208813101053235,1.018268569907832e-07,3.0560319430605884e-08,2.764932412446797e-06,9.144879591360678e-08,1.2498087471612962e-06,1.1594681410542764e-07,3.3949854554293785e-07,0.17553428560495377,8.412251695233408e-08
priorregion4_spot_49,5.1813569916703274e-05,0.2715027987957001,2.4395647869823733e-05,0.0042157265124842525,0.11536362767219543,4.597822080540937e-05,0.00024486201000399886,0.061703398078680034,7.891397217463236e-06,2.484310883232865e-07,0.00026062219258164986,1.3221051767686732e-05,0.00040606936963740733,1.0268644973621122e-05,6.53847376952399e-07,1.6663848555253938e-06,0.38897325843572617,4.2441151038019603e-07
priorregion4_spot_50,0.003055057558231056,0.10733447559177875,3.125972598354565e-05,0.00040964809304568913,0.022201100084930658,3.078644949709997e-05,9.412770668859594e-05,0.019005132000893356,0.0676065992563963,2.0416038864823353e-06,3.945599278409873e-08,0.023261403664946556,0.0001520307021564804,0.03321839403361082,3.1742239798404632e-06,3.3338489402012786e-06,0.1265512138605118,6.763373249896176e-07
priorregion4_spot_51,6.627908923917403e-08,0.1543639175593853,8.848937022776227e-06,0.028137267287820577,0.15987667068839073,7.085362667567097e-05,0.0005367160949390382,2.3295705250347965e-05,0.08278857059776783,1.2356622107745353e-07,5.461378993487643e-09,4.002595210295112e-06,7.972118218901869e-08,5.542586819728968e-07,1.403529282129057e-07,3.703961709788928e-07,3.822415606258289e-09,8.188074716031225e-08
priorregion4_spot_52,1.0276447568458027e-07,1.6973540706288758e-08,6.4539721279288645e-06,0.00010489410524314736,0.2106413759291172,6.366339835039981e-06,6.605814014619684e-05,0.04120210520923137,1.0764028957055416e-05,1.8983519203175093e-05,1.6199301366981447e-08,7.516492951253896e-05,3.766166682908079e-05,0.4413669019937515,6.210940455275704e-07,4.401079536364705e-06,3.733874143208027e-09,1.3174183877140422e-07
priorregion4_spot_53,1.785710573187771e-07,0.2004001744091511,1.3956677958049114e-05,2.4518984901078514e-05,0.01700637862086296,8.544064039597289e-05,5.241045391812805e-06,4.7771406389074404e-05,0.09711137302219869,0.0035541231045499444,6.26770766398721e-09,2.1011047579122535e-06,1.9017377894670062e-08,0.05861789602786303,7.657561070573138e-07,1.0420067098948495e-06,0.14030568003654478,9.848003159618202e-08
priorregion4_spot_54,1.8906891273218208e-05,0.46635266244411466,1.6864602230270977e-06,6.2356310536415546e-06,1.0211007338511991e-05,2.685494951037981e-06,7.812423262976154e-07,3.2581546861365503e-06,4.2318617232695033e-07,1.6357300225422483e-07,2.89538959474811e-09,1.540057331794742e-06,0.0038556728046387433,8.447263496691448e-07,1.1978753882146976e-07,2.979744749609381e-07,0.6479916214942932,1.3760854074007513e-07
priorregion4_spot_55,0.0002300516236573458,0.36292963176965715,1.903855633145213e-06,1.4610633752454306e-05,1.4210440804163229e-05,3.736890460004361e-06,2.664865314727649e-06,2.363941302974126e-06,0.0666558101773262,1.3338238773030755e-06,7.678021756873932e-05,7.024559022283939e-06,0.0001673505023063626,0.047369698993861675,1.0636486308612801e-06,0.029037839081138373,0.3065012007951736,1.9408794832997957e-05
priorregion4_spot_56,0.0013861373881809413,0.5367554813623429,6.69031876441295e-06,0.017655404284596443,0.0703812599182129,9.033892183651915e-06,1.349751178167935e-05,1.5655634251743324e-05,0.0017040001461282373,7.811470581486901e-08,4.466437957262315e-08,1.1448751274656388e-05,2.6538416705079725e-06,2.1624959344990205e-06,1.7025469318809882e-07,4.2358753802318463e-07,0.22063201367855073,1.108515238712471e-07
priorregion4_spot_57,1.0628844347593257e-05,0.32016652077436447,5.668109974976687e-06,1.592329563209205e-05,0.22708840444684028,1.55584327330871e-05,8.31331994959328e-06,2.5570799698471093e-05,0.01546819480136037,3.509395128276083e-07,8.197852618962999e-09,8.778318851909717e-06,9.460374492675783e-08,4.478321216083714e-06,1.9768101466866028e-07,2.7490574154853676e-07,0.4982288807630539,9.504315698904976e-08
priorregion4_spot_58,0.0002572697441792116,5.18806862359611e-08,9.856410770225922e-06,5.000893343094504e-05,4.988386826880743e-05,6.7399624640529515e-06,0.045010161213576795,5.281888534227619e-05,0.11250981353223323,1.0068941810459366e-05,5.541870695680019e-09,7.4385968446222255e-06,2.2393286872102185e-05,0.3255400374531746,4.257822510567167e-07,6.7623442419062485e-06,0.18388876989483835,1.7853621798735732e-07
priorregion4_spot_59,9.87496639481833e-07,0.12884055003523825,9.595454821464955e-06,2.7442659211374123e-05,7.017463722149842e-05,0.020028490293771028,1.6609893407348866e-06,1.0750526780611836e-05,3.1916321677272205e-05,1.6077820987447922e-06,1.5597298563818643e-08,1.512728099442029e-05,4.864724658659725e-07,0.07367256209254265,4.7699477136120554e-06,0.021642386820167305,0.3246542528271675,6.822046742627208e-07
priorregion4_spot_60,4.00144659806756e-07,0.0424699841067195,1.3590228991233744e-05,8.802432894299273e-05,0.09184384495019914,9.68157796705782e-06,1.371581515741127e-05,1.0995372394972947e-05,0.05979086998850107,1.2690358559552807e-07,5.043447459662787e-09,3.1875667673375575e-06,8.432872355967902e-08,0.04004834610968828,9.921235424315001e-08,3.5185382074587324e-07,0.09442056529223919,1.1123532956958116e-07
priorregion4_spot_61,0.0004829660450923257,0.17999747171998023,7.924678584458889e-06,0.0003781462379265577,0.14315970093011857,1.7179787300847237e-05,0.0001925812852277886,0.024985533859580755,5.632825332213543e-06,2.520777229619853e-06,7.681798463998748e-09,9.277104727516417e-05,1.389147833208426e-07,0.0549425158649683,3.181445263180649e-05,0.0009900420845951885,0.2894585460424423,1.9802823203463053e-06
priorregion4_spot_62,1.152721347352781e-06,0.1616694934666157,6.800603705414688e-06,0.00012411844145390205,0.00012688446731772275,5.038300860178424e-05,0.08658459298312664,1.556786646688124e-05,0.20849091112613677,3.842946441068307e-07,8.537474949221748e-09,9.802334989217343e-06,3.3598180806393433e-07,0.18424919471144677,3.1365312054276727e-07,0.006416460475884378,0.07779613882303238,5.680050065848263e-07
priorregion4_spot_63,0.020504710823297502,0.15942210406064986,1.6731072207676334e-06,0.002641485701315105,6.968182947275637e-06,1.2081334318736482e-06,5.267727601676599e-07,5.828396808738034e-07,4.94109954729538e-07,1.0638892433689763e-07,0.0003115843705018051,2.437973955693451e-06,0.005379993980750441,5.405533897828719e-07,6.856782412967278e-08,1.9458572992903102e-07,0.7492051392793656,2.861196835013402e-08
priorregion4_spot_64,0.00162828215979971,0.002387974632438272,9.978892376238947e-06,8.504676006850787e-05,0.28116539120674133,0.0005141419504070654,0.013992361025884748,1.8938120138045637e-05,7.649097324247124e-06,5.985749140791086e-07,1.8743371512641716e-07,2.4687092263775412e-05,0.00024299839860759677,4.9017671472029175e-06,5.937641446962516e-07,5.541707110978678e-07,0.3637738168239594,2.9468914704011705e-07
priorregion4_spot_65,3.779073140321998e-05,0.18271765634417533,9.944564453689964e-06,4.515460277616512e-05,0.025917961727827787,1.301322090512258e-05,8.583126827943488e-06,9.243336899089627e-06,0.0976926974952221,6.317030909031019e-07,1.1904798480344427e-08,3.0352872613548245e-06,4.8208876535227326e-08,0.08219295181334019,9.814424629439601e-07,1.3507270580248587e-06,0.22041940838098528,2.7628794612155617e-07
priorregion4_spot_66,0.01233349135145545,9.735636849654837e-05,2.601569358375855e-05,0.03778847698122263,0.11266168504953383,6.749563840457996e-06,6.820537200837863e-05,0.00020173012671875767,4.97613152674603e-06,5.242320668230605e-07,7.546742519792816e-09,1.651369148021331e-05,0.0003172680793795735,0.13404175862669943,4.816938258045411e-07,1.6771855200659049e-06,0.2711395606398583,2.9091766435840326e-07
priorregion4_spot_67,5.660497663484421e-07,0.16813810840249063,4.1934625727435565e-07,3.137313160550548e-06,1.965143349025311e-06,1.2714517026779505e-06,7.365271727621803e-07,3.943903948311345e-07,3.426673018225302e-07,7.997988937802347e-08,1.2395091342209954e-09,5.757005766326983e-07,4.664654174035832e-08,0.04137149602174759,5.986635223109717e-08,1.0908116436780801e-07,0.20666436925530435,2.5965683825290853e-08
priorregion4_spot_68,2.0122443942227619e-07,0.2120216839015484,1.2870122532149253e-06,0.0020600387710146607,5.539686389965936e-06,1.6631140169920401e-06,7.614795833887911e-07,9.836574236032904e-07,3.0866722795508404e-07,3.4609132484320074e-07,1.2042059516215177e-09,3.7426028995923846e-07,1.1730324711578533e-08,0.046062229014933107,1.300405465087806e-07,1.2767795055879106e-06,0.11673347651958466,8.773959336849657e-08
priorregion4_spot_69,1.7232721347681945e-06,0.4940339297056198,1.2001920731563587e-05,1.7583576118340718e-05,0.2697655439376831,2.7256919111096067e-05,4.210339216115245e-06,7.615108643221902e-06,2.5170727167278528e-05,5.104743340780261e-05,4.770138040122163e-09,5.752971560468723e-06,0.002654272271320224,0.023404918052256106,5.710096104394325e-07,1.141935081250267e-06,0.24432146251201628,1.6335491750396614e-07
priorregion4_spot_70,7.867476415412966e-05,0.2863034337759018,6.336374508464361e-06,3.1459871934202965e-05,0.16331953182816505,3.553826281859074e-05,0.014779914543032647,9.499205589236228e-06,0.2776697248220444,1.8271137435021957e-06,4.471205912182086e-08,0.000949537826818414,4.841939560407128e-08,2.309804733613419e-06,4.554966395176052e-07,1.241577240307379e-06,0.3530174195766449,1.8792594147498676e-07
priorregion4_spot_71,1.0481445436028026e-07,0.3428180620074272,1.3481104588208837e-06,5.423288712336216e-06,1.5475560394406786e-05,4.423795212460391e-06,2.257216090129077e-06,5.476347041621921e-06,0.012103381473571062,1.001210210915815e-06,7.285199488116235e-09,2.6832416438082875e-06,0.0005331921129254624,0.22871222794055937,0.0006193119887029752,0.022224481217563152,0.06798817850649357,1.625954560324772e-07
priorregion4_spot_72,0.022333822771906854,0.12292063012719155,0.007959903636947275,5.120753758092178e-05,1.8389116303296762e-05,2.7804602177639025e-05,9.148410799753038e-06,9.625455913919722e-06,7.844592943229145e-07,0.00015652327565476298,0.0003384994866792113,6.6437351506465354e-06,0.003222320310305804,0.06738850474357605,1.2301505250889021e-06,0.029548119567334653,0.26735653132200243,1.0661720807547682e-06
priorregion4_spot_73,0.011985520366579294,0.002291270578280091,1.7296179703407687e-05,7.08544557710411e-05,0.0021800641319714487,0.0031644213595427577,0.05453377906233072,6.327416667772923e-05,0.25634530186653137,6.192007816707702e-07,3.9538203964184506e-07,1.5089803218870658e-05,3.444908579695039e-05,0.0003188190719811246,5.725931828237663e-07,1.1514141704083159e-06,0.678400069475174,2.356351508581156e-07
priorregion4_spot_74,0.006008446426130831,0.11407481096684934,1.780476868589176e-05,0.007128630951046945,0.17598115056753158,1.1695716239046305e-05,2.7175724790140523e-05,0.019615793041884898,1.856682583820657e-05,1.1901381355983176e-06,1.4739304665667419e-08,5.814596283926221e-06,0.0015055955213028938,1.1517099073898863e-05,7.843341990110275e-07,1.1359111340425443e-06,0.42896244078874585,5.838560440452056e-07
priorregion4_spot_75,2.5764081897250437e-06,0.34563224762678146,1.9379995410417906e-05,8.182936981029344e-05,0.14394104182720185,2.1360578102758158e-05,1.2305460495554144e-05,0.00728733609430492,4.387181138554297e-06,1.986645358442729e-07,2.584204661371104e-09,3.462537972609425e-06,5.952557074806464e-07,6.316701444575302e-07,1.6913247193883763e-07,2.9727526111855697e-07,0.4577734097838402,1.5594381892469757e-07
priorregion4_spot_76,5.122829588799505e-06,0.0003088266588747501,0.0001409903656167444,0.00034587337868288167,0.0470047103241086,7.05898586602416e-05,0.00022215961944311858,0.12710434943437576,0.46564982235431673,3.1279974734843566e-07,3.2117806636478015e-09,3.277926116425079e-05,2.740646394272517e-08,1.0405719478967513e-06,1.7458113958923606e-07,1.6737120915877315e-06,0.27215133905410765,1.0454799230785738e-07
priorregion4_spot_77,0.00021560257446253672,0.16173572838306427,8.376680898436462e-06,0.0022724284324795005,0.16583221554756164,3.0416986464842922e-05,0.022604312002658847,2.445979498588713e-05,0.14881903454661372,1.955140241705067e-07,3.095240608264049e-09,5.213625672695344e-06,1.2228922194879038e-07,1.6694685484708316e-06,1.464200202860866e-07,5.086198370918282e-07,0.20582713186740875,2.3924659515728307e-07
priorregion4_spot_78,1.5036509751098494e-06,0.0007888381369411945,1.0817874181157095e-05,0.015317807625979186,0.06804309710860251,0.0002643559128046036,5.171926968614571e-05,8.107460462269956e-06,0.0007140358182368801,1.4216995737115211e-06,1.6170111827307212e-08,1.8130107218894412e-05,9.369860087815598e-08,0.2804007470607758,5.625417458077209e-07,4.65199662357918e-05,0.17600220888853074,1.140321796810895e-06
priorregion4_spot_79,0.008980496646836401,0.00022853416230645966,1.2995964334550081e-05,0.20696831494569778,0.15182869508862495,0.03410324323922396,0.0003858057985780761,1.8667181939235886e-05,3.944675768252637e-06,3.450779004765537e-07,6.545634567700631e-09,0.013445371901616454,4.763607837077188e-08,2.846313122972788e-06,1.6653425021218028e-07,1.373838057361354e-06,0.4700366616249085,1.541449215380908e-07
priorregion4_spot_80,2.6016085848823425e-05,0.15473521873354912,5.636372793560441e-06,0.0001253151560376864,0.1630875535309315,1.3072857655060943e-05,3.172795823047636e-05,1.5168463960435474e-05,9.763057687450783e-06,1.8194471522292588e-06,9.426190183958738e-09,1.6258860432571962e-05,0.0009739044558955356,0.032621399499475956,3.0491559357415097e-07,7.831536123603656e-07,0.42433428168296816,2.019002003805781e-07
priorregion4_spot_81,8.961948303465308e-08,0.22137808427214622,1.6401375705754618e-05,2.795476893879823e-05,1.583715975357336e-05,2.578242683739518e-05,3.462073909759056e-05,1.6793812937976328e-05,0.4280093193054199,6.21810622547514e-08,2.315195546387372e-09,1.3153051156677976e-06,2.056757608670523e-08,5.717781021985502e-07,6.571672521715756e-08,6.314103622173661e-08,7.96513301537516e-08,4.0397036471517837e-08
priorregion4_spot_82,0.00027406075678300114,0.0014848173421341925,5.1789237477350984e-05,9.632106484787073e-05,0.23390684872865677,5.724461734644137e-05,3.21891566272825e-05,1.0557656787568704e-05,1.4229892440198454e-05,2.354466698761826e-06,8.48618557647285e-09,8.895933751773556e-06,1.2484018157010724e-07,0.25284194350242617,2.760649394417669e-07,1.1452612227458303e-06,0.3959017708897591,3.3597532222984233e-07
priorregion4_spot_83,7.240944177588915e-09,0.2126745402812958,9.34842512378964e-07,5.782244261354209e-06,2.0301828499214024e-06,1.692760179139441e-06,3.4473245733579463e-07,3.097440142596497e-07,1.7730551391537121e-07,1.8663018419573518e-08,1.3554870648135876e-08,9.450076703387823e-07,1.7307272059952086e-07,1.6187995299787877e-07,0.0054164505796507004,9.646516865302602e-08,0.5212166398763657,5.755626570902451e-08
priorregion4_spot_84,2.7920950884663403e-07,0.21439357548952104,4.911161759082461e-05,6.483263823611197e-05,0.06093322988599539,0.007683639787137509,1.2089212623322966e-05,9.010824987853993e-06,0.1821378782391548,6.127317618620509e-07,4.162250477612873e-09,1.7829229909693824e-05,2.0997805627587242e-08,0.08101441040635109,1.9190279161307446e-07,1.027006152298782e-06,0.1693868339061737,2.7862336366979433e-07
priorregion4_spot_85,8.18011312020417e-08,0.4096598893404007,2.907699911247619e-06,1.1465581110314815e-05,0.2822083070874214,4.682064650296525e-06,5.679048922502261e-06,3.792025199800264e-06,8.539555255993037e-06,1.1928262786398138e-07,2.5062736774827956e-09,0.04165911432355642,6.988789191808564e-09,4.14814481700887e-05,1.5462700773127838e-07,4.000677492399519e-07,1.5880798582657007e-05,2.8518903505414532e-08
priorregion4_spot_86,7.432046118083236e-07,0.16954140514135363,3.1671964097768066e-05,0.00013751948063145392,0.059553035721182826,0.0007035303424345329,0.030284076649695638,1.3561551168095321e-05,0.18350787460803986,9.546005628635612e-07,5.7061543268233095e-09,2.874584652090562e-05,5.0702733567220555e-08,0.0011724313837476075,4.206300346254466e-07,3.2780065225779254e-06,0.4032493278384209,1.478248208286459e-07
priorregion4_spot_87,5.7584415102951426e-08,0.45472832620143894,1.7413492332707393e-05,0.00659115647431463,0.07619951665401459,1.2055673641953037e-05,8.86857098521432e-05,0.00011142492767248768,1.5099622942216229e-05,4.0631350373132596e-07,2.148015887382116e-09,4.385820966490428e-06,1.3174914315072783e-07,0.38038877695798873,1.9007062448395118e-07,1.3053294082965297e-06,1.4724225465556627e-07,1.0299194634910692e-07
priorregion4_spot_88,0.00016048808392952197,0.26366972327232363,8.821085748422774e-06,2.1971395744913023e-05,4.97289849590743e-05,9.153622704616282e-06,3.3840462492662484e-06,9.3506486791739e-06,0.4639575257897377,2.4861597864855866e-07,2.1542944872443573e-09,6.779579302929051e-06,5.142462214280386e-07,2.152373031094612e-06,0.0021446036524139346,2.763400061667199e-06,0.22890076562762263,7.300850256797276e-07
priorregion4_spot_89,0.0018118713516741991,0.24161145612597465,9.572278941050172e-06,0.0004202103387797251,0.0920911617577076,5.878827232663753e-06,0.00022435129067162053,0.016684358566999437,1.617850375623675e-06,5.7711953793671e-08,6.0432995274695145e-09,1.522804041087511e-05,3.3922473647862715e-07,4.917437834706108e-07,7.454248454052959e-08,2.2998838389298728e-07,0.2766378208994865,6.875586109345024e-08
priorregion4_spot_90,1.2587781668571553e-06,0.18327166363596917,6.831690711806005e-06,2.145908019883791e-05,0.06029897723346948,7.571887454105308e-06,3.913833029400848e-06,0.04993289094418287,0.11429154425859452,1.2440189536278013e-07,3.2432471819277e-09,4.394642496663437e-06,1.0625387218965444e-07,6.912645545753549e-07,1.2740092358853872e-07,3.0031432487476193e-07,0.33867720365524295,4.711606749197017e-08
priorregion4_spot_91,0.00985060608945787,0.00385514828376472,0.009606483951210975,5.913415316172177e-05,0.07562471926212311,3.1322416361945216e-05,1.841353951022029e-05,0.03145485185086727,6.366151546899346e-06,7.368421393039171e-07,0.0002764194447081537,0.01017714999616146,0.0014813544577918947,3.944179900372547e-06,5.404251226082123e-07,9.339894347704103e-07,0.45981394201517106,3.0897585361344677e-07
priorregion4_spot_92,1.7241623382346915e-07,0.4014009550213814,2.1951015514787287e-05,1.9535151477612092e-05,6.39417386992136e-05,0.004525397578254342,2.081919956253842e-05,1.1761847099478473e-05,0.33489826470613476,3.815376501847822e-07,1.0810143225015169e-08,2.6561143840808653e-06,1.4329339848018208e-07,0.20937251895666123,1.0189841574970161e-07,3.1553356052427265e-07,0.0014137732970993966,9.26494575281822e-08
priorregion4_spot_93,0.013640086911618709,0.12983035072684287,2.477203734088107e-05,8.889802884368692e-05,0.16956751719117164,6.095327480579726e-05,2.0966990632587112e-05,2.2256838929024528e-05,2.8477669638959926e-05,5.96022954368891e-07,2.737325222046394e-09,0.011083507165312766,1.0137565027434903e-06,1.258706112139407e-06,1.7388143334073902e-07,4.771680195858607e-07,0.4622218355536461,1.371685691253788e-07
priorregion4_spot_94,8.413862815359608e-08,0.14198300316929818,1.7271697652176952e-05,0.03620794545859098,0.016229891590774058,1.984770724448026e-05,9.3790106348024e-06,1.3147058962204029e-05,0.1844513885676861,2.7466768415251863e-07,1.6265128355286155e-08,1.9036768117075552e-05,3.84620136628655e-08,1.5012790868240702e-06,2.132447022518136e-07,9.421303587942021e-07,0.10748504102230072,1.9753275068978837e-07
priorregion4_spot_95,1.5931988812667443e-07,0.000708348717307672,2.464756944391411e-05,0.00014104238071013241,0.2518030107021332,1.5843826349737356e-05,0.048736850172281264,6.946232824702747e-05,0.14777699783444403,1.9902562016227422e-07,9.282109791897142e-09,8.99417586879281e-06,0.0011840733117423952,5.191216558841916e-07,1.8397407046677473e-07,3.863537315851318e-07,0.30045265704393387,1.1384137259540239e-07
priorregion4_spot_96,3.818469679117698e-06,0.1706154368817806,6.008242712596258e-06,4.193447057332378e-05,6.79721386404708e-05,1.1816279129561734e-05,2.713814237722545e-05,1.5527995356023893e-05,0.1364379771053791,2.496351339686953e-06,3.2586452647365153e-09,4.213753481963067e-06,3.276718718581151e-08,0.105714550614357,3.1748590572533432e-06,6.737452167726589e-05,0.35937372148036956,1.4172090487818425e-07
priorregion4_spot_97,3.0135714678181105e-05,0.36932890862226486,3.045070184271026e-06,8.615541310064145e-06,4.53552651379141e-05,3.681941725517391e-05,2.5025751597240744e-06,8.054946556512732e-06,0.1364093817770481,6.848644972023975e-07,0.0003269579028710723,1.8757025259219518e-06,1.8643796195760842e-07,0.08963654674589634,1.612323110578018e-07,5.202344993904262e-07,0.229865650087595,2.066021870916757e-07
priorregion4_spot_98,9.885842011669867e-08,0.15252410471439362,1.4692941613247968e-05,2.3158670683187665e-05,0.2845141530036926,1.8890995579567975e-05,2.6245309436490063e-05,5.639193059323589e-05,1.575869810039876e-05,7.181284985335879e-07,7.1726852457487695e-09,2.805250815072213e-05,0.0026268997229635716,0.14880649745464325,3.701489561080962e-07,1.965013257176906e-06,0.33654012680053713,1.7572342940752607e-07
priorregion4_spot_99,0.006741580623202026,0.21236670464277269,7.924446299512057e-06,3.690607300086413e-05,0.00013250608317321165,7.147138057916891e-05,2.710705603021779e-05,1.629661419428885e-05,1.1591930388021867e-05,7.529932481986635e-08,0.0013973298482596874,2.41721542124651e-06,1.3896217978981442e-06,4.905998957838164e-06,1.25744882240042e-07,3.337268964287432e-07,0.35328067392110823,8.801747100051216e-08
priorregion4_spot_100,0.0043354094959795475,0.07070449776947497,4.698669067693117e-06,6.723898331983946e-05,0.03535760808736086,3.064868642468355e-05,6.424688399420121e-06,5.42327654784458e-06,0.15534373074769975,3.674679675214065e-07,5.635714188656493e-07,0.0005286469007842243,3.477572863630485e-06,0.0635265737771988,2.1086011940951722e-07,1.0604497219901532e-06,0.20356982871890067,1.2952446510894335e-07
priorregion4_spot_101,8.45200684551628e-08,0.12209099158644676,2.927627465396654e-05,6.90661068802001e-05,0.21711573526263236,1.2534453799162292e-05,1.7145057245215864e-05,2.3546511329186618e-05,2.1398161425167928e-05,6.224726178061247e-07,8.448112831516142e-09,0.004703499167226255,1.0890245256689468e-07,0.12450814209878446,1.1299537945319573e-07,8.224736006923195e-07,0.07844897061586381,1.8777860830709871e-07
priorregion4_spot_102,0.0024471667362377047,0.008129750145599246,0.0001476165409258101,6.376430064847227e-05,0.10059607811272145,3.486059995339019e-05,1.98512703718734e-05,0.0070810795994475486,0.10962810777127742,2.5046132805073287e-06,6.2496392505551065e-09,1.3474611341735e-05,2.9807954433636046e-07,0.10559600293636322,6.111171302336516e-07,1.2880420808869531e-05,0.6117128252983094,3.133184904413611e-07
priorregion4_spot_103,7.995477426447906e-06,3.355116202641284e-08,7.59750553243066e-06,2.0719648182421226e-05,0.2112670101225376,1.4602896590076854e-05,0.015108332177624107,2.389104838584899e-05,3.124136655969778e-05,2.0305054775349164e-07,1.3596508097180052e-08,4.301084845792502e-05,8.88661298859006e-07,2.1661419737029065e-06,2.647859787430207e-07,5.864642417918731e-07,0.10090745575726033,2.0697891613963293e-07
priorregion4_spot_104,0.02558324383571744,0.664998036623001,6.831880938307223e-07,4.142198827139509e-06,4.220505411467457e-06,0.0364997535943985,3.0661456889902187e-06,2.563217867646017e-06,3.8058820337028012e-06,1.4687960572246084e-06,6.065665858479008e-09,1.6224224111738296e-06,0.026821873616427183,0.30900515913963317,1.0771283918131758e-07,5.831547696288909e-07,0.0022203634609468284,1.6194259302437791e-07
priorregion4_spot_105,0.00955660007894039,0.01899120006710291,1.0261693932989147e-05,3.6084840030525814e-05,3.3460026679676956e-05,1.0538467904552817e-05,2.052763477422559e-06,7.739942680018431e-06,0.3273772269487381,1.023303930480779e-07,2.742378424347436e-09,6.820954490649455e-06,3.317920693746146e-08,8.129878722229478e-07,3.5962978728321104e-07,1.4964987428811585e-06,0.40503768920898436,1.9493272276349672e-07
priorregion4_spot_106,0.00012188001855975018,0.08874506168067456,5.487880716827931e-05,0.0005157910753041505,0.00018919736830866896,7.975642038218211e-05,0.004555890918709338,0.015700620692223312,0.08971807584166526,8.434602506213197e-07,6.301049970680594e-09,1.259692139683466e-05,3.7725277053368704e-07,0.19329571053385736,2.751965794800526e-07,7.349283379198824e-07,0.2618320420384407,2.334331256292899e-07
priorregion4_spot_107,0.00013419967363006435,0.22155324518680572,1.5527121774994157e-06,6.22184345502319e-06,3.906902584276396e-05,7.480286831196282e-06,0.00010644410940585658,4.764896107189997e-06,0.17570574879646303,3.5541531673288776e-08,7.253070943846752e-09,4.918759555039287e-06,4.786837010328781e-07,1.8623552975327586e-07,2.916445581035987e-07,1.6259367825455228e-07,0.40250242650508883,1.25308448417627e-07
priorregion4_spot_108,1.6234565805461898e-06,0.3451797649264336,0.005927646160125733,3.828335593425436e-05,7.056399153952953e-05,9.85732640401693e-06,7.006026021372236e-06,1.843106774686021e-05,9.548748676024842e-06,2.2070233058002483e-06,4.652657703552166e-09,6.171148743305821e-06,3.4294566148673765e-06,0.16500906124711034,4.93757175945575e-07,2.0608301497304637e-06,0.14546254351735116,1.3596689214523396e-07
priorregion4_spot_109,4.746015929413261e-06,1.3141019451268222e-06,2.2393133804143877e-06,2.3357350073638376e-05,0.1354783207178116,1.8802705824327858e-06,5.83654916681553e-06,3.667449414024304e-06,1.517725831945427e-06,1.2224751415601532e-07,1.6788365697628649e-09,0.0003762621417990886,3.966094411111954e-07,8.692346455063672e-07,1.3115181403122732e-07,2.5292207226357274e-07,0.3416877627372742,5.288314532947425e-08
priorregion4_spot_110,1.5361991501094963e-07,0.00012255902947799768,6.134758605185198e-05,0.00016275837479042823,0.20301967412233352,9.525984023639468e-05,2.4152060268534113e-05,0.011913097510114313,0.0038652219576761123,0.0021022898261435327,1.3814368582387716e-08,0.00015068122665979898,0.00022101045251474716,0.2967681080102921,2.2367178416971004e-06,8.840898590278813e-05,0.18055819422006605,6.604180697422635e-07
priorregion4_spot_111,5.282652932692145e-06,1.471279301767936e-06,1.2335448400335738e-05,0.0004911902549793013,0.12698132246732713,2.813463825077634e-05,9.411952578375348e-06,4.039953309984412e-05,0.17325726002454758,3.5845632595510324e-07,0.0006027431751135737,1.2242216553204343e-05,8.738169547939378e-08,0.15210907980799676,6.63399254108299e-07,4.992405342818529e-06,0.31582334339618684,4.0353446166818686e-07
priorregion4_spot_112,2.411393225543179e-07,0.06613076776266098,8.422518767474685e-05,7.672689062019345e-05,0.00014737897290615365,3.280755936430069e-05,0.00022294839727692308,0.0001408633943356108,0.2170024961233139,5.758509155384673e-06,2.6151151111264427e-08,8.27616240712814e-06,5.929123805259451e-08,0.10485710240900517,3.734788393217059e-07,1.2646692994167097e-05,0.23154125958681107,3.305971802092245e-07
priorregion4_spot_113,0.0047552138566970825,0.0006729281070875004,6.699647678942711e-06,5.063679545855848e-05,0.2991683006286621,1.4335768810269656e-05,4.7270634604501543e-05,3.6918983937539455e-06,1.621441351744579e-05,1.3255800652700602e-07,4.837545763969332e-09,2.0730578034999782e-05,5.824524293984723e-08,4.762981774319997e-07,1.0156311205378188e-07,1.5137892859229395e-07,0.35087306052446365,5.462107832698848e-08
priorregion4_spot_114,0.014725239807739854,0.8263637483119964,1.358207186967775e-05,0.0009990858263336122,2.23365960891897e-06,7.445598356525807e-07,3.5457036915431674e-07,8.645687472608188e-07,1.122667879371875e-06,1.67966663688901e-08,1.558545514868115e-09,4.77606756987825e-07,0.0001985121903999243,6.554655965373968e-06,2.4224249006721265e-08,1.0641226424468186e-06,0.2481531657278538,1.2807095339795182e-08
priorregion4_spot_115,1.4336415972593386e-06,0.46879429519176485,3.7326082178879007e-06,8.822460631563445e-06,0.10275744870305062,1.239420525962487e-05,0.025670563336461782,7.108848512871191e-05,0.15513462498784064,7.791083973529567e-08,6.492962523196867e-09,2.5982574243244017e-06,3.4006395708274797e-07,4.093514277769828e-07,1.0467474922393196e-07,3.369123817265063e-07,2.381082640567911e-06,3.946680124045088e-07
priorregion4_spot_116,5.564040463923449e-07,0.12020971775054932,4.662823494072655e-06,4.6687609028595034e-05,0.16658586412668228,3.4257083825650625e-05,2.3642244104848942e-05,4.237039684085176e-06,1.0972343261528295e-05,2.499720636706115e-07,2.4009596311103115e-09,8.027568001125474e-05,4.027872719802872e-07,0.20347251445055006,1.7343044476092478e-07,9.033053885332266e-07,0.37577845007181165,7.978404958919327e-08
priorregion4_spot_117,0.000507840487989597,6.920432866763804e-08,3.997117601102218e-05,0.03626097198575735,0.11519999094307422,3.6626366636483e-05,5.522820920305094e-05,3.3492506372567735e-05,1.563849400554318e-05,1.701839170209496e-06,7.30741351873121e-09,0.00038542743568541486,4.451454699960777e-07,0.41155140250921246,3.97218389025511e-07,1.960351448815345e-06,0.1955751731991768,1.3245076715406865e-07
priorregion4_spot_118,3.7039636822555623e-06,0.19833954870700837,1.5249900297931162e-05,0.002161054301541299,2.2922178231965518e-05,1.0339700793338126e-05,2.463111695760745e-06,4.802018884220161e-06,6.974624483291336e-07,1.5342542269536353e-06,5.104730480525177e-05,1.8433433297104785e-06,6.22807750261245e-08,0.08342466205358505,4.794437188593292e-07,2.00671285028875e-06,0.462177549302578,9.806864262884573e-08
priorregion4_spot_119,0.0022494145785458388,0.1594209261238575,3.5519614721124525e-05,0.00012727517023449763,0.13731144964694977,7.945848738017957e-05,2.9788950814690907e-05,0.011315216775983572,0.0004423639053129591,2.7994811148346344e-06,8.875881940539898e-09,0.00011939634241571184,9.6711974038044e-07,0.12989562079310418,2.0638221144508862e-06,5.013060308556305e-06,0.07175069451332093,2.994902828845625e-07
priorregion4_spot_120,0.0011820116546005011,1.0373990164680439e-07,2.294815396908234e-06,1.5862066538829823e-05,2.110754958266625e-05,6.975597875680252e-06,1.6492615600327555e-06,3.214484422642272e-06,0.37563463896512983,1.724032506444928e-06,1.2016356665256467e-08,0.0450107105076313,6.184193007356953e-05,0.23321461752057074,7.83357277214236e-06,0.18615780398249626,3.2239880027873373e-07,0.01974093643948436
priorregion4_spot_121,2.6267118897749246e-07,0.12318207882344723,3.9872647448646605e-06,8.072559248830658e-05,2.7657717237161705e-05,8.74624888638209e-06,1.3367298720368129e-06,1.2967459895207868e-06,0.0696289349347353,5.09251356106688e-07,9.702203440653535e-09,6.586349354620325e-06,3.140657600653185e-08,0.1376034066081047,1.8763320923653743e-07,1.420302089627512e-06,0.17727093696594237,1.389454496347753e-07
priorregion4_spot_122,1.7404159677880673e-07,0.546296364068985,2.379335057867138e-07,7.015451132019736e-07,7.376625063670873e-07,3.800354406280349e-07,9.240493596962552e-08,1.4573767046499597e-07,4.376776558956408e-08,1.0264626570943848e-08,2.8465615087291954e-09,5.30772778617461e-08,0.0023664528969675304,1.7725397896128925e-07,1.850445876527829e-08,2.769123250701e-08,0.47607482969760895,1.3246224161989063e-08
priorregion4_spot_123,0.007858517742715777,0.00011213221732759848,8.618138490419369e-05,8.550943966838531e-05,0.1047659981995821,3.186604244547198e-05,2.2811302824266025e-05,0.0004114015580853447,3.097331846220186e-05,2.187417612731224e-05,9.341506634896747e-09,0.04306594114750623,4.956885135243283e-07,0.29188227057456967,9.705362572276499e-06,3.740782376553398e-05,0.5839703261852265,5.162350498721935e-05
priorregion4_spot_124,4.428053955507494e-07,0.22282793149352076,3.974688534071902e-05,3.955679512728238e-05,4.675943637266755e-05,0.0012540588155388831,0.00023110995898605323,1.0459365421411349e-05,0.16934624537825585,5.63063582603718e-07,7.991777906113384e-09,4.745726778310199e-06,2.4072576554345917e-08,0.10257854834198951,1.0068590015066548e-07,4.1174643001795634e-07,0.6231680244207383,8.747504196549016e-08
priorregion4_spot_125,4.1920865356814835e-07,5.052449409959082e-08,0.000307702952704858,0.04687050227075815,0.39123991280794146,0.00010178362863371149,0.0002476222085533664,0.00042161171877523883,0.0008677309262566269,1.2095874853912392e-05,8.018051467217902e-09,5.8814699332288005e-05,0.000604741883580573,0.18621598929166794,2.1450185045068793e-06,4.405043364386074e-06,0.2560563236474991,1.079927227465305e-06
priorregion4_spot_126,1.267208467936598e-07,0.07181636318564415,4.121044275962049e-06,1.3276586741994834e-05,0.07777494862675667,1.1998968193438487e-05,1.694261682132492e-05,6.932826590855257e-06,0.07061938159167766,3.580772229838658e-07,9.83775958474098e-09,2.073696850857232e-06,1.584707615620573e-06,0.045101506449282174,3.6146837828709978e-06,7.215714731501067e-07,0.22507547140121462,2.824949831392587e-07
priorregion4_spot_127,9.057842726178933e-06,0.3181312024593353,6.755363392585423e-06,7.568001728941453e-06,1.6235097882599805e-05,5.304735464051191e-06,2.6739189706859182e-05,0.00953712542541325,0.13387608900666237,2.6496637275386096e-07,3.2692875739925855e-09,3.954992757826404e-06,4.08772000071167e-07,1.769472532942018e-06,6.52576019888329e-07,9.041115561103653e-07,0.7192208349704743,1.3029208290049612e-07
priorregion4_spot_128,0.008735661208629609,0.18564321324229238,4.110242525712238e-06,0.002141544234473258,7.464339068974369e-06,1.6680182000072818e-06,2.9564882311206023e-07,1.2652360624088032e-06,2.4878179658571755e-07,8.781686005931988e-07,5.799149005447646e-09,5.360119359920646e-07,1.1738179068743195e-06,0.06252420600503683,2.893167703632571e-07,3.7069162459602014e-07,0.4352941647171974,4.779429837071802e-05
priorregion4_spot_129,0.004848394286818802,0.2031658373773098,3.7720338013969016e-06,1.916625014928286e-05,0.3248811006546021,2.0568900708894944e-05,1.6796397903817706e-05,6.170637698232895e-06,0.012079587206244469,2.8255134481014467e-07,5.293503368974939e-09,0.00012911294397781602,5.774795610591356e-08,6.294260424510867e-06,1.941052424569989e-07,4.7302370091983904e-07,0.29301386475563046,1.0341698661875399e-07
priorregion4_spot_130,0.001742168964119628,0.34409793466329575,2.355295528104762e-05,0.0005187521048355848,9.182527392113115e-05,0.00035845318489009516,4.486622674448881e-05,0.012505068024620414,2.456952606735286e-05,2.891338488097972e-06,0.0012022116861771792,0.0050749179208651185,0.003572875785175711,0.271598082780838,6.603325260812199e-07,0.014713544584810735,0.45507511645555493,2.333753570837871e-07
priorregion4_spot_131,5.3640375696772935e-08,9.2255001415964e-09,3.551403688106802e-06,8.451381218037568e-05,0.15682743191719056,1.919459828059189e-05,5.327872404450318e-05,1.370801528537413e-05,0.1510574609041214,6.613530075583185e-07,3.0758367852712355e-09,4.170128045188903e-06,8.394332429162432e-09,0.36534269601106645,1.4860441197583898e-07,1.2750688597407135e-06,6.773485372590926e-09,4.4610798966004955e-08
priorregion4_spot_132,5.913436467608336e-07,0.27097536325454713,4.039939062749909e-06,1.2436347742550424e-05,0.1716165341436863,2.3572394457005434e-05,3.7362940361163058e-06,5.334137745194312e-06,3.424530059419339e-05,5.043162872198081e-07,4.102995632138118e-09,1.3090804213788943e-05,9.061640362517665e-08,3.0844274760966073e-06,2.5978424673667176e-07,4.866536443159931e-07,0.49057276397943494,9.461929906251498e-08
priorregion5_spot_1,2.5075236997906817e-08,5.190458618464788e-09,7.37076439691009e-05,4.39186223957222e-05,1.294431308451749e-05,0.08504506722092628,0.19742075204849244,5.4311258281813934e-06,1.4725031405760093e-06,2.1109611566316747e-06,8.509334431527904e-10,4.168927443970461e-06,8.27923267721076e-09,1.0566708942860716e-05,3.7009888842476357e-07,0.07427416257560253,6.552347137089853e-10,8.384430515206988e-07
priorregion5_spot_2,4.408810792000395e-08,6.872517168687864e-08,0.00039114293031161656,0.14693518802523614,0.000170435021573212,0.42284869849681855,0.09503287449479103,0.000696751818759367,5.266238736112428e-06,0.00014874476910335942,1.2933389381686315e-08,0.0030591076356358826,2.1659954274610982e-08,2.0050444845765015e-06,3.0676330084133957e-06,2.2505137621919864e-06,5.361148613935996e-09,0.08885822221636773
priorregion5_spot_3,6.636593047915085e-06,2.801556373555059e-08,3.285796847194434e-05,0.08010961934924125,0.0001674423161603045,0.21464029029011725,0.08351660966873169,4.555460982373916e-05,1.9959669953095726e-05,5.757132703365641e-06,4.268159115028425e-09,0.005935408896766603,3.024500339066094e-08,2.021184127443121e-05,1.7858149078620046e-06,0.21533051133155823,1.3859151426487419e-08,0.12040686421096325
priorregion5_spot_4,3.376637778274017e-07,2.391975515436684e-08,0.00016493533767061307,0.011559751443564893,0.044663784280419346,0.2802650019526482,0.21470361799001694,0.040116960555315016,0.00012204386439407246,2.402970976618235e-05,4.109166962251721e-08,7.553454888693522e-05,3.907007748438218e-08,0.021690107043832542,0.04718727171421051,0.07157667241990566,1.2213707911712392e-08,0.09311535656452179
priorregion5_spot_5,1.8842702687038584e-08,3.720910328297578e-07,5.8541778116705256e-06,0.015844587050378323,2.1234048472251742e-05,0.6821525156497955,3.905766116076848e-05,8.03463581178221e-06,3.1462063702747403e-06,3.1435562050319278e-06,5.0010181995574505e-09,1.7857200236903737e-05,1.205540751669787e-08,8.712682438272167e-06,2.324547217824602e-07,0.3268410310149193,2.1169780484164848e-09,1.2886177671589394e-07
priorregion5_spot_6,2.466219140018211e-08,1.604804396038162e-08,4.878296931565274e-06,0.02709879642352462,1.4694106539536733e-05,1.8505401658330812e-05,0.2903690174221992,7.433446944560274e-06,2.5738002818798126e-06,2.0338203967185107e-06,7.566583665186145e-10,1.253487243957352e-06,9.084655649971295e-09,2.804873432182831e-07,6.702694406612864e-07,1.9297185929190164e-07,3.1610414952254475e-09,0.4372337520122528
priorregion5_spot_7,3.898574156835366e-08,7.375528610076288e-09,3.5222506448917555e-05,0.000592319539282471,0.00012993610653211363,0.00012055653169227298,0.39330568313598635,3.1176337324723134e-05,4.399385966280534e-06,0.0001644269243115559,3.406083223467249e-07,2.144589179806644e-05,5.978052044497418e-08,0.08902895972132684,0.03167495746165514,0.07546849474310874,5.030094940572383e-09,0.27294166535139086
priorregion5_spot_8,2.3246575775459636e-08,4.6116179097666075e-09,2.8944791483809237e-05,0.020019996725022794,3.135348979412811e-05,0.34868019670248035,0.48483458161354065,0.0001283366436837241,6.2379326436712295e-06,2.693111120777303e-08,1.1600763860641904e-08,6.62892664422543e-06,5.741583986029753e-09,4.493530852300865e-07,8.631801087233273e-08,4.3130683735626013e-07,3.592428854393149e-09,3.977401128452129e-08
priorregion5_spot_9,2.3249121294810493e-08,1.0134440042719463e-08,4.835617746721255e-05,5.106030475872104e-05,7.258903897309211e-05,0.5862306177616119,3.699993703776273e-05,0.08832485377788543,4.343858927313704e-06,6.486122970272846e-07,4.901916636490535e-10,7.830277218090486e-06,2.6366298366831132e-09,9.84796059810833e-07,2.499339634596254e-05,1.0514206451262e-06,2.3156966899584575e-09,0.19564293473958969
priorregion5_spot_10,5.53019603444227e-07,9.593913183891802e-08,8.638969011371956e-05,0.016105159744620325,0.06159130465239286,0.5161404550075531,0.14002854973077775,0.06000455822795629,5.777809983555926e-05,4.2469508571230105e-06,3.779499575529144e-08,0.004827168514020741,3.068299605502034e-07,6.71342718305823e-06,1.319914423447699e-06,0.10258181914687156,9.867635730742564e-09,3.495633606576121e-07
priorregion5_spot_11,6.196069683994666e-08,7.994319028981068e-09,7.507833870477044e-05,0.02996938759461045,9.418896333954763e-05,0.14613982439041137,0.16541092842817307,0.00012719646183541046,1.7544602599173232e-06,9.753541178270098e-07,2.4537404219593386e-09,9.326390227215597e-06,5.306129358118028e-09,1.2914693172660918e-06,1.4912413746515087e-06,3.7348716404039805e-07,3.0854684696102198e-09,0.15528323799371718
priorregion5_spot_12,9.56687191688843e-09,8.674037088596265e-09,1.900057606007977e-06,4.028254261356779e-06,1.3798331974612666e-05,0.6378450602293014,2.922656881310104e-06,2.8441915219445945e-06,0.014063891721889377,6.309986503083565e-07,2.981652791334e-09,5.578279484552695e-07,4.76159656148667e-09,0.00111281483550556,1.782129480432104e-07,0.230431792140007,2.102946561333141e-09,2.7347775102271047e-07
priorregion5_spot_13,1.9616492679119802e-07,1.2613827493623831e-08,1.4774359488001209e-05,0.013786461716517807,3.674616709758993e-05,0.10928803160786628,0.41735865324735644,1.2480615305321408e-05,2.810973592204391e-06,1.8252838117405191e-06,3.739486520437652e-09,8.770916110734106e-06,2.845457682809638e-08,0.010892361402511597,2.641302728534356e-07,0.2228241719305515,2.648127828130953e-09,6.477673480276281e-07
priorregion5_spot_14,3.233191225859855e-08,1.2267549642785981e-08,1.1032401152988313e-05,1.1160151279909769e-05,3.782437397603644e-05,0.08072217255830766,0.34073760211467746,1.01437083685596e-05,0.0005188025417737663,2.2195953874870615e-06,1.4526324365604638e-09,2.5285548144893258e-05,5.3803215571690555e-08,3.611447743878671e-06,1.945894937307458e-05,0.26204165965318676,1.6326856810966461e-09,0.07856992185115813
priorregion5_spot_15,4.7102136058185814e-08,8.446264221362298e-09,4.098674180568196e-05,2.8467526772146814e-05,4.673111725423951e-05,0.22559837400913238,0.10128229036927222,1.1684506716846954e-05,2.312014601102419e-06,9.411826994210061e-07,1.2642113411676094e-09,2.248403507110197e-06,1.4220676547438416e-08,8.473191400071301e-07,9.781898006622214e-06,7.736024372206884e-07,1.4516142898823859e-09,0.3119025692343712
priorregion5_spot_16,5.863154441954066e-08,4.785871099421968e-09,1.1462758493507863e-05,0.00013163677722332067,1.3662473111253349e-05,0.45739246159791946,4.258840763213812e-05,6.243557277230139e-06,3.536975486895244e-06,0.008070542896166443,2.1366877711592736e-09,3.2840688959367985e-06,7.752423902829265e-09,1.9034621800528843e-05,8.416500378416458e-07,0.28804598450660707,2.554154354683647e-09,1.5259895519648124e-06
priorregion5_spot_17,5.892491685699497e-07,1.951475390171709e-08,0.00010231069827568718,0.19429855197668075,0.00026511139876674863,0.11024203039705753,0.31602723300457003,7.643502030987292e-05,6.444304963224567e-05,2.443955181661295e-05,8.211709046079819e-09,0.015694948844611645,3.6228370277058274e-07,0.053191385231912136,0.020087936893105507,0.04339724518358707,1.868670018723151e-08,0.04016146305948495
priorregion5_spot_18,6.761071240646289e-08,5.746495235214867e-09,1.997995368583361e-05,0.020567787531763315,5.179328290978447e-05,0.3825677245855331,6.926358469172555e-06,7.478315637854394e-06,4.4000309117109285e-06,3.0583537636630357e-06,2.418954869742862e-09,5.8468036695558115e-05,3.2985677478336586e-08,5.641879351969692e-06,4.7139819372432615e-07,0.079044346883893,2.32834987956565e-09,0.17299507334828376
priorregion5_spot_19,5.4115677450283786e-08,7.0959824238769916e-09,1.4564514458470514e-05,7.107193196134177e-05,8.518910763086752e-05,0.24428175464272497,0.164951092004776,8.193794428734693e-06,8.449554479739163e-06,1.3578277219039593e-06,4.023533328734174e-09,3.41089500579983e-05,2.227318907088716e-08,1.2095589954697062e-05,1.7696838881420262e-06,2.328312439203728e-06,2.2938046462250843e-09,0.23979723751544954
priorregion5_spot_20,7.060973672423644e-08,3.365737599736463e-09,3.4831919037969787e-06,1.4611534015784854e-05,1.8775157695927194e-05,0.4386277258396149,0.0025594049016945063,3.7812351592947383e-06,1.996428602524247e-06,8.572715387344944e-07,1.8323845440981756e-09,5.193543165660233e-06,1.0641237979669428e-08,1.008896401799575e-05,7.033536064682268e-07,0.038661332428455354,3.122048275461253e-09,0.2087355747818947
priorregion5_spot_21,7.622145794528027e-08,8.399236106626518e-09,0.0005135969491675496,0.0004773893146193586,0.0004136107119848021,0.17214453518390657,0.16301081329584122,0.028296391479671,2.552691084929393e-05,3.926436056644888e-06,3.3923537312574585e-09,0.0003769109767745249,2.372467662326017e-08,3.085597131757822e-06,3.427552655921318e-06,0.20144922360777853,5.816599113472876e-09,0.07368220314383507
priorregion5_spot_22,4.7062775188067004e-08,7.967001058872825e-09,0.0001432208315236494,6.148207667138195e-05,0.00022925163284526207,0.40119868516921997,0.13083088994026185,0.00017880713421618568,0.00012722208557534032,6.541164907503118e-06,4.449206203460677e-09,0.01931974794715643,1.861869449726328e-08,6.541190509778972e-06,3.7526980122493115e-06,0.17162959203124045,1.03750221303045e-08,0.09140867404639721
priorregion5_spot_23,5.834333105525503e-08,1.5189012092520216e-08,5.81116142711835e-05,0.012914711376652122,6.623729677812662e-05,0.17698124572634696,0.005767005705274641,0.00012673411838477479,2.663345230757841e-05,2.1706494976569955e-06,4.64541185518641e-09,1.1213791458430934e-05,3.039828531115063e-08,0.005554242385551334,0.02907914575189352,0.3837939888238907,7.72885551114655e-09,0.208887892216444
priorregion5_spot_24,3.2978715402975924e-08,7.2803127748599655e-09,0.0002508756733732298,0.06665617376565933,0.0005413087113993242,0.3790607437491417,0.27761009633541106,2.7633638637780678e-05,2.5387134519405668e-05,0.000690781106823124,5.388462209765522e-09,0.010176278185099363,1.3720555402940706e-08,0.0004803134623216466,2.4216745168814667e-05,2.543033883739554e-06,5.28050723147544e-09,0.1053132813423872
priorregion5_spot_25,3.061426223638364e-08,2.362834483626841e-09,1.85114635314676e-05,4.853140289924341e-05,3.088439116254449e-05,0.22766204848885535,0.3317653194069862,0.00031750396301504223,4.2097472714885955e-06,9.227153810797972e-07,1.481266459490982e-09,2.292956150995451e-06,1.145070620545141e-08,4.019379252895306e-06,0.0006899188767420128,8.424407297979997e-07,1.2485786071714243e-09,0.07515731193125248
priorregion5_spot_26,4.5975757068106306e-08,1.7371951877009906e-08,8.821999517749646e-06,6.768531493435148e-05,0.03800032678991556,1.8059452304441948e-05,0.26985528916120527,2.7003012837667485e-05,0.001600746513577178,1.5804487020432135e-06,4.545413290202305e-09,1.338353445134999e-05,2.5340902176651527e-08,4.337863128967001e-06,2.3562429578305456e-05,1.1648163479094366e-06,4.735125669341756e-09,0.1283080793917179
priorregion5_spot_27,1.4197208342281443e-08,1.347972107268447e-08,1.3522638346330497e-05,4.845952717005275e-05,0.00015897933772066609,0.4914126470685005,0.28064151704311374,3.5281508280604613e-05,1.840434133555391e-05,4.915450676890033e-06,1.1365509977601108e-09,7.852763928895001e-06,7.069169849494018e-09,1.0895736920701894e-06,1.4559670205471777e-06,8.828685565731577e-07,5.570167749269218e-09,0.07494139261543752
priorregion5_spot_28,1.3691860090148111e-07,1.5079196025169497e-08,0.0002759323935606517,0.0002569722186308354,0.00013692103093490007,0.19074828773736954,8.305945120810066e-05,0.030984272994101048,4.2112692653972775e-06,2.6877647542278282e-05,4.018074939438066e-09,3.946795332012698e-05,1.2050975817246015e-08,0.058775344677269456,0.018202934786677363,0.22621112540364266,7.744021512934296e-09,0.09918665662407875
priorregion5_spot_29,6.50654012446239e-08,2.802248886268899e-08,0.06121832374483347,0.04660340491682291,0.11527657285332679,0.05348176807165146,0.1627025216817856,8.887118419806938e-05,1.6827813487907407e-05,2.3580990728078182e-06,3.1752270146512276e-09,5.146994189999533e-05,1.4901609759476742e-07,6.5554425873415325e-06,3.790214168475359e-06,0.2603015944361687,4.8808584907078514e-08,0.05511357020586729
priorregion5_spot_30,7.429123662916483e-08,1.3536489529286657e-08,0.00013101468066452072,0.0001900758725241758,3.3051198806788305e-05,0.5298044890165329,0.020019519422203303,8.065934634942096e-05,4.160467142355628e-06,2.229659526165051e-06,3.805196091555274e-09,0.005393934855237603,1.3931190423477346e-08,0.014276690874248743,8.952341801204966e-07,0.1162565927952528,3.08453386166363e-09,1.5777994804011544e-06
priorregion5_spot_31,1.792261183908295e-08,4.199109238101073e-09,9.012314221763517e-05,2.9731231188634413e-05,0.00018839275580830874,0.4068368270993233,0.00012058474712830502,6.572925412910992e-05,0.0030708291335031393,2.617239272240113e-06,4.457395719192903e-09,5.0896188258775514e-05,9.692197577848562e-09,0.05233814399689436,0.1581550598144531,9.393214440933661e-07,3.7443959044480835e-09,0.3212312862277031
priorregion5_spot_32,8.519813512464225e-08,6.308617384043203e-09,0.00010488897969480605,0.1455291010439396,8.144566636474338e-05,0.41258789747953417,0.2361065298318863,3.257568350818474e-05,4.7132227109614184e-06,4.8162381517613545e-06,4.118609608916301e-09,6.254873842408415e-05,2.7525634394010012e-08,4.389597688714276e-05,1.0091019066749141e-05,0.18519273698329924,6.3676295791736954e-09,0.0015123545541428029
priorregion5_spot_33,7.155028107774798e-08,7.019041947664562e-09,2.0989912445656956e-05,0.1616966813802719,0.00031780073913978413,0.5558333992958069,6.148196753201774e-05,5.9511901417863557e-05,9.503166329523083e-05,2.8011401695948734e-06,3.5202476045270716e-09,9.260392762371339e-05,1.2448303410295127e-08,0.0005531289207283409,1.5816308746252617e-06,0.036461164429783824,2.9253102495907513e-09,0.060951388068497175
priorregion5_spot_34,1.8326128969903265e-08,8.659571992808428e-09,8.110427261271981e-05,0.21492319405078888,0.0010302407434210183,0.2911008432507515,4.2532508996373504e-05,1.8343620286032093e-05,6.291826102824417e-05,2.4454259460071627e-06,2.3412327188054866e-09,0.0006070412055123597,1.6174462569296113e-08,6.199712402121805e-06,5.197278085233848e-07,0.17016532123088834,1.0542687567394182e-08,1.3481865664743963e-06
priorregion5_spot_35,6.475315004195182e-08,2.178159146382086e-08,0.00019475271619739942,0.028826856520026922,0.0002688291351660155,0.3611904710531235,0.2024598926305771,0.007372057926841081,4.001003326266073e-05,3.1037718827064967e-06,2.820352240640034e-09,1.0506984381208895e-05,1.2762925560849683e-08,2.2597750830755104e-05,1.5628745074991458e-06,0.0660363469272852,3.62069401127485e-09,0.04738404154777527
priorregion5_spot_36,3.0626060798510935e-08,9.678339019103532e-09,1.2106148051316268e-05,0.06321093328297138,0.0001210805985465413,0.2143779657781124,0.059268477372825146,3.640986269601854e-05,3.9069119907253485e-06,1.4847874240331294e-06,1.7126576878911949e-09,3.4045396546389384e-06,1.8605971874308128e-08,6.036921172380972e-06,7.178096581128557e-07,0.1725833140313625,2.0452254667624464e-09,2.703336122067412e-07
priorregion5_spot_37,2.663903817534675e-08,2.1988487208801653e-08,0.04587997179478407,0.03708712812513113,6.27276960585732e-05,0.3031139850616455,0.06074446048587561,4.622104370355373e-05,5.999961695124512e-06,0.004998278990387917,2.428378094165851e-08,0.00014587863115593793,2.464558344072998e-08,1.521702133686631e-05,5.904670103973331e-07,0.09160448424518108,1.7489192538633346e-09,5.440979066406726e-07
priorregion5_spot_38,3.399100911849473e-08,1.0406457828793238e-08,5.325016581991804e-06,4.128614618821303e-05,5.156515071575996e-05,0.07660921774804592,0.27785905748605727,1.090820946956228e-05,0.06336213685572148,6.340289951367595e-06,2.255732589606652e-09,3.054861590499058e-05,1.3495403727858957e-08,1.3678014283868833e-06,1.0703244811338665e-06,0.27803778499364856,4.955683774454656e-09,6.815321881958881e-07
priorregion5_spot_39,1.4114273039211867e-08,5.90432007729902e-09,6.772895221729414e-06,0.0004096605276572518,4.107749882678036e-05,0.16257783919572832,0.1668272189795971,2.5255082050534836e-06,3.3141636890832158e-06,0.0019832154037430884,3.733815889805925e-09,3.999091359219165e-06,1.0558221141820924e-08,2.5934842028618733e-06,3.2240687062312647e-07,1.247942435611549e-06,1.4824621252795822e-09,0.3229034304618835
priorregion5_spot_40,4.264283415267301e-08,6.532302676554025e-09,7.925156569399405e-05,0.0032111588749103247,0.0001519053701485973,0.6018355756998062,0.18335711136460303,0.0018218098499346524,3.27224838656548e-06,1.1729278458005866e-05,7.106822241809142e-09,0.024778397753834728,1.8770105114640502e-08,1.2897090937258327e-05,1.058773312934136e-06,0.1544702060520649,1.6451452722776593e-06,1.7816686224136904e-07
priorregion5_spot_41,3.113721795955371e-08,1.9575911291980222e-08,2.3729771146463464e-05,3.1977519029169343e-05,7.096688568708487e-05,0.5853520721197129,0.00010699979393393733,0.002678097691386938,0.026611774414777755,6.489913321274798e-05,3.560327166418631e-09,0.00019003508423338645,1.5494120342296474e-08,3.54697656348435e-06,2.515683481760789e-05,0.017208787985146048,9.429624725498799e-09,0.11817205809056759
priorregion5_spot_42,3.134970345541888e-08,5.849273776448173e-09,2.5546099095663525e-05,0.129091277718544,0.00012506507700891235,0.252189838886261,0.3530604600906372,2.0131277869950283e-05,1.343491876468761e-05,1.921829198181513e-06,2.2631287732721717e-09,2.683827924556681e-05,1.5939658659647196e-08,6.436452349589673e-06,0.0036645292304456237,0.07570364549756049,3.0348328738938333e-09,2.992647773680801e-06
priorregion5_spot_43,6.6569941337135676e-09,1.364872537212847e-09,2.535152930249751e-06,2.702935671550222e-05,7.847549159123447e-06,0.6870282858610153,0.2782929360866546,2.1698881141674064e-06,5.104967556235352e-07,3.178064762465738e-08,8.722720795661946e-10,1.1876181815750897e-06,3.8949656833153776e-09,2.699800930372476e-07,5.635477808851874e-08,1.0387549060908441e-07,5.86539536384656e-10,1.0316830678647196e-08
priorregion5_spot_44,3.1741264017171036e-08,2.711606716943038e-09,1.1133636189697428e-05,0.1150978960096836,4.371624272607733e-05,0.08780039623379707,0.1431164488196373,7.956149283927516e-06,2.804852658755408e-06,1.5412140271564566e-06,5.2941643957638025e-09,1.9166118363500573e-05,5.247883176906498e-08,1.1866486147482646e-06,8.73241012300241e-07,0.12898235470056535,1.8143539948223265e-09,0.1242640808224678
priorregion5_spot_45,1.1260542578384048e-07,1.2149230173008623e-07,0.03235713262110949,0.19254647195339203,0.0002364187632338144,0.3986052006483078,0.00013973139721201733,0.05535426307469607,1.4465118738371531e-05,1.918456373459776e-05,1.9653473160019535e-08,0.00010866840239032172,2.159600027695774e-08,1.5511727269768016e-05,1.354160863229481e-05,0.08504000008106231,3.228079297201702e-08,0.04245558399707079
priorregion5_spot_46,1.2233264286010128e-07,3.0611768009336518e-09,2.1003103665862e-05,0.0001614544125914108,0.00012047436102875511,0.2528199031949043,0.23546661883592607,0.029663488641381262,8.30000394671515e-06,1.5224190121898575e-06,1.4917813873083218e-09,0.004043480521067977,9.576114390341671e-09,1.5689077031311173e-06,7.730742055400698e-07,7.951908770564843e-07,1.542947358768032e-09,0.040258902870118615
priorregion5_spot_47,9.237304476883423e-09,2.0544320578075317e-09,6.326234711195867e-06,2.2395185715140543e-05,1.0284685822625761e-05,0.532254621386528,0.18808924704790114,2.112862898684398e-06,5.532913149863816e-07,1.6042018646800216e-08,8.300769793745388e-10,1.946748909631424e-06,3.3215999062363733e-09,2.358112290323789e-07,3.2760677548537846e-08,3.8410223268670056e-08,9.369902020939235e-10,3.383125388722874e-08
priorregion5_spot_48,6.163807029224699e-08,6.224799764531497e-09,8.736599775147626e-05,0.00010952082629955841,4.698643497249577e-05,0.16256282627582552,0.1632912069559097,3.769028189708479e-05,1.143443400906108e-05,1.1555504215721159e-05,3.1953031887077543e-09,0.05254482347518206,9.892739871730783e-09,1.0627947119701276e-06,5.827508545053206e-07,4.2424277069130783e-07,2.609998583924522e-09,0.10093218050897122
priorregion5_spot_49,3.032773854272364e-08,2.060534143311088e-09,4.198341707706277e-06,1.330165182480414e-05,2.3798315305612052e-05,0.23738243132829667,0.16082205697894097,5.183621397009119e-06,9.456796988160932e-06,1.7000099489905552e-06,2.707301738347212e-09,1.770796825439902e-05,5.58028849795278e-09,2.4646758356539066e-05,2.343590708164811e-07,0.10190914385020733,1.3659924358311316e-09,4.064644414825125e-07
priorregion5_spot_50,2.300781813957542e-08,5.892227505910341e-09,9.879453227767953e-06,1.7957629188458666e-05,0.00010816949215950445,0.2596385806798935,0.2884668245911598,0.015507141826674342,0.13375417813658713,1.318588907395224e-07,6.122537987707233e-09,1.7051275790436193e-05,5.34217887704358e-09,1.6053050899245138e-06,2.680479056493823e-07,4.809518415527237e-07,2.4089062300447493e-09,7.478456964804536e-08
priorregion5_spot_51,3.524714724534306e-08,1.681322361335447e-08,0.00011909005988854914,7.702592774876394e-05,0.04371079336851835,0.17546673268079757,0.13977507054805755,0.042687478847801684,1.4914975326973944e-05,1.119442754315969e-06,3.06496928947908e-09,6.822594104960444e-06,6.033503687774556e-08,2.0082360060769135e-05,1.6098998457891867e-05,1.2425151396655565e-06,8.6494574613738e-09,0.1630048505961895
priorregion5_spot_52,6.182200031901178e-08,1.7150445863478583e-08,1.1616041047091131e-05,0.01639328841120005,0.00011329559456498827,0.3301568582654,0.14016460999846458,3.4500333640608005e-05,1.135009383688157e-05,0.00014777690375922248,5.090698329546228e-09,6.289428965828847e-05,1.4828444960812704e-08,0.00019854060155921616,1.3514026068151e-05,0.21409694850444794,2.944553278982909e-09,0.0960018802434206
priorregion5_spot_53,9.263639810797031e-08,9.738108275314516e-09,0.0004541822083410807,0.0001182795109343715,7.184656460594852e-05,0.2522057995200157,0.22564807981252671,0.06421890780329705,1.001038440335833e-05,0.06539631634950638,6.486051251641811e-09,1.7374925846525002e-05,1.4844299167648956e-08,2.206858562203706e-06,5.996002005304036e-06,0.302210034430027,3.4590174502469047e-09,2.6828934323930297e-06
priorregion5_spot_54,6.134663959045384e-08,1.0734899325015592e-08,5.92000455071684e-05,1.4971043856348843e-05,3.299353065813194e-05,0.4698244705796242,0.3136579096317291,7.168321121753252e-06,5.219208264861664e-06,1.8647609181243752e-07,6.763296478418113e-10,1.3920378023613014e-06,4.441741929817056e-09,0.006178874103352427,1.9818470704535686e-07,0.010311799170449375,1.6554385418032785e-09,2.8872910036170656e-07
priorregion5_spot_55,1.1159814796712909e-07,1.5093508975994046e-08,0.038504487276077276,0.13105562850832939,0.00040552680438850076,0.24653657674789428,0.0011045634921174497,0.0035486057517118753,0.0005937219277257099,3.913056889359723e-06,4.707177825302722e-09,2.969245369968121e-05,6.223984172493147e-08,3.9163771134553825e-06,1.546791509099421e-05,0.2824397504329681,9.17468541139499e-09,0.16624256819486616
priorregion5_spot_56,5.7731949354433715e-08,2.2941946919985414e-08,0.0490935917943716,0.0012915547471493483,0.0003281068231444806,0.24256204441189766,0.0001248468630365096,0.00011966836063947994,4.341147596278461e-05,0.01996877249330282,2.6564088706493294e-09,0.008874681498855353,1.9885661561858115e-08,2.0657174263760684e-05,7.206219197541942e-06,0.24614651575684549,4.4500429785543366e-09,0.03326829615980387
priorregion5_spot_57,1.8601755602531968e-08,8.412121665912766e-09,6.251772674659151e-07,5.324216135704774e-06,9.25351650948869e-06,0.17844717428088186,0.33144356906414035,1.293468471885717e-06,1.3640680833759689e-06,6.33699709595703e-08,1.5703675426692598e-08,5.075403873888718e-06,6.192377188796172e-09,1.6988836009090847e-07,6.910846828134254e-08,1.2673660378936802e-07,4.718026284535881e-05,3.287118452988125e-08
priorregion5_spot_58,2.2844331848403955e-08,4.5144059823698516e-09,1.2276696452317992e-05,5.001045301469276e-05,3.800862687057816e-05,0.15501342415809632,0.5709846526384353,1.643934238018119e-05,7.229680272757833e-06,8.574023496521477e-07,1.4488060140482874e-09,7.002064785410767e-06,1.1830245583155375e-08,0.08924684189260006,2.2785831532701195e-07,0.038132209703326224,1.3868296400154634e-09,1.4768163225653552e-07
priorregion5_spot_59,5.4035877461444675e-08,1.1564825408427738e-08,5.523276740859728e-06,0.3503437548875809,5.838398737978424e-05,0.16345087066292763,0.0820147704333067,8.147415928760892e-06,1.0594842888167477e-05,6.338988387142309e-05,7.278095215390581e-09,0.004483839496970177,8.719114923394501e-08,4.897000690107234e-06,4.013872921859729e-06,0.12285803593695163,6.947249246991305e-08,0.03381209652870893
priorregion5_spot_60,4.1796018024342633e-08,1.4919240465260944e-08,5.531018996407511e-05,0.021610822062939405,0.00018460807550582106,0.5518322467803954,0.03515953980386257,0.00017641329759499058,2.2597066958951478e-06,9.991308161261258e-07,2.4163516632036418e-09,6.904851238687116e-06,1.606227996830967e-07,0.07498362176120281,0.00023229861108120534,1.722513621871258e-06,6.26106171353058e-08,0.23763193115592002
priorregion5_spot_61,1.3366385553936766e-08,5.929296920115235e-09,3.387815206679079e-06,5.1828728101099844e-05,2.8872870279883505e-05,0.1905403472483158,3.327900913063786e-06,3.946409719901567e-06,3.541128660344839e-06,1.4288555746588828e-06,1.0628425917147415e-09,7.25388488262979e-06,0.0001414371799910441,0.011966235470026731,4.800911625579829e-07,0.22159985452890396,1.380038427978292e-09,1.0634391216512996e-07
priorregion5_spot_62,1.9822070527197865e-07,2.064576589688727e-08,0.00012878794732387177,0.08575517497956753,0.004566032416187226,0.27116678208112716,9.711315105960238e-05,0.027820368483662605,4.4854355292045514e-05,5.910663912800374e-06,8.246412974699525e-09,1.6034715372370556e-05,1.2783019531781294e-08,0.0005068720201961696,3.031584139989718e-06,0.2884307593107224,7.940358637270607e-09,0.23331355750560762
priorregion5_spot_63,2.2839061397661454e-08,6.491806003872114e-09,7.249290683830623e-06,4.8539393719693184e-05,0.00013137329078745098,0.6742036491632462,0.1345623292028904,3.6114071917836554e-05,2.693307180834381e-06,3.9555992543682805e-06,3.5402028308872958e-09,5.522789547285356e-06,9.299008318919277e-09,0.022867991309612992,1.5918238375434158e-06,0.08220299705862999,2.6511214112900917e-09,5.082302379832982e-07
priorregion5_spot_64,8.678465164848603e-05,5.140675862769229e-09,8.641274632736896e-07,5.6888361768869794e-06,2.381312624493148e-05,0.2770398616790772,0.2862524166703224,2.559189056228206e-06,0.01104777823202312,7.873241294475975e-08,1.059258186719703e-09,1.3313830277184025e-05,1.305438783738566e-08,2.158445347788529e-07,1.0190596242409811e-07,1.431349694769324e-07,5.684519828719204e-06,2.406714285640988e-08
priorregion5_spot_65,1.926767927429296e-08,5.725393914524092e-09,6.13634554156306e-06,5.087330719106831e-05,4.37912070992752e-05,0.13792306035757065,0.1928574584424496,0.02508889250457287,9.667049380368554e-06,8.146914069584454e-06,2.0309850246036377e-09,1.4399092560779537e-05,1.5328294278305067e-08,2.8461856459216505e-06,2.9926655201961695e-06,9.081025211798988e-07,2.94768266462242e-09,0.10939572937786579
priorregion5_spot_66,1.2062661926393047e-05,5.544127357204332e-09,7.358194079642999e-06,1.637521936572739e-05,6.217715126695111e-05,0.44500544071197506,1.0448484135849868e-05,3.635345419752412e-05,6.739256023138297e-05,1.1387982340238524e-05,1.0769701885848805e-08,7.73317362927628e-06,0.00023865747934905812,0.01420637471601367,7.675166034459836e-06,0.11398914083838463,9.306999709224329e-06,4.145919660913933e-07
priorregion5_spot_67,1.5385436746839787e-08,1.5143337916967425e-08,1.0559843258306502e-05,2.054168808172108e-05,3.62014156053192e-05,6.319122803688515e-06,0.1982937939465046,0.025279530230909585,0.049047595448791975,2.1361124822760755e-06,1.7607324098722899e-09,3.7729570067313035e-06,7.669513291119757e-09,5.916277814321802e-07,3.3080745652114276e-06,8.268148320667023e-07,1.7686959286056237e-09,0.3862579569220543
priorregion5_spot_68,2.3447899355488746e-08,8.446403088058221e-09,2.1052289525869127e-06,1.9453938421065686e-05,4.4447283107729164e-05,0.11915291696786881,0.2343673102557659,3.445783056577057e-06,8.357014894500025e-06,7.583526581811384e-07,2.388105679873576e-09,1.790156102288165e-05,5.367229394259709e-09,0.0047781074186787,7.609384533679986e-06,0.0611179519444704,1.5804436426236641e-09,0.05595055855810642
priorregion5_spot_69,8.377546256710391e-09,5.488563048494655e-09,9.538857466395713e-06,2.1818161440023686e-05,3.5068059696641284e-05,0.46826135069131847,0.06145279761403799,1.8286889462615365e-05,4.70554680305213e-06,9.185317423998641e-07,1.2920047254283418e-09,1.6716117625037444e-05,4.638636621479009e-08,2.415294113689015e-06,1.494572762794633e-06,5.300223932636074e-07,4.634108985435149e-09,0.19176179617643357
priorregion5_spot_70,1.778309943745171e-07,3.9089669279235295e-08,0.08579736873507499,0.0010338577965740114,0.10165177546441555,0.19310691729187965,0.17528258115053177,0.00029350198601605374,0.03324955012649298,3.391415666555986e-05,1.2671631388627703e-08,6.508934675366619e-05,6.048805705205497e-08,4.9208079690288284e-05,0.00018167884772992692,0.2122653007507324,7.978479459325173e-08,0.18302646130323408
priorregion5_spot_71,3.6356350285871036e-08,9.429038216879349e-09,1.75605840922799e-05,4.243342718837084e-05,8.311072124342899e-05,0.23556272611021994,0.3012060821056366,0.01319666774943471,3.112399544988876e-05,3.8037980743865777e-06,2.7195665386336997e-09,2.3402324586641043e-05,1.5871829628366647e-08,3.580632289867936e-06,4.684496957452211e-06,0.11563064530491829,2.3023669304400584e-09,0.0678758915513754
priorregion5_spot_72,2.2344098660198598e-08,1.1540167932366785e-08,2.06093428460008e-05,3.1491764639213214e-05,0.00010050079436041417,0.35507368743419643,0.17279559820890428,1.427720585525094e-05,1.041456653183559e-05,0.009099369775503872,1.886979761334118e-09,0.011881538247689605,1.0411739959081957e-08,2.605794707051246e-05,8.368026283278597e-06,0.0614212604239583,2.6335298164426036e-09,0.09476850442588329
priorregion5_spot_73,2.1615482914683073e-08,7.108399602273608e-09,2.2294425707514166e-05,7.695045169384684e-05,2.7394674907554874e-05,0.4024294584989548,0.3142026513814926,2.105911535181804e-05,3.2414231441180168e-06,7.178426443488206e-07,1.7972327348569905e-09,0.00014481625839835033,8.528502437599174e-09,1.943385132108233e-06,3.79635800129563e-07,0.1678784742951393,1.467488691675456e-09,4.908455963459347e-07
priorregion5_spot_74,6.715449494265614e-08,7.482906827505076e-09,4.5860434511268984e-05,0.12253578864037991,0.02825582018122077,0.04321311600506306,0.1412381052970886,0.00017623532039579004,3.010638511113939e-05,9.034857757797e-05,5.3328744753500246e-09,0.0009523883258225397,9.480386431448551e-08,1.616652625671122e-05,7.987796743691435e-06,0.099659289047122,4.739377406082213e-08,0.058009147830307486
priorregion5_spot_75,4.812356309003008e-08,1.3467951109902288e-08,0.04970932602882386,0.04044973012059927,0.00039854343776823953,0.27047160565853123,0.10531403347849845,4.099160687474068e-05,7.214074116745906e-06,1.945458950558532e-06,3.1076183293343718e-09,1.7052963903552155e-05,1.317703128833614e-08,3.6278494349062386e-06,1.9034974911846805e-06,0.09409968256950378,2.1510646597278082e-09,0.05031056217849255
priorregion5_spot_76,6.080259655760757e-08,2.812065105217698e-08,5.9542224698816425e-05,0.00010856190892809538,0.00018310038358322346,0.5306176692247391,0.2492492564022541,0.057995480671525004,0.006375996256247163,6.043067296559457e-05,4.923187457706035e-09,0.00850570690818131,2.2677393562986485e-08,1.5668912783439737e-05,6.294042304944014e-06,0.11473499462008477,5.070241826388155e-09,0.08687445186078548
priorregion5_spot_77,3.4426247097485435e-08,7.254295320002769e-09,0.04280524980276823,1.5995748253772035e-05,3.211470375390491e-05,0.4376369297504425,1.1581962371565171e-05,0.02551256539300084,4.052954795952246e-06,1.8836416927570098e-06,6.999876262625549e-07,1.5210238473173379e-06,8.011300023369471e-09,6.663501267212268e-07,4.983812341379235e-05,4.3296750504850936e-07,2.933068043997623e-09,0.4317741587758064
priorregion5_spot_78,2.0378677376697853e-07,3.332880726958366e-08,0.023022196162492035,7.414000501739792e-05,7.085445467964746e-05,0.2893765538930893,0.10098591819405556,0.00021465029421960938,7.035876005829779e-05,2.4153482172550866e-05,2.219630825806007e-08,3.587726805562852e-05,6.628235418304485e-08,1.996917012547783e-06,5.342916051631619e-06,0.07675368078052996,8.96586653809095e-09,0.05617949888110161
priorregion5_spot_79,6.291294880611531e-06,6.827588339142211e-09,1.1892126713064502e-05,0.14772165045142174,3.3534906651766516e-05,0.282862414419651,0.23841239213943483,1.093805553864513e-05,4.642394537768268e-06,4.9724607606549405e-06,1.6343083997227837e-09,0.00010053164733108133,1.582171895719853e-08,3.121717245448963e-05,4.918248038165985e-07,0.2019837021827698,1.0393876070935448e-08,8.240902417355755e-07
priorregion5_spot_80,1.243118896709916e-08,2.966657519642979e-09,2.107702002831502e-05,0.06026796083897352,5.083514715806814e-05,0.15027530118823051,0.12732412442564964,1.8929570978798437e-05,2.8128928761361756e-06,3.120606368156587e-06,1.8493159337218407e-09,4.282178565517825e-06,6.734123192408958e-09,3.0472525395452977e-06,0.03241749107837677,3.8580947006039426e-07,2.1842267883265268e-09,0.021277055237442256
priorregion5_spot_81,3.0225041669496024e-08,5.556970927855787e-09,2.8413610607458394e-06,2.598272440081928e-05,3.156693128403276e-05,0.31960855424404144,2.017382996655215e-06,1.9614227426245637e-06,2.2225560428523753e-06,3.1304649724006596e-06,1.0460984356530644e-09,4.56634700185532e-06,9.591857130786253e-09,1.1131578276035725e-05,8.830130610704146e-07,0.106270170211792,1.7714704314553132e-09,0.09994020462036134
priorregion5_spot_82,1.5650823481649925e-08,4.953485910341726e-09,9.949449395207922e-06,0.014536028075963258,0.00018985769202117808,0.20940274745225906,1.1005399437635786e-05,5.309225230121228e-06,5.024852293900039e-06,1.408150274073705e-06,3.50234116153203e-09,0.07890598550438882,9.591738203695855e-09,0.03644939847290515,2.63335425643163e-07,0.2985245123505592,2.751387084831691e-09,4.379781213259548e-08
priorregion5_spot_83,1.0377064860733754e-07,1.7420398101819502e-08,0.0002503567622625269,6.094474083511159e-05,7.770829979563132e-05,0.14824402332305908,0.20650728046894073,0.06967116892337799,1.9405425518925767e-05,0.0015528292919043452,1.9024044783932935e-09,0.08458915129303932,7.63608383635983e-08,3.7767004300803833e-06,1.2209382703076699e-05,0.1814563825726509,2.762987949544993e-09,5.80644077672332e-06
priorregion5_spot_84,1.2772640971547845e-07,7.675634283721423e-09,0.00013611584654427134,4.6198074596759393e-05,8.906351431505754e-05,0.34323932975530624,0.1762704849243164,0.00016887318706722,1.910062755996478e-05,0.007098681805655361,2.9514251487228196e-09,2.3368550955638057e-05,3.314068965920569e-08,0.03049467783421278,4.638935024559033e-06,0.0969888001680374,2.6880985437571784e-09,0.16669451221823692
priorregion5_spot_85,8.55705064140011e-08,1.5688305543548609e-09,4.306554819777376e-06,2.2193736640474526e-05,1.9426784729148493e-05,0.6218853056430818,0.24848942533135415,3.6756329222953356e-06,4.541536600299878e-06,8.639337153226734e-07,2.114497343885802e-09,3.427495687446935e-06,2.439158719447221e-09,3.823189053946407e-05,2.0989217119904424e-07,0.08677163608372213,8.69038938033917e-10,1.6662371891129623e-07
priorregion5_spot_86,2.4744381832420006e-08,2.4856972258291424e-09,1.0330356008125819e-05,1.5541163884336127e-05,1.904773325804854e-05,0.23395816385746002,0.4899464040994644,2.2669050213153242e-05,2.7400759449847103e-06,2.151594628685416e-07,1.5131753794417336e-09,1.419777680666812e-06,1.005149181665388e-08,1.1772368964102498e-06,1.1883576611637636e-07,0.12359370514750481,7.515398720014944e-10,5.640489391112169e-08
priorregion5_spot_87,1.8422803762518922e-07,2.1545306694292777e-08,0.00037037363363197074,0.06870797909796238,0.0008728911896469072,0.0673806942999363,0.21209406182169915,7.834738134988583e-05,5.6822170336090494e-05,0.010226734587922693,3.6123666280474254e-09,3.0222702844184823e-05,2.9398061052177126e-08,0.014144225185737014,7.738634030829416e-06,0.07314583100378513,7.232961074521427e-09,0.15999903231859208
priorregion5_spot_88,6.760304458452993e-08,2.424513190213418e-09,9.0272259512858e-06,2.1710095370508498e-05,2.9183865990489725e-05,0.4204670131206512,2.3359670103673127e-05,1.3777235199086136e-05,2.378278577452875e-06,1.7692936296498378e-06,1.307472424771916e-09,4.433301160133852e-06,8.576638720114715e-05,0.04604814909398556,2.610455908325093e-07,0.1551486812531948,3.436201734263733e-09,1.2287870205796027e-07
priorregion5_spot_89,1.6255046091373516e-07,7.670806168036394e-09,1.1421229555708124e-05,0.029843179136514665,9.231488838850055e-05,0.18570419624447823,0.242115043848753,1.4393160063264078e-05,6.776841883038287e-06,7.932998471460451e-07,5.452408857742342e-09,0.011463017901405692,1.2710827768103171e-08,3.7348195110098456e-05,5.149747892119194e-07,0.18142002522945402,3.4203726517745285e-09,2.031777988520389e-07
priorregion5_spot_90,5.137387244502634e-08,5.670692670989297e-09,5.103416106067016e-06,1.6443649565189843e-05,6.870744764455595e-05,0.3171184554696083,0.3811350971460342,1.9781925311690435e-05,6.958435333217495e-05,4.582778046824387e-06,4.164283562424487e-09,3.346520988998237e-05,2.002204455493484e-05,8.760020864428952e-05,4.522745348367608e-06,2.2306969640339958e-06,6.762585780251129e-09,0.1894140712916851
priorregion5_spot_91,6.5063479048888e-09,1.819301276295704e-09,3.992659799223475e-06,4.880875644630577e-06,7.728208083790378e-06,0.12695902436971665,0.4214309051632881,2.273456993862055e-06,2.0537934915410007e-06,7.95000023146031e-08,2.8620605330154094e-10,5.136486583978694e-06,2.3352953126831725e-09,3.2196650892046817e-07,5.8545824543898567e-08,7.653003883945076e-08,2.752569949748817e-10,2.5251397417491717e-08
priorregion5_spot_92,5.964098227195791e-06,5.338687447675739e-09,1.481401873206778e-05,1.9465592777123676e-05,8.998855009849649e-05,0.1916411355137825,0.1360224924981594,3.60566580638988e-05,0.0739238977432251,0.00818733824416995,4.216836990700301e-09,6.822915820521304e-05,0.00021907049740548247,0.03163287900388241,2.316207849162311e-06,0.5501262038946151,3.469076705897578e-08,4.197063844912918e-07
priorregion5_spot_93,1.506413691565456e-08,3.945058257848188e-09,0.035147884860634804,4.713531188826891e-06,6.56279423765227e-06,0.7668326944112778,3.9059291111698254e-06,2.863267518478097e-05,0.028414872474968433,8.031625462479041e-08,8.859584482712179e-10,2.4053183892647217e-06,2.0380489296201177e-09,1.2880551878424742e-07,9.806035912163225e-08,2.6393100824861906e-07,8.468037937525708e-10,2.1832773366980973e-08
priorregion5_spot_94,3.4031560147695926e-08,6.122287055099208e-09,4.881656041106908e-05,0.21989917308092116,3.778229602175997e-05,0.3431696966290474,0.2574948489665985,1.055200191331096e-05,5.183867483538052e-06,2.5669574341691256e-07,5.4845886499066415e-09,7.091569059411996e-05,8.713426336015573e-09,4.190458639641293e-07,1.4217992614362634e-07,1.9242934925500777e-07,2.2397650734085067e-09,1.7714217008801823e-07
priorregion5_spot_95,2.658036336811165e-07,4.295783839758372e-09,7.770463844281039e-06,2.109858596668346e-05,4.165059635852231e-05,0.16959361582994462,0.16225095763802527,9.845735348790186e-06,5.5083833558455815e-06,5.344197973045085e-07,1.6622548726363819e-09,1.2951493590662722e-05,1.0518374216061945e-08,0.04344458281993866,5.454750322542168e-07,0.4340074449777603,2.9115439947879913e-09,2.189260101204127e-07
priorregion5_spot_96,8.778804243547712e-08,1.06939464394884e-08,9.464402501180302e-06,0.04995928648859263,0.0002260538938571699,0.7397356510162354,1.3913889824834769e-05,0.0001539618431706913,7.799737568348064e-06,5.141620164295091e-07,2.4385954944250445e-08,0.0320305272936821,3.7837250843608675e-08,3.1314373245550087e-06,2.2221090674179324e-07,1.3819670186876466e-06,6.139834463070316e-09,3.5601850356670184e-07
priorregion5_spot_97,2.4494067574210023e-08,5.029957494961934e-09,1.4263435241446132e-05,0.00011250773022766226,3.044582981601707e-05,0.22393712028861046,8.031510424189038e-06,4.336121560299944e-06,6.945049995010777e-06,0.012650072947144509,2.433882251295927e-09,0.04421487711369992,2.8969925125466035e-09,0.004216388310305775,3.0858819002332897e-07,0.4735904857516289,2.4585706137614245e-09,3.4343210160159287e-07
priorregion5_spot_98,4.236548107883209e-08,6.1620777147553e-09,5.202705506235361e-05,0.013848396018147469,0.031412745080888274,0.24460651427507402,0.2344809912145138,0.1061459120362997,1.6849254461703825e-05,4.7464319266055097e-07,4.921437146698793e-09,9.90820895822253e-05,1.6070749797592046e-08,1.0877397471631411e-05,5.376350088681647e-07,1.6259424057807337e-06,4.178414547695298e-09,2.994131392597411e-07
priorregion5_spot_99,4.731923706202679e-08,2.0775510645165702e-09,8.5978394781705e-05,9.859827114269138e-05,0.0005559784942306579,0.4958493158221245,0.1958481512963772,2.5070495939871766e-05,2.1374422658482217e-06,6.769703941245098e-06,2.9889738129007525e-09,9.196044402415282e-07,1.7487819459205412e-08,1.069472546078032e-06,1.4059354612072638e-06,2.5641660386099827e-07,1.3597131809373054e-09,0.13743321225047112
priorregion5_spot_100,9.211411438059258e-08,3.079747070700023e-08,5.5344898464682045e-05,0.11448279172182083,0.06554930359125137,0.4200236275792122,0.12557796612381936,2.479153617969132e-05,1.652102755542728e-05,3.5743561284107277e-06,8.862861777814146e-09,0.06957829855382441,3.333574714048382e-08,0.012132594361901283,2.618204041482386e-06,2.122857415542967e-06,9.776498943736556e-09,0.09883339330554008
priorregion5_spot_101,4.2666689203940676e-08,1.5912487061342517e-08,2.9082188120810315e-05,0.00010747749329311773,9.475556726101786e-05,0.19939051270484923,0.2827934786677361,2.2788036403653678e-05,2.365935606576386e-05,2.799027777200536e-06,4.276951215409497e-09,8.88182535163651e-06,1.0521517435080341e-08,0.007163440668955445,8.365866688109237e-06,0.012513218400999903,3.6562289640329487e-09,0.10141805298626422
priorregion5_spot_102,1.2397307358469336e-08,3.938146297954859e-09,4.139377551837242e-06,7.622432508469501e-06,7.589006963826251e-06,5.372642044676468e-06,3.7119097896720637e-06,2.0724939076899318e-05,0.011112684849649668,0.00729112767148763,7.608918412005395e-10,4.647775563171308e-06,3.8203704555428436e-08,0.00045984329481143507,4.5511307291690176e-07,0.39143001586198806,2.274246497790955e-08,1.1337744787454085e-07
priorregion5_spot_103,5.098781308277013e-09,1.363047728020206e-08,3.163211977152969e-06,9.957788233805332e-06,1.5778179658809677e-05,0.24457859620451927,0.26927975118160247,3.0045352104934863e-06,2.7441638167147175e-06,6.150646498781498e-07,1.910601699073311e-09,3.949409551751159e-06,5.492980026389204e-09,0.0018412320350762457,2.703007950799474e-07,0.01151866693980992,1.0800105532116078e-09,1.783785400277793e-07
priorregion5_spot_104,2.6300125899325622e-08,6.133607115543783e-08,3.706185852934141e-05,7.143047469071462e-06,1.2286005903661134e-05,0.25821970850229264,0.3636785686016083,0.030796128697693347,2.57193915786047e-05,1.3465894497244337e-07,1.3519847297249756e-09,1.7891529478220036e-05,1.1781289233070425e-08,8.023097052500817e-07,2.448300001844928e-07,1.8581538512307817e-07,7.139821761592558e-10,6.486772399227903e-08
priorregion5_spot_105,5.237698363913524e-08,4.904374484304697e-09,6.642736911999237e-06,2.377690352659556e-05,5.796901186840842e-05,0.07408487722277642,0.2778099298477173,9.170845114567783e-05,0.029405496176332237,1.7179110898268848e-06,1.7688635722823423e-09,3.2047802278611925e-06,1.211192013350626e-08,0.018228475376963614,1.9837707228020917e-07,0.19082688093185426,2.177827362892515e-09,1.355146650894312e-07
priorregion5_spot_106,9.290577835940896e-08,4.830402744460118e-09,3.914698436346953e-06,5.0248558909515854e-05,0.00016344765535905028,2.80279907201475e-05,0.11243429854512216,7.421263626383734e-06,9.81789253273746e-06,2.4566837851125458e-06,2.482085448285432e-09,2.4288383247039747e-05,7.945871089987122e-08,0.049353651329874994,1.4645221745013259e-05,0.31673160940408707,3.954084570878536e-09,0.1794949471950531
priorregion5_spot_107,6.726391355016403e-08,1.4611178666967818e-08,1.3588605497716346e-05,0.11174898147583007,0.00013737456756643951,0.13002629950642586,0.3169250085949898,0.029289780464023352,0.06593828164041042,3.6259328055621155e-07,4.630775785052777e-09,0.0011714548454619944,1.757401140167758e-08,1.9125939502373513e-06,1.0087711643791408e-06,1.5292640796360501e-06,7.079338648630085e-09,2.719433439324348e-07
priorregion5_spot_108,2.408272621323704e-08,2.2864486082241345e-09,1.1797224487963833e-05,0.00018187556051998401,1.9765127399296033e-05,0.5400288939476013,0.02639391692355275,8.342475257450133e-06,2.3386957423099376e-06,8.13315196523945e-07,1.2829101503353257e-09,2.0383289097480883e-06,6.888313297537252e-09,1.2071171454408613e-06,3.204286315394711e-07,1.0369569054091699e-06,7.296158788250296e-10,0.32547750920057295
priorregion5_spot_109,3.399092687317307e-08,6.44563300511436e-08,0.004753492237068713,0.007093617366626859,0.0003297810835647397,0.1200472418218851,0.27799050658941266,6.358579157677014e-05,4.3952345322395555e-06,0.014362537954002618,3.2996674281804417e-09,4.533798187367211e-06,1.622702381354202e-08,1.2951492408319611e-05,1.970479661395075e-06,0.03009087210521102,2.831579770656845e-09,0.1149379525333643
priorregion5_spot_110,4.392831982613643e-08,9.37093420638746e-09,1.0942482958853361e-05,0.02615842930972576,1.8306932088307803e-05,0.6863283663988113,0.2806898221373558,1.8853836820653669e-06,4.8337888301830384e-06,9.18879603517553e-08,4.265885422682914e-09,4.393171684569098e-06,1.35373714460485e-08,8.515968147548847e-07,4.7320287421825927e-08,2.7796256034662293e-07,1.873667687668501e-09,4.7870651798120894e-08
priorregion5_spot_111,5.01822663423468e-08,5.814981807183983e-09,0.010213443543761969,3.252128681197064e-05,4.7384506251546556e-05,0.13383223488926888,0.00016658026142977176,6.167835981614189e-05,7.786167179801852e-06,3.9687919411335325e-06,2.2362702765121866e-07,8.357154547411482e-06,1.0968453167947702e-08,2.2127800775706417e-06,3.4810383453987017e-06,0.37309300750494007,1.7866229440333114e-09,0.17577982395887376
priorregion5_spot_112,1.213991427384542e-08,7.4039871567066486e-09,3.965227347180189e-06,3.0131757648632627e-05,0.0001938386805704795,3.0412665000767448e-05,0.3132274106144905,4.954962923875428e-06,0.026500600297003983,1.6407011116825746e-06,8.803539675028562e-09,0.00012633217702386903,9.21166991574296e-09,0.0009382389835081995,2.0532599833700263e-07,0.23804817870259284,1.5738455982905464e-09,1.3620505185940603e-07
priorregion5_spot_113,7.183838519608799e-08,7.182446926101705e-09,2.2538818757311675e-05,2.3724841685179858e-05,4.786709268955747e-05,0.01182044674642384,0.47163301706314087,0.056258746050298215,1.2070688308085665e-05,0.0029673983110114935,1.8279809110843815e-09,3.478215876384638e-05,5.572667971520673e-09,6.629397989854625e-06,1.5578769193780318e-06,0.3038524091243744,1.523722514829018e-09,1.7504356009112598e-07
priorregion5_spot_114,1.7926780060406603e-08,1.0452417154027672e-09,2.812659113260452e-06,1.5935002375044862e-05,7.137496904761064e-05,0.498735460639,0.25020892769098285,3.0821444056527983e-06,2.4340291656699267e-05,1.3764117170467217e-07,2.2409249345045626e-09,0.03195804972201586,4.258701835624379e-09,1.5860046289617458e-06,5.4695622786482546e-08,2.206323436837465e-07,1.8909661003707615e-09,4.126938986104279e-08
priorregion5_spot_115,2.7815945013998088e-08,2.0824653645945547e-08,9.626219070923981e-06,1.1590561507546229e-05,5.461028831632576e-05,0.17594131007790564,0.08016593232750892,1.5653542413929243e-05,0.08783848136663437,1.1494956481783448e-06,2.3440976019628585e-05,4.638994823835675e-06,7.892676840981494e-08,0.023795321024954318,3.7084479771465344e-07,0.29353170096874237,2.102411900128942e-09,2.2740444762803236e-07
priorregion5_spot_116,5.8425103333092926e-08,7.5842667923709e-09,1.2676433834712951e-05,4.0821099537424745e-05,0.00019528030970832332,0.23741145581007003,0.08656907826662064,3.3325588265142866e-05,6.694573403365212e-06,2.4763434794294882e-06,1.5778793993614926e-09,6.583264030268765e-06,2.2879733840852622e-08,0.046698780916631225,0.03995137605816126,0.09484815932810306,3.1937148925464956e-09,0.3530738666653633
priorregion5_spot_117,1.1385188436463523e-07,5.302318953681606e-07,1.3500068325811298e-05,0.0016128374205436557,0.012307408079504967,0.5449889302253723,9.561457300151232e-05,6.423810409614817e-05,5.910253676120192e-05,2.258394260934438e-06,3.8824704944318e-07,0.04697295352816582,3.480872923233847e-08,0.00014458357691182755,1.5435243494721365e-05,0.10747083760797978,3.084286763765931e-08,0.15900000706315043
priorregion5_spot_118,1.3696313885702695e-06,4.941076281461676e-09,5.420665693236515e-05,0.045238892547786236,0.00016380352972191758,0.48660351037979127,1.7268109695578458e-05,2.018092427533702e-05,2.299943107573199e-05,3.095412030234002e-05,2.393129816535833e-09,0.02157932361587882,2.5111766710494977e-08,5.163047740097682e-06,7.773730231974696e-07,0.40805253535509106,6.586435596922514e-09,2.0795820660168834e-06
